valid_kst,city,lead_h,method,fcst,obs,step_h,ae
2026-08-13 21:00:00,서울,6,나우캐스트,64.2073745727539,30.0,6,34.207374572753906
2026-08-13 21:00:00,서울,6,ECMWF,16.0,30.0,0,14.0
2026-08-13 21:00:00,대전,6,나우캐스트,57.16519165039063,70.0,6,12.834808349609377
2026-08-13 21:00:00,대전,6,ECMWF,27.0,70.0,0,43.0
2026-08-13 21:00:00,대구,6,나우캐스트,87.35736083984375,90.0,6,2.64263916015625
2026-08-13 21:00:00,대구,6,ECMWF,84.0,90.0,0,6.0
2026-08-13 21:00:00,광주,6,나우캐스트,72.79523468017578,70.0,6,2.795234680175781
2026-08-13 21:00:00,광주,6,ECMWF,41.0,70.0,0,29.0
2026-08-13 21:00:00,부산,6,나우캐스트,77.15264892578125,90.0,6,12.84735107421875
2026-08-13 21:00:00,부산,6,ECMWF,86.0,90.0,0,4.0
2026-08-13 21:00:00,인천,6,나우캐스트,64.02188110351562,60.0,6,4.021881103515625
2026-08-13 21:00:00,인천,6,ECMWF,21.0,60.0,0,39.0
2026-08-13 21:00:00,수원,6,나우캐스트,57.56102752685547,50.0,6,7.561027526855469
2026-08-13 21:00:00,수원,6,ECMWF,16.0,50.0,0,34.0
2026-08-13 21:00:00,전주,6,나우캐스트,62.89492034912109,70.0,6,7.105079650878906
2026-08-13 21:00:00,전주,6,ECMWF,39.0,70.0,0,31.0
2026-08-13 21:00:00,강릉,6,나우캐스트,80.2462158203125,100.0,6,19.7537841796875
2026-08-13 21:00:00,강릉,6,ECMWF,100.0,100.0,0,0.0
2026-08-13 21:00:00,제주,6,나우캐스트,73.66393280029297,80.0,6,6.336067199707031
2026-08-13 21:00:00,제주,6,ECMWF,89.0,80.0,0,9.0
2026-08-13 21:00:00,서울,5,나우캐스트,29.1062126159668,30.0,5,0.8937873840332031
2026-08-13 21:00:00,서울,5,ECMWF,16.0,30.0,0,14.0
2026-08-13 21:00:00,대전,5,나우캐스트,31.417993545532227,70.0,5,38.58200645446777
2026-08-13 21:00:00,대전,5,ECMWF,27.0,70.0,0,43.0
2026-08-13 21:00:00,대구,5,나우캐스트,66.19638061523438,90.0,5,23.803619384765625
2026-08-13 21:00:00,대구,5,ECMWF,84.0,90.0,0,6.0
2026-08-13 21:00:00,광주,5,나우캐스트,63.77696990966797,70.0,5,6.223030090332031
2026-08-13 21:00:00,광주,5,ECMWF,41.0,70.0,0,29.0
2026-08-13 21:00:00,부산,5,나우캐스트,63.07519912719727,90.0,5,26.92480087280273
2026-08-13 21:00:00,부산,5,ECMWF,86.0,90.0,0,4.0
2026-08-13 21:00:00,인천,5,나우캐스트,16.15395164489746,60.0,5,43.84604835510254
2026-08-13 21:00:00,인천,5,ECMWF,21.0,60.0,0,39.0
2026-08-13 21:00:00,수원,5,나우캐스트,18.847795486450195,50.0,5,31.152204513549805
2026-08-13 21:00:00,수원,5,ECMWF,16.0,50.0,0,34.0
2026-08-13 21:00:00,전주,5,나우캐스트,40.10321807861328,70.0,5,29.89678192138672
2026-08-13 21:00:00,전주,5,ECMWF,39.0,70.0,0,31.0
2026-08-13 21:00:00,강릉,5,나우캐스트,83.42564392089844,100.0,5,16.574356079101562
2026-08-13 21:00:00,강릉,5,ECMWF,100.0,100.0,0,0.0
2026-08-13 21:00:00,제주,5,나우캐스트,67.97703552246094,80.0,5,12.022964477539062
2026-08-13 21:00:00,제주,5,ECMWF,89.0,80.0,0,9.0
2026-08-13 21:00:00,서울,4,나우캐스트,49.14595031738281,30.0,4,19.14595031738281
2026-08-13 21:00:00,서울,4,ECMWF,16.0,30.0,0,14.0
2026-08-13 21:00:00,대전,4,나우캐스트,30.584688186645508,70.0,4,39.41531181335449
2026-08-13 21:00:00,대전,4,ECMWF,27.0,70.0,0,43.0
2026-08-13 21:00:00,대구,4,나우캐스트,70.2558364868164,90.0,4,19.744163513183597
2026-08-13 21:00:00,대구,4,ECMWF,84.0,90.0,0,6.0
2026-08-13 21:00:00,광주,4,나우캐스트,68.06700134277344,70.0,4,1.9329986572265625
2026-08-13 21:00:00,광주,4,ECMWF,41.0,70.0,0,29.0
2026-08-13 21:00:00,부산,4,나우캐스트,51.41472625732422,90.0,4,38.58527374267578
2026-08-13 21:00:00,부산,4,ECMWF,86.0,90.0,0,4.0
2026-08-13 21:00:00,인천,4,나우캐스트,41.9760627746582,60.0,4,18.0239372253418
2026-08-13 21:00:00,인천,4,ECMWF,21.0,60.0,0,39.0
2026-08-13 21:00:00,수원,4,나우캐스트,28.41318893432617,50.0,4,21.586811065673828
2026-08-13 21:00:00,수원,4,ECMWF,16.0,50.0,0,34.0
2026-08-13 21:00:00,전주,4,나우캐스트,45.09389114379883,70.0,4,24.90610885620117
2026-08-13 21:00:00,전주,4,ECMWF,39.0,70.0,0,31.0
2026-08-13 21:00:00,강릉,4,나우캐스트,81.8122787475586,100.0,4,18.187721252441406
2026-08-13 21:00:00,강릉,4,ECMWF,100.0,100.0,0,0.0
2026-08-13 21:00:00,제주,4,나우캐스트,38.13865280151367,80.0,4,41.86134719848633
2026-08-13 21:00:00,제주,4,ECMWF,89.0,80.0,0,9.0
2026-08-13 21:00:00,서울,3,나우캐스트,55.82389450073242,30.0,3,25.823894500732425
2026-08-13 21:00:00,서울,3,ECMWF,16.0,30.0,0,14.0
2026-08-13 21:00:00,대전,3,나우캐스트,40.674163818359375,70.0,3,29.325836181640625
2026-08-13 21:00:00,대전,3,ECMWF,27.0,70.0,0,43.0
2026-08-13 21:00:00,대구,3,나우캐스트,72.74983215332031,90.0,3,17.250167846679688
2026-08-13 21:00:00,대구,3,ECMWF,84.0,90.0,0,6.0
2026-08-13 21:00:00,광주,3,나우캐스트,82.08155059814453,70.0,3,12.081550598144531
2026-08-13 21:00:00,광주,3,ECMWF,41.0,70.0,0,29.0
2026-08-13 21:00:00,부산,3,나우캐스트,63.04510498046875,90.0,3,26.95489501953125
2026-08-13 21:00:00,부산,3,ECMWF,86.0,90.0,0,4.0
2026-08-13 21:00:00,인천,3,나우캐스트,48.44191360473633,60.0,3,11.558086395263672
2026-08-13 21:00:00,인천,3,ECMWF,21.0,60.0,0,39.0
2026-08-13 21:00:00,수원,3,나우캐스트,43.2984504699707,50.0,3,6.701549530029297
2026-08-13 21:00:00,수원,3,ECMWF,16.0,50.0,0,34.0
2026-08-13 21:00:00,전주,3,나우캐스트,65.38053131103516,70.0,3,4.619468688964844
2026-08-13 21:00:00,전주,3,ECMWF,39.0,70.0,0,31.0
2026-08-13 21:00:00,강릉,3,나우캐스트,81.82736206054688,100.0,3,18.172637939453125
2026-08-13 21:00:00,강릉,3,ECMWF,100.0,100.0,0,0.0
2026-08-13 21:00:00,제주,3,나우캐스트,56.90694427490234,80.0,3,23.093055725097656
2026-08-13 21:00:00,제주,3,ECMWF,89.0,80.0,0,9.0
2026-08-14 00:00:00,서울,6,나우캐스트,13.986297607421877,60.0,6,46.013702392578125
2026-08-14 00:00:00,서울,6,ECMWF,12.0,60.0,3,48.0
2026-08-14 00:00:00,대전,6,나우캐스트,19.24561882019043,30.0,6,10.75438117980957
2026-08-14 00:00:00,대전,6,ECMWF,4.0,30.0,3,26.0
2026-08-14 00:00:00,대구,6,나우캐스트,67.12068939208984,70.0,6,2.879310607910156
2026-08-14 00:00:00,대구,6,ECMWF,8.0,70.0,3,62.0
2026-08-14 00:00:00,광주,6,나우캐스트,60.47832489013672,100.0,6,39.52167510986328
2026-08-14 00:00:00,광주,6,ECMWF,34.0,100.0,3,66.0
2026-08-14 00:00:00,부산,6,나우캐스트,21.415672302246094,20.0,6,1.4156723022460938
2026-08-14 00:00:00,부산,6,ECMWF,3.0,20.0,3,17.0
2026-08-14 00:00:00,인천,6,나우캐스트,14.439170837402344,30.0,6,15.560829162597656
2026-08-14 00:00:00,인천,6,ECMWF,73.0,30.0,3,43.0
2026-08-14 00:00:00,수원,6,나우캐스트,10.562908172607422,50.0,6,39.43709182739258
2026-08-14 00:00:00,수원,6,ECMWF,13.0,50.0,3,37.0
2026-08-14 00:00:00,전주,6,나우캐스트,38.77262878417969,60.0,6,21.227371215820312
2026-08-14 00:00:00,전주,6,ECMWF,38.0,60.0,3,22.0
2026-08-14 00:00:00,강릉,6,나우캐스트,79.47605895996094,100.0,6,20.523941040039062
2026-08-14 00:00:00,강릉,6,ECMWF,100.0,100.0,3,0.0
2026-08-14 00:00:00,제주,6,나우캐스트,61.75338363647461,70.0,6,8.24661636352539
2026-08-14 00:00:00,제주,6,ECMWF,38.0,70.0,3,32.0
2026-08-13 21:00:00,서울,2,나우캐스트,52.30492401123047,30.0,2,22.30492401123047
2026-08-13 21:00:00,서울,2,ECMWF,16.0,30.0,0,14.0
2026-08-13 21:00:00,대전,2,나우캐스트,44.961158752441406,70.0,2,25.038841247558597
2026-08-13 21:00:00,대전,2,ECMWF,27.0,70.0,0,43.0
2026-08-13 21:00:00,대구,2,나우캐스트,71.02103424072266,90.0,2,18.978965759277344
2026-08-13 21:00:00,대구,2,ECMWF,84.0,90.0,0,6.0
2026-08-13 21:00:00,광주,2,나우캐스트,72.50489807128906,70.0,2,2.5048980712890625
2026-08-13 21:00:00,광주,2,ECMWF,41.0,70.0,0,29.0
2026-08-13 21:00:00,부산,2,나우캐스트,65.69990539550781,90.0,2,24.300094604492188
2026-08-13 21:00:00,부산,2,ECMWF,86.0,90.0,0,4.0
2026-08-13 21:00:00,인천,2,나우캐스트,44.73191452026367,60.0,2,15.268085479736328
2026-08-13 21:00:00,인천,2,ECMWF,21.0,60.0,0,39.0
2026-08-13 21:00:00,수원,2,나우캐스트,45.17692184448242,50.0,2,4.823078155517578
2026-08-13 21:00:00,수원,2,ECMWF,16.0,50.0,0,34.0
2026-08-13 21:00:00,전주,2,나우캐스트,59.13222503662109,70.0,2,10.867774963378906
2026-08-13 21:00:00,전주,2,ECMWF,39.0,70.0,0,31.0
2026-08-13 21:00:00,강릉,2,나우캐스트,84.10556030273438,100.0,2,15.894439697265623
2026-08-13 21:00:00,강릉,2,ECMWF,100.0,100.0,0,0.0
2026-08-13 21:00:00,제주,2,나우캐스트,61.36033630371094,80.0,2,18.639663696289062
2026-08-13 21:00:00,제주,2,ECMWF,89.0,80.0,0,9.0
2026-08-14 00:00:00,서울,5,나우캐스트,56.81486511230469,60.0,5,3.1851348876953125
2026-08-14 00:00:00,서울,5,ECMWF,12.0,60.0,3,48.0
2026-08-14 00:00:00,대전,5,나우캐스트,17.28533172607422,30.0,5,12.71466827392578
2026-08-14 00:00:00,대전,5,ECMWF,4.0,30.0,3,26.0
2026-08-14 00:00:00,대구,5,나우캐스트,46.50011444091797,70.0,5,23.49988555908203
2026-08-14 00:00:00,대구,5,ECMWF,8.0,70.0,3,62.0
2026-08-14 00:00:00,광주,5,나우캐스트,65.88319396972656,100.0,5,34.11680603027344
2026-08-14 00:00:00,광주,5,ECMWF,34.0,100.0,3,66.0
2026-08-14 00:00:00,부산,5,나우캐스트,57.19888305664063,20.0,5,37.19888305664063
2026-08-14 00:00:00,부산,5,ECMWF,3.0,20.0,3,17.0
2026-08-14 00:00:00,인천,5,나우캐스트,52.0747299194336,30.0,5,22.074729919433597
2026-08-14 00:00:00,인천,5,ECMWF,73.0,30.0,3,43.0
2026-08-14 00:00:00,수원,5,나우캐스트,48.15093994140625,50.0,5,1.84906005859375
2026-08-14 00:00:00,수원,5,ECMWF,13.0,50.0,3,37.0
2026-08-14 00:00:00,전주,5,나우캐스트,35.00688552856445,60.0,5,24.993114471435547
2026-08-14 00:00:00,전주,5,ECMWF,38.0,60.0,3,22.0
2026-08-14 00:00:00,강릉,5,나우캐스트,79.92098236083984,100.0,5,20.07901763916016
2026-08-14 00:00:00,강릉,5,ECMWF,100.0,100.0,3,0.0
2026-08-14 00:00:00,제주,5,나우캐스트,62.352664947509766,70.0,5,7.647335052490234
2026-08-14 00:00:00,제주,5,ECMWF,38.0,70.0,3,32.0
2026-08-13 21:00:00,서울,1,나우캐스트,20.71316909790039,30.0,1,9.28683090209961
2026-08-13 21:00:00,서울,1,ECMWF,16.0,30.0,0,14.0
2026-08-13 21:00:00,대전,1,나우캐스트,26.81281852722168,70.0,1,43.18718147277832
2026-08-13 21:00:00,대전,1,ECMWF,27.0,70.0,0,43.0
2026-08-13 21:00:00,대구,1,나우캐스트,75.58904266357422,90.0,1,14.41095733642578
2026-08-13 21:00:00,대구,1,ECMWF,84.0,90.0,0,6.0
2026-08-13 21:00:00,광주,1,나우캐스트,67.1038589477539,70.0,1,2.8961410522460938
2026-08-13 21:00:00,광주,1,ECMWF,41.0,70.0,0,29.0
2026-08-13 21:00:00,부산,1,나우캐스트,59.860313415527344,90.0,1,30.139686584472656
2026-08-13 21:00:00,부산,1,ECMWF,86.0,90.0,0,4.0
2026-08-13 21:00:00,인천,1,나우캐스트,26.485485076904297,60.0,1,33.5145149230957
2026-08-13 21:00:00,인천,1,ECMWF,21.0,60.0,0,39.0
2026-08-13 21:00:00,수원,1,나우캐스트,24.966907501220703,50.0,1,25.033092498779297
2026-08-13 21:00:00,수원,1,ECMWF,16.0,50.0,0,34.0
2026-08-13 21:00:00,전주,1,나우캐스트,59.55461883544922,70.0,1,10.44538116455078
2026-08-13 21:00:00,전주,1,ECMWF,39.0,70.0,0,31.0
2026-08-13 21:00:00,강릉,1,나우캐스트,86.61164093017578,100.0,1,13.38835906982422
2026-08-13 21:00:00,강릉,1,ECMWF,100.0,100.0,0,0.0
2026-08-13 21:00:00,제주,1,나우캐스트,47.120361328125,80.0,1,32.879638671875
2026-08-13 21:00:00,제주,1,ECMWF,89.0,80.0,0,9.0
2026-08-14 00:00:00,서울,4,나우캐스트,49.33771133422852,60.0,4,10.662288665771484
2026-08-14 00:00:00,서울,4,ECMWF,12.0,60.0,3,48.0
2026-08-14 00:00:00,대전,4,나우캐스트,31.83014488220215,30.0,4,1.8301448822021484
2026-08-14 00:00:00,대전,4,ECMWF,4.0,30.0,3,26.0
2026-08-14 00:00:00,대구,4,나우캐스트,25.039352416992188,70.0,4,44.96064758300781
2026-08-14 00:00:00,대구,4,ECMWF,8.0,70.0,3,62.0
2026-08-14 00:00:00,광주,4,나우캐스트,71.01107025146484,100.0,4,28.98892974853516
2026-08-14 00:00:00,광주,4,ECMWF,34.0,100.0,3,66.0
2026-08-14 00:00:00,부산,4,나우캐스트,46.76390075683594,20.0,4,26.763900756835938
2026-08-14 00:00:00,부산,4,ECMWF,3.0,20.0,3,17.0
2026-08-14 00:00:00,인천,4,나우캐스트,47.33821105957031,30.0,4,17.338211059570312
2026-08-14 00:00:00,인천,4,ECMWF,73.0,30.0,3,43.0
2026-08-14 00:00:00,수원,4,나우캐스트,32.21107864379883,50.0,4,17.788921356201172
2026-08-14 00:00:00,수원,4,ECMWF,13.0,50.0,3,37.0
2026-08-14 00:00:00,전주,4,나우캐스트,58.88410568237305,60.0,4,1.1158943176269531
2026-08-14 00:00:00,전주,4,ECMWF,38.0,60.0,3,22.0
2026-08-14 00:00:00,강릉,4,나우캐스트,85.14128875732422,100.0,4,14.85871124267578
2026-08-14 00:00:00,강릉,4,ECMWF,100.0,100.0,3,0.0
2026-08-14 00:00:00,제주,4,나우캐스트,67.56217956542969,70.0,4,2.4378204345703125
2026-08-14 00:00:00,제주,4,ECMWF,38.0,70.0,3,32.0
2026-08-14 00:00:00,서울,3,나우캐스트,22.536354064941406,60.0,3,37.463645935058594
2026-08-14 00:00:00,서울,3,ECMWF,12.0,60.0,3,48.0
2026-08-14 00:00:00,대전,3,나우캐스트,42.077674865722656,30.0,3,12.077674865722656
2026-08-14 00:00:00,대전,3,ECMWF,4.0,30.0,3,26.0
2026-08-14 00:00:00,대구,3,나우캐스트,43.65650177001953,70.0,3,26.34349822998047
2026-08-14 00:00:00,대구,3,ECMWF,8.0,70.0,3,62.0
2026-08-14 00:00:00,광주,3,나우캐스트,68.10350036621094,100.0,3,31.896499633789062
2026-08-14 00:00:00,광주,3,ECMWF,34.0,100.0,3,66.0
2026-08-14 00:00:00,부산,3,나우캐스트,39.13283920288086,20.0,3,19.13283920288086
2026-08-14 00:00:00,부산,3,ECMWF,3.0,20.0,3,17.0
2026-08-14 00:00:00,인천,3,나우캐스트,18.707918167114254,30.0,3,11.292081832885742
2026-08-14 00:00:00,인천,3,ECMWF,73.0,30.0,3,43.0
2026-08-14 00:00:00,수원,3,나우캐스트,19.231834411621094,50.0,3,30.768165588378903
2026-08-14 00:00:00,수원,3,ECMWF,13.0,50.0,3,37.0
2026-08-14 00:00:00,전주,3,나우캐스트,65.08031463623047,60.0,3,5.080314636230469
2026-08-14 00:00:00,전주,3,ECMWF,38.0,60.0,3,22.0
2026-08-14 00:00:00,강릉,3,나우캐스트,91.18772888183594,100.0,3,8.812271118164062
2026-08-14 00:00:00,강릉,3,ECMWF,100.0,100.0,3,0.0
2026-08-14 00:00:00,제주,3,나우캐스트,66.25691223144531,70.0,3,3.743087768554688
2026-08-14 00:00:00,제주,3,ECMWF,38.0,70.0,3,32.0
2026-08-14 03:00:00,서울,6,나우캐스트,62.5953369140625,80.0,6,17.4046630859375
2026-08-14 03:00:00,서울,6,ECMWF,98.0,80.0,6,18.0
2026-08-14 03:00:00,서울,6,GFS,88.0,80.0,0,8.0
2026-08-14 03:00:00,대전,6,나우캐스트,66.78535461425781,50.0,6,16.785354614257812
2026-08-14 03:00:00,대전,6,ECMWF,43.0,50.0,6,7.0
2026-08-14 03:00:00,대전,6,GFS,23.0,50.0,0,27.0
2026-08-14 03:00:00,대구,6,나우캐스트,16.593067169189453,30.0,6,13.406932830810549
2026-08-14 03:00:00,대구,6,ECMWF,10.0,30.0,6,20.0
2026-08-14 03:00:00,대구,6,GFS,100.0,30.0,0,70.0
2026-08-14 03:00:00,광주,6,나우캐스트,73.70111083984375,70.0,6,3.70111083984375
2026-08-14 03:00:00,광주,6,ECMWF,28.0,70.0,6,42.0
2026-08-14 03:00:00,광주,6,GFS,82.0,70.0,0,12.0
2026-08-14 03:00:00,부산,6,나우캐스트,20.39755249023437,20.0,6,0.397552490234375
2026-08-14 03:00:00,부산,6,ECMWF,68.0,20.0,6,48.0
2026-08-14 03:00:00,부산,6,GFS,70.0,20.0,0,50.0
2026-08-14 03:00:00,인천,6,나우캐스트,54.73881149291992,100.0,6,45.26118850708008
2026-08-14 03:00:00,인천,6,ECMWF,66.0,100.0,6,34.0
2026-08-14 03:00:00,인천,6,GFS,94.0,100.0,0,6.0
2026-08-14 03:00:00,수원,6,나우캐스트,59.97341537475586,70.0,6,10.02658462524414
2026-08-14 03:00:00,수원,6,ECMWF,77.0,70.0,6,7.0
2026-08-14 03:00:00,수원,6,GFS,60.0,70.0,0,10.0
2026-08-14 03:00:00,전주,6,나우캐스트,76.05703735351562,30.0,6,46.057037353515625
2026-08-14 03:00:00,전주,6,ECMWF,47.0,30.0,6,17.0
2026-08-14 03:00:00,전주,6,GFS,6.0,30.0,0,24.0
2026-08-14 03:00:00,강릉,6,나우캐스트,89.62217712402344,70.0,6,19.62217712402344
2026-08-14 03:00:00,강릉,6,ECMWF,100.0,70.0,6,30.0
2026-08-14 03:00:00,강릉,6,GFS,100.0,70.0,0,30.0
2026-08-14 03:00:00,제주,6,나우캐스트,62.48725128173828,80.0,6,17.51274871826172
2026-08-14 03:00:00,제주,6,ECMWF,98.0,80.0,6,18.0
2026-08-14 03:00:00,제주,6,GFS,100.0,80.0,0,20.0
2026-08-14 00:00:00,서울,2,나우캐스트,10.214927673339844,60.0,2,49.78507232666016
2026-08-14 00:00:00,서울,2,ECMWF,12.0,60.0,3,48.0
2026-08-14 00:00:00,대전,2,나우캐스트,6.783292293548584,30.0,2,23.216707706451416
2026-08-14 00:00:00,대전,2,ECMWF,4.0,30.0,3,26.0
2026-08-14 00:00:00,대구,2,나우캐스트,30.693845748901367,70.0,2,39.30615425109863
2026-08-14 00:00:00,대구,2,ECMWF,8.0,70.0,3,62.0
2026-08-14 00:00:00,광주,2,나우캐스트,77.49472045898438,100.0,2,22.505279541015625
2026-08-14 00:00:00,광주,2,ECMWF,34.0,100.0,3,66.0
2026-08-14 00:00:00,부산,2,나우캐스트,30.833484649658203,20.0,2,10.833484649658203
2026-08-14 00:00:00,부산,2,ECMWF,3.0,20.0,3,17.0
2026-08-14 00:00:00,인천,2,나우캐스트,7.702747344970703,30.0,2,22.297252655029297
2026-08-14 00:00:00,인천,2,ECMWF,73.0,30.0,3,43.0
2026-08-14 00:00:00,수원,2,나우캐스트,4.750219345092773,50.0,2,45.24978065490723
2026-08-14 00:00:00,수원,2,ECMWF,13.0,50.0,3,37.0
2026-08-14 00:00:00,전주,2,나우캐스트,58.4936637878418,60.0,2,1.5063362121582031
2026-08-14 00:00:00,전주,2,ECMWF,38.0,60.0,3,22.0
2026-08-14 00:00:00,강릉,2,나우캐스트,91.59339904785156,100.0,2,8.406600952148438
2026-08-14 00:00:00,강릉,2,ECMWF,100.0,100.0,3,0.0
2026-08-14 00:00:00,제주,2,나우캐스트,78.56031799316406,70.0,2,8.560317993164062
2026-08-14 00:00:00,제주,2,ECMWF,38.0,70.0,3,32.0
2026-08-14 03:00:00,서울,5,나우캐스트,60.650634765625,80.0,5,19.349365234375
2026-08-14 03:00:00,서울,5,ECMWF,98.0,80.0,6,18.0
2026-08-14 03:00:00,서울,5,GFS,88.0,80.0,0,8.0
2026-08-14 03:00:00,대전,5,나우캐스트,30.21485137939453,50.0,5,19.78514862060547
2026-08-14 03:00:00,대전,5,ECMWF,43.0,50.0,6,7.0
2026-08-14 03:00:00,대전,5,GFS,23.0,50.0,0,27.0
2026-08-14 03:00:00,대구,5,나우캐스트,11.817556381225586,30.0,5,18.18244361877441
2026-08-14 03:00:00,대구,5,ECMWF,10.0,30.0,6,20.0
2026-08-14 03:00:00,대구,5,GFS,100.0,30.0,0,70.0
2026-08-14 03:00:00,광주,5,나우캐스트,77.30125427246094,70.0,5,7.3012542724609375
2026-08-14 03:00:00,광주,5,ECMWF,28.0,70.0,6,42.0
2026-08-14 03:00:00,광주,5,GFS,82.0,70.0,0,12.0
2026-08-14 03:00:00,부산,5,나우캐스트,32.894142150878906,20.0,5,12.894142150878906
2026-08-14 03:00:00,부산,5,ECMWF,68.0,20.0,6,48.0
2026-08-14 03:00:00,부산,5,GFS,70.0,20.0,0,50.0
2026-08-14 03:00:00,인천,5,나우캐스트,65.04866027832031,100.0,5,34.95133972167969
2026-08-14 03:00:00,인천,5,ECMWF,66.0,100.0,6,34.0
2026-08-14 03:00:00,인천,5,GFS,94.0,100.0,0,6.0
2026-08-14 03:00:00,수원,5,나우캐스트,52.718868255615234,70.0,5,17.281131744384766
2026-08-14 03:00:00,수원,5,ECMWF,77.0,70.0,6,7.0
2026-08-14 03:00:00,수원,5,GFS,60.0,70.0,0,10.0
2026-08-14 03:00:00,전주,5,나우캐스트,65.92874145507812,30.0,5,35.928741455078125
2026-08-14 03:00:00,전주,5,ECMWF,47.0,30.0,6,17.0
2026-08-14 03:00:00,전주,5,GFS,6.0,30.0,0,24.0
2026-08-14 03:00:00,강릉,5,나우캐스트,86.6959457397461,70.0,5,16.695945739746094
2026-08-14 03:00:00,강릉,5,ECMWF,100.0,70.0,6,30.0
2026-08-14 03:00:00,강릉,5,GFS,100.0,70.0,0,30.0
2026-08-14 03:00:00,제주,5,나우캐스트,75.35807800292969,80.0,5,4.6419219970703125
2026-08-14 03:00:00,제주,5,ECMWF,98.0,80.0,6,18.0
2026-08-14 03:00:00,제주,5,GFS,100.0,80.0,0,20.0
2026-08-14 00:00:00,서울,1,나우캐스트,10.72556972503662,60.0,1,49.27443027496338
2026-08-14 00:00:00,서울,1,ECMWF,12.0,60.0,3,48.0
2026-08-14 00:00:00,대전,1,나우캐스트,6.544075012207031,30.0,1,23.45592498779297
2026-08-14 00:00:00,대전,1,ECMWF,4.0,30.0,3,26.0
2026-08-14 00:00:00,대구,1,나우캐스트,57.13893127441406,70.0,1,12.861068725585938
2026-08-14 00:00:00,대구,1,ECMWF,8.0,70.0,3,62.0
2026-08-14 00:00:00,광주,1,나우캐스트,84.36632537841797,100.0,1,15.633674621582031
2026-08-14 00:00:00,광주,1,ECMWF,34.0,100.0,3,66.0
2026-08-14 00:00:00,부산,1,나우캐스트,10.468639373779297,20.0,1,9.531360626220703
2026-08-14 00:00:00,부산,1,ECMWF,3.0,20.0,3,17.0
2026-08-14 00:00:00,인천,1,나우캐스트,9.224150657653809,30.0,1,20.77584934234619
2026-08-14 00:00:00,인천,1,ECMWF,73.0,30.0,3,43.0
2026-08-14 00:00:00,수원,1,나우캐스트,2.620724678039551,50.0,1,47.37927532196045
2026-08-14 00:00:00,수원,1,ECMWF,13.0,50.0,3,37.0
2026-08-14 00:00:00,전주,1,나우캐스트,58.94184875488281,60.0,1,1.0581512451171875
2026-08-14 00:00:00,전주,1,ECMWF,38.0,60.0,3,22.0
2026-08-14 00:00:00,강릉,1,나우캐스트,97.35708618164062,100.0,1,2.642913818359375
2026-08-14 00:00:00,강릉,1,ECMWF,100.0,100.0,3,0.0
2026-08-14 00:00:00,제주,1,나우캐스트,72.8812255859375,70.0,1,2.8812255859375
2026-08-14 00:00:00,제주,1,ECMWF,38.0,70.0,3,32.0
2026-08-14 03:00:00,서울,4,나우캐스트,59.02893829345703,80.0,4,20.97106170654297
2026-08-14 03:00:00,서울,4,ECMWF,98.0,80.0,6,18.0
2026-08-14 03:00:00,서울,4,GFS,88.0,80.0,0,8.0
2026-08-14 03:00:00,대전,4,나우캐스트,52.92740631103516,50.0,4,2.927406311035156
2026-08-14 03:00:00,대전,4,ECMWF,43.0,50.0,6,7.0
2026-08-14 03:00:00,대전,4,GFS,23.0,50.0,0,27.0
2026-08-14 03:00:00,대구,4,나우캐스트,28.04158973693848,30.0,4,1.9584102630615237
2026-08-14 03:00:00,대구,4,ECMWF,10.0,30.0,6,20.0
2026-08-14 03:00:00,대구,4,GFS,100.0,30.0,0,70.0
2026-08-14 03:00:00,광주,4,나우캐스트,73.71463012695312,70.0,4,3.714630126953125
2026-08-14 03:00:00,광주,4,ECMWF,28.0,70.0,6,42.0
2026-08-14 03:00:00,광주,4,GFS,82.0,70.0,0,12.0
2026-08-14 03:00:00,부산,4,나우캐스트,37.91776657104492,20.0,4,17.917766571044922
2026-08-14 03:00:00,부산,4,ECMWF,68.0,20.0,6,48.0
2026-08-14 03:00:00,부산,4,GFS,70.0,20.0,0,50.0
2026-08-14 03:00:00,인천,4,나우캐스트,57.55733108520508,100.0,4,42.44266891479492
2026-08-14 03:00:00,인천,4,ECMWF,66.0,100.0,6,34.0
2026-08-14 03:00:00,인천,4,GFS,94.0,100.0,0,6.0
2026-08-14 03:00:00,수원,4,나우캐스트,37.913516998291016,70.0,4,32.086483001708984
2026-08-14 03:00:00,수원,4,ECMWF,77.0,70.0,6,7.0
2026-08-14 03:00:00,수원,4,GFS,60.0,70.0,0,10.0
2026-08-14 03:00:00,전주,4,나우캐스트,68.95861053466797,30.0,4,38.95861053466797
2026-08-14 03:00:00,전주,4,ECMWF,47.0,30.0,6,17.0
2026-08-14 03:00:00,전주,4,GFS,6.0,30.0,0,24.0
2026-08-14 03:00:00,강릉,4,나우캐스트,91.57061767578124,70.0,4,21.57061767578125
2026-08-14 03:00:00,강릉,4,ECMWF,100.0,70.0,6,30.0
2026-08-14 03:00:00,강릉,4,GFS,100.0,70.0,0,30.0
2026-08-14 03:00:00,제주,4,나우캐스트,65.24308013916016,80.0,4,14.756919860839844
2026-08-14 03:00:00,제주,4,ECMWF,98.0,80.0,6,18.0
2026-08-14 03:00:00,제주,4,GFS,100.0,80.0,0,20.0
2026-08-14 03:00:00,서울,3,나우캐스트,59.73832321166992,80.0,3,20.26167678833008
2026-08-14 03:00:00,서울,3,ECMWF,98.0,80.0,6,18.0
2026-08-14 03:00:00,서울,3,GFS,88.0,80.0,0,8.0
2026-08-14 03:00:00,대전,3,나우캐스트,16.085006713867188,50.0,3,33.91499328613281
2026-08-14 03:00:00,대전,3,ECMWF,43.0,50.0,6,7.0
2026-08-14 03:00:00,대전,3,GFS,23.0,50.0,0,27.0
2026-08-14 03:00:00,대구,3,나우캐스트,14.40611171722412,30.0,3,15.59388828277588
2026-08-14 03:00:00,대구,3,ECMWF,10.0,30.0,6,20.0
2026-08-14 03:00:00,대구,3,GFS,100.0,30.0,0,70.0
2026-08-14 03:00:00,광주,3,나우캐스트,57.22003173828125,70.0,3,12.77996826171875
2026-08-14 03:00:00,광주,3,ECMWF,28.0,70.0,6,42.0
2026-08-14 03:00:00,광주,3,GFS,82.0,70.0,0,12.0
2026-08-14 03:00:00,부산,3,나우캐스트,13.421880722045898,20.0,3,6.578119277954102
2026-08-14 03:00:00,부산,3,ECMWF,68.0,20.0,6,48.0
2026-08-14 03:00:00,부산,3,GFS,70.0,20.0,0,50.0
2026-08-14 03:00:00,인천,3,나우캐스트,66.82066345214844,100.0,3,33.17933654785156
2026-08-14 03:00:00,인천,3,ECMWF,66.0,100.0,6,34.0
2026-08-14 03:00:00,인천,3,GFS,94.0,100.0,0,6.0
2026-08-14 03:00:00,수원,3,나우캐스트,30.099708557128903,70.0,3,39.90029144287109
2026-08-14 03:00:00,수원,3,ECMWF,77.0,70.0,6,7.0
2026-08-14 03:00:00,수원,3,GFS,60.0,70.0,0,10.0
2026-08-14 03:00:00,전주,3,나우캐스트,40.197566986083984,30.0,3,10.197566986083984
2026-08-14 03:00:00,전주,3,ECMWF,47.0,30.0,6,17.0
2026-08-14 03:00:00,전주,3,GFS,6.0,30.0,0,24.0
2026-08-14 03:00:00,강릉,3,나우캐스트,94.08445739746094,70.0,3,24.084457397460938
2026-08-14 03:00:00,강릉,3,ECMWF,100.0,70.0,6,30.0
2026-08-14 03:00:00,강릉,3,GFS,100.0,70.0,0,30.0
2026-08-14 03:00:00,제주,3,나우캐스트,52.408145904541016,80.0,3,27.591854095458984
2026-08-14 03:00:00,제주,3,ECMWF,98.0,80.0,6,18.0
2026-08-14 03:00:00,제주,3,GFS,100.0,80.0,0,20.0
2026-08-14 06:00:00,서울,6,나우캐스트,84.42462158203125,70.0,6,14.42462158203125
2026-08-14 06:00:00,서울,6,ECMWF,48.0,70.0,9,22.0
2026-08-14 06:00:00,서울,6,GFS,100.0,70.0,3,30.0
2026-08-14 06:00:00,대전,6,나우캐스트,43.139591217041016,70.0,6,26.860408782958984
2026-08-14 06:00:00,대전,6,ECMWF,46.0,70.0,9,24.0
2026-08-14 06:00:00,대전,6,GFS,56.0,70.0,3,14.0
2026-08-14 06:00:00,대구,6,나우캐스트,21.753192901611328,50.0,6,28.246807098388672
2026-08-14 06:00:00,대구,6,ECMWF,3.0,50.0,9,47.0
2026-08-14 06:00:00,대구,6,GFS,61.0,50.0,3,11.0
2026-08-14 06:00:00,광주,6,나우캐스트,67.67063903808594,60.0,6,7.6706390380859375
2026-08-14 06:00:00,광주,6,ECMWF,82.0,60.0,9,22.0
2026-08-14 06:00:00,광주,6,GFS,100.0,60.0,3,40.0
2026-08-14 06:00:00,부산,6,나우캐스트,17.057735443115234,30.0,6,12.942264556884766
2026-08-14 06:00:00,부산,6,ECMWF,16.0,30.0,9,14.0
2026-08-14 06:00:00,부산,6,GFS,81.0,30.0,3,51.0
2026-08-14 06:00:00,인천,6,나우캐스트,83.40011596679688,70.0,6,13.400115966796877
2026-08-14 06:00:00,인천,6,ECMWF,62.0,70.0,9,8.0
2026-08-14 06:00:00,인천,6,GFS,100.0,70.0,3,30.0
2026-08-14 06:00:00,수원,6,나우캐스트,76.82154846191406,70.0,6,6.821548461914063
2026-08-14 06:00:00,수원,6,ECMWF,38.0,70.0,9,32.0
2026-08-14 06:00:00,수원,6,GFS,100.0,70.0,3,30.0
2026-08-14 06:00:00,전주,6,나우캐스트,67.2369155883789,80.0,6,12.763084411621094
2026-08-14 06:00:00,전주,6,ECMWF,80.0,80.0,9,0.0
2026-08-14 06:00:00,전주,6,GFS,99.0,80.0,3,19.0
2026-08-14 06:00:00,강릉,6,나우캐스트,85.4469985961914,90.0,6,4.553001403808594
2026-08-14 06:00:00,강릉,6,ECMWF,98.0,90.0,9,8.0
2026-08-14 06:00:00,강릉,6,GFS,100.0,90.0,3,10.0
2026-08-14 06:00:00,제주,6,나우캐스트,54.5105094909668,20.0,6,34.5105094909668
2026-08-14 06:00:00,제주,6,ECMWF,79.0,20.0,9,59.0
2026-08-14 06:00:00,제주,6,GFS,100.0,20.0,3,80.0
2026-08-14 03:00:00,서울,2,나우캐스트,84.85723876953125,80.0,2,4.85723876953125
2026-08-14 03:00:00,서울,2,ECMWF,98.0,80.0,6,18.0
2026-08-14 03:00:00,서울,2,GFS,88.0,80.0,0,8.0
2026-08-14 03:00:00,대전,2,나우캐스트,23.76965713500977,50.0,2,26.230342864990234
2026-08-14 03:00:00,대전,2,ECMWF,43.0,50.0,6,7.0
2026-08-14 03:00:00,대전,2,GFS,23.0,50.0,0,27.0
2026-08-14 03:00:00,대구,2,나우캐스트,32.91400146484375,30.0,2,2.91400146484375
2026-08-14 03:00:00,대구,2,ECMWF,10.0,30.0,6,20.0
2026-08-14 03:00:00,대구,2,GFS,100.0,30.0,0,70.0
2026-08-14 03:00:00,광주,2,나우캐스트,25.573406219482425,70.0,2,44.42659378051758
2026-08-14 03:00:00,광주,2,ECMWF,28.0,70.0,6,42.0
2026-08-14 03:00:00,광주,2,GFS,82.0,70.0,0,12.0
2026-08-14 03:00:00,부산,2,나우캐스트,20.805328369140625,20.0,2,0.805328369140625
2026-08-14 03:00:00,부산,2,ECMWF,68.0,20.0,6,48.0
2026-08-14 03:00:00,부산,2,GFS,70.0,20.0,0,50.0
2026-08-14 03:00:00,인천,2,나우캐스트,84.01612091064453,100.0,2,15.983879089355469
2026-08-14 03:00:00,인천,2,ECMWF,66.0,100.0,6,34.0
2026-08-14 03:00:00,인천,2,GFS,94.0,100.0,0,6.0
2026-08-14 03:00:00,수원,2,나우캐스트,72.79254150390625,70.0,2,2.79254150390625
2026-08-14 03:00:00,수원,2,ECMWF,77.0,70.0,6,7.0
2026-08-14 03:00:00,수원,2,GFS,60.0,70.0,0,10.0
2026-08-14 03:00:00,전주,2,나우캐스트,31.76025390625,30.0,2,1.76025390625
2026-08-14 03:00:00,전주,2,ECMWF,47.0,30.0,6,17.0
2026-08-14 03:00:00,전주,2,GFS,6.0,30.0,0,24.0
2026-08-14 03:00:00,강릉,2,나우캐스트,87.03588104248047,70.0,2,17.03588104248047
2026-08-14 03:00:00,강릉,2,ECMWF,100.0,70.0,6,30.0
2026-08-14 03:00:00,강릉,2,GFS,100.0,70.0,0,30.0
2026-08-14 03:00:00,제주,2,나우캐스트,34.6761474609375,80.0,2,45.3238525390625
2026-08-14 03:00:00,제주,2,ECMWF,98.0,80.0,6,18.0
2026-08-14 03:00:00,제주,2,GFS,100.0,80.0,0,20.0
2026-08-14 06:00:00,서울,5,나우캐스트,83.11767578125,70.0,5,13.11767578125
2026-08-14 06:00:00,서울,5,ECMWF,48.0,70.0,9,22.0
2026-08-14 06:00:00,서울,5,GFS,100.0,70.0,3,30.0
2026-08-14 06:00:00,대전,5,나우캐스트,63.7207260131836,70.0,5,6.279273986816406
2026-08-14 06:00:00,대전,5,ECMWF,46.0,70.0,9,24.0
2026-08-14 06:00:00,대전,5,GFS,56.0,70.0,3,14.0
2026-08-14 06:00:00,대구,5,나우캐스트,30.27656936645508,50.0,5,19.72343063354492
2026-08-14 06:00:00,대구,5,ECMWF,3.0,50.0,9,47.0
2026-08-14 06:00:00,대구,5,GFS,61.0,50.0,3,11.0
2026-08-14 06:00:00,광주,5,나우캐스트,51.76116943359375,60.0,5,8.23883056640625
2026-08-14 06:00:00,광주,5,ECMWF,82.0,60.0,9,22.0
2026-08-14 06:00:00,광주,5,GFS,100.0,60.0,3,40.0
2026-08-14 06:00:00,부산,5,나우캐스트,21.44384765625,30.0,5,8.55615234375
2026-08-14 06:00:00,부산,5,ECMWF,16.0,30.0,9,14.0
2026-08-14 06:00:00,부산,5,GFS,81.0,30.0,3,51.0
2026-08-14 06:00:00,인천,5,나우캐스트,82.11822509765625,70.0,5,12.11822509765625
2026-08-14 06:00:00,인천,5,ECMWF,62.0,70.0,9,8.0
2026-08-14 06:00:00,인천,5,GFS,100.0,70.0,3,30.0
2026-08-14 06:00:00,수원,5,나우캐스트,81.73673248291016,70.0,5,11.736732482910156
2026-08-14 06:00:00,수원,5,ECMWF,38.0,70.0,9,32.0
2026-08-14 06:00:00,수원,5,GFS,100.0,70.0,3,30.0
2026-08-14 06:00:00,전주,5,나우캐스트,57.16761779785156,80.0,5,22.83238220214844
2026-08-14 06:00:00,전주,5,ECMWF,80.0,80.0,9,0.0
2026-08-14 06:00:00,전주,5,GFS,99.0,80.0,3,19.0
2026-08-14 06:00:00,강릉,5,나우캐스트,89.55550384521484,90.0,5,0.4444961547851562
2026-08-14 06:00:00,강릉,5,ECMWF,98.0,90.0,9,8.0
2026-08-14 06:00:00,강릉,5,GFS,100.0,90.0,3,10.0
2026-08-14 06:00:00,제주,5,나우캐스트,62.20793151855469,20.0,5,42.20793151855469
2026-08-14 06:00:00,제주,5,ECMWF,79.0,20.0,9,59.0
2026-08-14 06:00:00,제주,5,GFS,100.0,20.0,3,80.0
2026-08-14 03:00:00,서울,1,나우캐스트,79.08883666992188,80.0,1,0.911163330078125
2026-08-14 03:00:00,서울,1,ECMWF,98.0,80.0,6,18.0
2026-08-14 03:00:00,서울,1,GFS,88.0,80.0,0,8.0
2026-08-14 03:00:00,대전,1,나우캐스트,20.57107162475586,50.0,1,29.42892837524414
2026-08-14 03:00:00,대전,1,ECMWF,43.0,50.0,6,7.0
2026-08-14 03:00:00,대전,1,GFS,23.0,50.0,0,27.0
2026-08-14 03:00:00,대구,1,나우캐스트,11.243935585021973,30.0,1,18.756064414978027
2026-08-14 03:00:00,대구,1,ECMWF,10.0,30.0,6,20.0
2026-08-14 03:00:00,대구,1,GFS,100.0,30.0,0,70.0
2026-08-14 03:00:00,광주,1,나우캐스트,17.038490295410156,70.0,1,52.96150970458984
2026-08-14 03:00:00,광주,1,ECMWF,28.0,70.0,6,42.0
2026-08-14 03:00:00,광주,1,GFS,82.0,70.0,0,12.0
2026-08-14 03:00:00,부산,1,나우캐스트,7.308331489562988,20.0,1,12.691668510437012
2026-08-14 03:00:00,부산,1,ECMWF,68.0,20.0,6,48.0
2026-08-14 03:00:00,부산,1,GFS,70.0,20.0,0,50.0
2026-08-14 03:00:00,인천,1,나우캐스트,91.59066772460938,100.0,1,8.409332275390625
2026-08-14 03:00:00,인천,1,ECMWF,66.0,100.0,6,34.0
2026-08-14 03:00:00,인천,1,GFS,94.0,100.0,0,6.0
2026-08-14 03:00:00,수원,1,나우캐스트,72.91419219970703,70.0,1,2.9141921997070312
2026-08-14 03:00:00,수원,1,ECMWF,77.0,70.0,6,7.0
2026-08-14 03:00:00,수원,1,GFS,60.0,70.0,0,10.0
2026-08-14 03:00:00,전주,1,나우캐스트,12.02922821044922,30.0,1,17.97077178955078
2026-08-14 03:00:00,전주,1,ECMWF,47.0,30.0,6,17.0
2026-08-14 03:00:00,전주,1,GFS,6.0,30.0,0,24.0
2026-08-14 03:00:00,강릉,1,나우캐스트,99.14251708984376,70.0,1,29.14251708984375
2026-08-14 03:00:00,강릉,1,ECMWF,100.0,70.0,6,30.0
2026-08-14 03:00:00,강릉,1,GFS,100.0,70.0,0,30.0
2026-08-14 03:00:00,제주,1,나우캐스트,44.38676452636719,80.0,1,35.61323547363281
2026-08-14 03:00:00,제주,1,ECMWF,98.0,80.0,6,18.0
2026-08-14 03:00:00,제주,1,GFS,100.0,80.0,0,20.0
2026-08-14 06:00:00,서울,4,나우캐스트,85.59364318847656,70.0,4,15.593643188476562
2026-08-14 06:00:00,서울,4,ECMWF,48.0,70.0,9,22.0
2026-08-14 06:00:00,서울,4,GFS,100.0,70.0,3,30.0
2026-08-14 06:00:00,대전,4,나우캐스트,71.2047119140625,70.0,4,1.2047119140625
2026-08-14 06:00:00,대전,4,ECMWF,46.0,70.0,9,24.0
2026-08-14 06:00:00,대전,4,GFS,56.0,70.0,3,14.0
2026-08-14 06:00:00,대구,4,나우캐스트,48.54036712646485,50.0,4,1.4596328735351562
2026-08-14 06:00:00,대구,4,ECMWF,3.0,50.0,9,47.0
2026-08-14 06:00:00,대구,4,GFS,61.0,50.0,3,11.0
2026-08-14 06:00:00,광주,4,나우캐스트,53.47224426269531,60.0,4,6.527755737304688
2026-08-14 06:00:00,광주,4,ECMWF,82.0,60.0,9,22.0
2026-08-14 06:00:00,광주,4,GFS,100.0,60.0,3,40.0
2026-08-14 06:00:00,부산,4,나우캐스트,10.71917724609375,30.0,4,19.28082275390625
2026-08-14 06:00:00,부산,4,ECMWF,16.0,30.0,9,14.0
2026-08-14 06:00:00,부산,4,GFS,81.0,30.0,3,51.0
2026-08-14 06:00:00,인천,4,나우캐스트,83.03294372558594,70.0,4,13.032943725585938
2026-08-14 06:00:00,인천,4,ECMWF,62.0,70.0,9,8.0
2026-08-14 06:00:00,인천,4,GFS,100.0,70.0,3,30.0
2026-08-14 06:00:00,수원,4,나우캐스트,80.83877563476562,70.0,4,10.838775634765623
2026-08-14 06:00:00,수원,4,ECMWF,38.0,70.0,9,32.0
2026-08-14 06:00:00,수원,4,GFS,100.0,70.0,3,30.0
2026-08-14 06:00:00,전주,4,나우캐스트,61.5722541809082,80.0,4,18.4277458190918
2026-08-14 06:00:00,전주,4,ECMWF,80.0,80.0,9,0.0
2026-08-14 06:00:00,전주,4,GFS,99.0,80.0,3,19.0
2026-08-14 06:00:00,강릉,4,나우캐스트,97.75202178955078,90.0,4,7.752021789550781
2026-08-14 06:00:00,강릉,4,ECMWF,98.0,90.0,9,8.0
2026-08-14 06:00:00,강릉,4,GFS,100.0,90.0,3,10.0
2026-08-14 06:00:00,제주,4,나우캐스트,52.90938186645508,20.0,4,32.90938186645508
2026-08-14 06:00:00,제주,4,ECMWF,79.0,20.0,9,59.0
2026-08-14 06:00:00,제주,4,GFS,100.0,20.0,3,80.0
2026-08-14 06:00:00,서울,3,나우캐스트,86.75997161865234,70.0,3,16.759971618652344
2026-08-14 06:00:00,서울,3,ECMWF,48.0,70.0,9,22.0
2026-08-14 06:00:00,서울,3,GFS,100.0,70.0,3,30.0
2026-08-14 06:00:00,대전,3,나우캐스트,51.05245590209961,70.0,3,18.94754409790039
2026-08-14 06:00:00,대전,3,ECMWF,46.0,70.0,9,24.0
2026-08-14 06:00:00,대전,3,GFS,56.0,70.0,3,14.0
2026-08-14 06:00:00,대구,3,나우캐스트,31.521482467651367,50.0,3,18.478517532348636
2026-08-14 06:00:00,대구,3,ECMWF,3.0,50.0,9,47.0
2026-08-14 06:00:00,대구,3,GFS,61.0,50.0,3,11.0
2026-08-14 06:00:00,광주,3,나우캐스트,70.2281265258789,60.0,3,10.228126525878906
2026-08-14 06:00:00,광주,3,ECMWF,82.0,60.0,9,22.0
2026-08-14 06:00:00,광주,3,GFS,100.0,60.0,3,40.0
2026-08-14 06:00:00,부산,3,나우캐스트,30.95620346069336,30.0,3,0.9562034606933594
2026-08-14 06:00:00,부산,3,ECMWF,16.0,30.0,9,14.0
2026-08-14 06:00:00,부산,3,GFS,81.0,30.0,3,51.0
2026-08-14 06:00:00,인천,3,나우캐스트,86.68328857421875,70.0,3,16.68328857421875
2026-08-14 06:00:00,인천,3,ECMWF,62.0,70.0,9,8.0
2026-08-14 06:00:00,인천,3,GFS,100.0,70.0,3,30.0
2026-08-14 06:00:00,수원,3,나우캐스트,80.22392272949219,70.0,3,10.223922729492188
2026-08-14 06:00:00,수원,3,ECMWF,38.0,70.0,9,32.0
2026-08-14 06:00:00,수원,3,GFS,100.0,70.0,3,30.0
2026-08-14 06:00:00,전주,3,나우캐스트,59.16149520874024,80.0,3,20.83850479125977
2026-08-14 06:00:00,전주,3,ECMWF,80.0,80.0,9,0.0
2026-08-14 06:00:00,전주,3,GFS,99.0,80.0,3,19.0
2026-08-14 06:00:00,강릉,3,나우캐스트,98.16758728027344,90.0,3,8.167587280273438
2026-08-14 06:00:00,강릉,3,ECMWF,98.0,90.0,9,8.0
2026-08-14 06:00:00,강릉,3,GFS,100.0,90.0,3,10.0
2026-08-14 06:00:00,제주,3,나우캐스트,64.7132568359375,20.0,3,44.7132568359375
2026-08-14 06:00:00,제주,3,ECMWF,79.0,20.0,9,59.0
2026-08-14 06:00:00,제주,3,GFS,100.0,20.0,3,80.0
2026-08-14 09:00:00,서울,6,나우캐스트,85.62962341308594,80.0,6,5.6296234130859375
2026-08-14 09:00:00,서울,6,ECMWF,95.0,80.0,12,15.0
2026-08-14 09:00:00,서울,6,GFS,100.0,80.0,6,20.0
2026-08-14 09:00:00,대전,6,나우캐스트,70.95866394042969,80.0,6,9.041336059570312
2026-08-14 09:00:00,대전,6,ECMWF,90.0,80.0,12,10.0
2026-08-14 09:00:00,대전,6,GFS,100.0,80.0,6,20.0
2026-08-14 09:00:00,대구,6,나우캐스트,59.36300277709961,50.0,6,9.36300277709961
2026-08-14 09:00:00,대구,6,ECMWF,23.0,50.0,12,27.0
2026-08-14 09:00:00,대구,6,GFS,43.0,50.0,6,7.0
2026-08-14 09:00:00,광주,6,나우캐스트,68.08834838867188,50.0,6,18.088348388671875
2026-08-14 09:00:00,광주,6,ECMWF,97.0,50.0,12,47.0
2026-08-14 09:00:00,광주,6,GFS,95.0,50.0,6,45.0
2026-08-14 09:00:00,부산,6,나우캐스트,44.39034652709961,10.0,6,34.39034652709961
2026-08-14 09:00:00,부산,6,ECMWF,2.0,10.0,12,8.0
2026-08-14 09:00:00,부산,6,GFS,5.0,10.0,6,5.0
2026-08-14 09:00:00,인천,6,나우캐스트,86.55755615234375,70.0,6,16.55755615234375
2026-08-14 09:00:00,인천,6,ECMWF,95.0,70.0,12,25.0
2026-08-14 09:00:00,인천,6,GFS,100.0,70.0,6,30.0
2026-08-14 09:00:00,수원,6,나우캐스트,80.61746215820312,80.0,6,0.617462158203125
2026-08-14 09:00:00,수원,6,ECMWF,99.0,80.0,12,19.0
2026-08-14 09:00:00,수원,6,GFS,100.0,80.0,6,20.0
2026-08-14 09:00:00,전주,6,나우캐스트,70.70989990234375,70.0,6,0.70989990234375
2026-08-14 09:00:00,전주,6,ECMWF,80.0,70.0,12,10.0
2026-08-14 09:00:00,전주,6,GFS,100.0,70.0,6,30.0
2026-08-14 09:00:00,강릉,6,나우캐스트,95.20025634765624,80.0,6,15.20025634765625
2026-08-14 09:00:00,강릉,6,ECMWF,100.0,80.0,12,20.0
2026-08-14 09:00:00,강릉,6,GFS,79.0,80.0,6,1.0
2026-08-14 09:00:00,제주,6,나우캐스트,59.60107421875,80.0,6,20.39892578125
2026-08-14 09:00:00,제주,6,ECMWF,76.0,80.0,12,4.0
2026-08-14 09:00:00,제주,6,GFS,100.0,80.0,6,20.0
2026-08-14 06:00:00,서울,2,나우캐스트,85.46347045898438,70.0,2,15.463470458984377
2026-08-14 06:00:00,서울,2,ECMWF,48.0,70.0,9,22.0
2026-08-14 06:00:00,서울,2,GFS,100.0,70.0,3,30.0
2026-08-14 06:00:00,대전,2,나우캐스트,61.35252380371094,70.0,2,8.647476196289062
2026-08-14 06:00:00,대전,2,ECMWF,46.0,70.0,9,24.0
2026-08-14 06:00:00,대전,2,GFS,56.0,70.0,3,14.0
2026-08-14 06:00:00,대구,2,나우캐스트,26.33176040649414,50.0,2,23.66823959350586
2026-08-14 06:00:00,대구,2,ECMWF,3.0,50.0,9,47.0
2026-08-14 06:00:00,대구,2,GFS,61.0,50.0,3,11.0
2026-08-14 06:00:00,광주,2,나우캐스트,74.94059753417969,60.0,2,14.940597534179688
2026-08-14 06:00:00,광주,2,ECMWF,82.0,60.0,9,22.0
2026-08-14 06:00:00,광주,2,GFS,100.0,60.0,3,40.0
2026-08-14 06:00:00,부산,2,나우캐스트,11.77468490600586,30.0,2,18.22531509399414
2026-08-14 06:00:00,부산,2,ECMWF,16.0,30.0,9,14.0
2026-08-14 06:00:00,부산,2,GFS,81.0,30.0,3,51.0
2026-08-14 06:00:00,인천,2,나우캐스트,81.79964447021484,70.0,2,11.799644470214844
2026-08-14 06:00:00,인천,2,ECMWF,62.0,70.0,9,8.0
2026-08-14 06:00:00,인천,2,GFS,100.0,70.0,3,30.0
2026-08-14 06:00:00,수원,2,나우캐스트,76.70501708984375,70.0,2,6.70501708984375
2026-08-14 06:00:00,수원,2,ECMWF,38.0,70.0,9,32.0
2026-08-14 06:00:00,수원,2,GFS,100.0,70.0,3,30.0
2026-08-14 06:00:00,전주,2,나우캐스트,72.94488525390625,80.0,2,7.05511474609375
2026-08-14 06:00:00,전주,2,ECMWF,80.0,80.0,9,0.0
2026-08-14 06:00:00,전주,2,GFS,99.0,80.0,3,19.0
2026-08-14 06:00:00,강릉,2,나우캐스트,96.019287109375,90.0,2,6.019287109375
2026-08-14 06:00:00,강릉,2,ECMWF,98.0,90.0,9,8.0
2026-08-14 06:00:00,강릉,2,GFS,100.0,90.0,3,10.0
2026-08-14 06:00:00,제주,2,나우캐스트,40.65111923217773,20.0,2,20.65111923217773
2026-08-14 06:00:00,제주,2,ECMWF,79.0,20.0,9,59.0
2026-08-14 06:00:00,제주,2,GFS,100.0,20.0,3,80.0
2026-08-14 09:00:00,서울,5,나우캐스트,83.34140014648438,80.0,5,3.341400146484375
2026-08-14 09:00:00,서울,5,ECMWF,95.0,80.0,12,15.0
2026-08-14 09:00:00,서울,5,GFS,100.0,80.0,6,20.0
2026-08-14 09:00:00,대전,5,나우캐스트,73.40240478515625,80.0,5,6.59759521484375
2026-08-14 09:00:00,대전,5,ECMWF,90.0,80.0,12,10.0
2026-08-14 09:00:00,대전,5,GFS,100.0,80.0,6,20.0
2026-08-14 09:00:00,대구,5,나우캐스트,61.16522216796875,50.0,5,11.16522216796875
2026-08-14 09:00:00,대구,5,ECMWF,23.0,50.0,12,27.0
2026-08-14 09:00:00,대구,5,GFS,43.0,50.0,6,7.0
2026-08-14 09:00:00,광주,5,나우캐스트,69.15113830566406,50.0,5,19.151138305664062
2026-08-14 09:00:00,광주,5,ECMWF,97.0,50.0,12,47.0
2026-08-14 09:00:00,광주,5,GFS,95.0,50.0,6,45.0
2026-08-14 09:00:00,부산,5,나우캐스트,28.947948455810547,10.0,5,18.947948455810547
2026-08-14 09:00:00,부산,5,ECMWF,2.0,10.0,12,8.0
2026-08-14 09:00:00,부산,5,GFS,5.0,10.0,6,5.0
2026-08-14 09:00:00,인천,5,나우캐스트,80.4507064819336,70.0,5,10.450706481933594
2026-08-14 09:00:00,인천,5,ECMWF,95.0,70.0,12,25.0
2026-08-14 09:00:00,인천,5,GFS,100.0,70.0,6,30.0
2026-08-14 09:00:00,수원,5,나우캐스트,77.88929748535156,80.0,5,2.110702514648437
2026-08-14 09:00:00,수원,5,ECMWF,99.0,80.0,12,19.0
2026-08-14 09:00:00,수원,5,GFS,100.0,80.0,6,20.0
2026-08-14 09:00:00,전주,5,나우캐스트,74.78682708740234,70.0,5,4.786827087402344
2026-08-14 09:00:00,전주,5,ECMWF,80.0,70.0,12,10.0
2026-08-14 09:00:00,전주,5,GFS,100.0,70.0,6,30.0
2026-08-14 09:00:00,강릉,5,나우캐스트,94.01350402832033,80.0,5,14.013504028320312
2026-08-14 09:00:00,강릉,5,ECMWF,100.0,80.0,12,20.0
2026-08-14 09:00:00,강릉,5,GFS,79.0,80.0,6,1.0
2026-08-14 09:00:00,제주,5,나우캐스트,63.03749847412109,80.0,5,16.962501525878906
2026-08-14 09:00:00,제주,5,ECMWF,76.0,80.0,12,4.0
2026-08-14 09:00:00,제주,5,GFS,100.0,80.0,6,20.0
2026-08-14 06:00:00,서울,1,나우캐스트,83.546875,70.0,1,13.546875
2026-08-14 06:00:00,서울,1,ECMWF,48.0,70.0,9,22.0
2026-08-14 06:00:00,서울,1,GFS,100.0,70.0,3,30.0
2026-08-14 06:00:00,대전,1,나우캐스트,26.045106887817383,70.0,1,43.95489311218262
2026-08-14 06:00:00,대전,1,ECMWF,46.0,70.0,9,24.0
2026-08-14 06:00:00,대전,1,GFS,56.0,70.0,3,14.0
2026-08-14 06:00:00,대구,1,나우캐스트,30.49689674377441,50.0,1,19.503103256225582
2026-08-14 06:00:00,대구,1,ECMWF,3.0,50.0,9,47.0
2026-08-14 06:00:00,대구,1,GFS,61.0,50.0,3,11.0
2026-08-14 06:00:00,광주,1,나우캐스트,19.08800506591797,60.0,1,40.91199493408203
2026-08-14 06:00:00,광주,1,ECMWF,82.0,60.0,9,22.0
2026-08-14 06:00:00,광주,1,GFS,100.0,60.0,3,40.0
2026-08-14 06:00:00,부산,1,나우캐스트,5.195466995239258,30.0,1,24.804533004760746
2026-08-14 06:00:00,부산,1,ECMWF,16.0,30.0,9,14.0
2026-08-14 06:00:00,부산,1,GFS,81.0,30.0,3,51.0
2026-08-14 06:00:00,인천,1,나우캐스트,68.64400482177734,70.0,1,1.3559951782226562
2026-08-14 06:00:00,인천,1,ECMWF,62.0,70.0,9,8.0
2026-08-14 06:00:00,인천,1,GFS,100.0,70.0,3,30.0
2026-08-14 06:00:00,수원,1,나우캐스트,25.357345581054688,70.0,1,44.64265441894531
2026-08-14 06:00:00,수원,1,ECMWF,38.0,70.0,9,32.0
2026-08-14 06:00:00,수원,1,GFS,100.0,70.0,3,30.0
2026-08-14 06:00:00,전주,1,나우캐스트,83.64308166503906,80.0,1,3.6430816650390634
2026-08-14 06:00:00,전주,1,ECMWF,80.0,80.0,9,0.0
2026-08-14 06:00:00,전주,1,GFS,99.0,80.0,3,19.0
2026-08-14 06:00:00,강릉,1,나우캐스트,99.37632751464844,90.0,1,9.376327514648438
2026-08-14 06:00:00,강릉,1,ECMWF,98.0,90.0,9,8.0
2026-08-14 06:00:00,강릉,1,GFS,100.0,90.0,3,10.0
2026-08-14 06:00:00,제주,1,나우캐스트,11.151001930236816,20.0,1,8.848998069763184
2026-08-14 06:00:00,제주,1,ECMWF,79.0,20.0,9,59.0
2026-08-14 06:00:00,제주,1,GFS,100.0,20.0,3,80.0
2026-08-14 09:00:00,서울,4,나우캐스트,94.17804718017578,80.0,4,14.17804718017578
2026-08-14 09:00:00,서울,4,ECMWF,95.0,80.0,12,15.0
2026-08-14 09:00:00,서울,4,GFS,100.0,80.0,6,20.0
2026-08-14 09:00:00,대전,4,나우캐스트,56.20957946777344,80.0,4,23.79042053222656
2026-08-14 09:00:00,대전,4,ECMWF,90.0,80.0,12,10.0
2026-08-14 09:00:00,대전,4,GFS,100.0,80.0,6,20.0
2026-08-14 09:00:00,대구,4,나우캐스트,43.245262145996094,50.0,4,6.754737854003906
2026-08-14 09:00:00,대구,4,ECMWF,23.0,50.0,12,27.0
2026-08-14 09:00:00,대구,4,GFS,43.0,50.0,6,7.0
2026-08-14 09:00:00,광주,4,나우캐스트,47.03554534912109,50.0,4,2.9644546508789062
2026-08-14 09:00:00,광주,4,ECMWF,97.0,50.0,12,47.0
2026-08-14 09:00:00,광주,4,GFS,95.0,50.0,6,45.0
2026-08-14 09:00:00,부산,4,나우캐스트,28.789417266845703,10.0,4,18.789417266845703
2026-08-14 09:00:00,부산,4,ECMWF,2.0,10.0,12,8.0
2026-08-14 09:00:00,부산,4,GFS,5.0,10.0,6,5.0
2026-08-14 09:00:00,인천,4,나우캐스트,91.3735580444336,70.0,4,21.373558044433597
2026-08-14 09:00:00,인천,4,ECMWF,95.0,70.0,12,25.0
2026-08-14 09:00:00,인천,4,GFS,100.0,70.0,6,30.0
2026-08-14 09:00:00,수원,4,나우캐스트,85.56253814697266,80.0,4,5.562538146972656
2026-08-14 09:00:00,수원,4,ECMWF,99.0,80.0,12,19.0
2026-08-14 09:00:00,수원,4,GFS,100.0,80.0,6,20.0
2026-08-14 09:00:00,전주,4,나우캐스트,57.152793884277344,70.0,4,12.847206115722656
2026-08-14 09:00:00,전주,4,ECMWF,80.0,70.0,12,10.0
2026-08-14 09:00:00,전주,4,GFS,100.0,70.0,6,30.0
2026-08-14 09:00:00,강릉,4,나우캐스트,97.0446548461914,80.0,4,17.044654846191406
2026-08-14 09:00:00,강릉,4,ECMWF,100.0,80.0,12,20.0
2026-08-14 09:00:00,강릉,4,GFS,79.0,80.0,6,1.0
2026-08-14 09:00:00,제주,4,나우캐스트,61.06941986083984,80.0,4,18.93058013916016
2026-08-14 09:00:00,제주,4,ECMWF,76.0,80.0,12,4.0
2026-08-14 09:00:00,제주,4,GFS,100.0,80.0,6,20.0
2026-08-14 09:00:00,서울,3,나우캐스트,83.587158203125,80.0,3,3.587158203125
2026-08-14 09:00:00,서울,3,ECMWF,95.0,80.0,12,15.0
2026-08-14 09:00:00,서울,3,GFS,100.0,80.0,6,20.0
2026-08-14 09:00:00,대전,3,나우캐스트,62.737525939941406,80.0,3,17.262474060058594
2026-08-14 09:00:00,대전,3,ECMWF,90.0,80.0,12,10.0
2026-08-14 09:00:00,대전,3,GFS,100.0,80.0,6,20.0
2026-08-14 09:00:00,대구,3,나우캐스트,59.742000579833984,50.0,3,9.742000579833984
2026-08-14 09:00:00,대구,3,ECMWF,23.0,50.0,12,27.0
2026-08-14 09:00:00,대구,3,GFS,43.0,50.0,6,7.0
2026-08-14 09:00:00,광주,3,나우캐스트,38.07569122314453,50.0,3,11.924308776855469
2026-08-14 09:00:00,광주,3,ECMWF,97.0,50.0,12,47.0
2026-08-14 09:00:00,광주,3,GFS,95.0,50.0,6,45.0
2026-08-14 09:00:00,부산,3,나우캐스트,28.50528717041016,10.0,3,18.50528717041016
2026-08-14 09:00:00,부산,3,ECMWF,2.0,10.0,12,8.0
2026-08-14 09:00:00,부산,3,GFS,5.0,10.0,6,5.0
2026-08-14 09:00:00,인천,3,나우캐스트,73.26423645019531,70.0,3,3.2642364501953125
2026-08-14 09:00:00,인천,3,ECMWF,95.0,70.0,12,25.0
2026-08-14 09:00:00,인천,3,GFS,100.0,70.0,6,30.0
2026-08-14 09:00:00,수원,3,나우캐스트,80.45232391357422,80.0,3,0.4523239135742187
2026-08-14 09:00:00,수원,3,ECMWF,99.0,80.0,12,19.0
2026-08-14 09:00:00,수원,3,GFS,100.0,80.0,6,20.0
2026-08-14 09:00:00,전주,3,나우캐스트,52.19474792480469,70.0,3,17.805252075195312
2026-08-14 09:00:00,전주,3,ECMWF,80.0,70.0,12,10.0
2026-08-14 09:00:00,전주,3,GFS,100.0,70.0,6,30.0
2026-08-14 09:00:00,강릉,3,나우캐스트,97.92254638671876,80.0,3,17.92254638671875
2026-08-14 09:00:00,강릉,3,ECMWF,100.0,80.0,12,20.0
2026-08-14 09:00:00,강릉,3,GFS,79.0,80.0,6,1.0
2026-08-14 09:00:00,제주,3,나우캐스트,60.82677459716797,80.0,3,19.17322540283203
2026-08-14 09:00:00,제주,3,ECMWF,76.0,80.0,12,4.0
2026-08-14 09:00:00,제주,3,GFS,100.0,80.0,6,20.0
2026-08-14 09:00:00,서울,2,나우캐스트,77.92958068847656,80.0,2,2.070419311523437
2026-08-14 09:00:00,서울,2,ECMWF,95.0,80.0,12,15.0
2026-08-14 09:00:00,서울,2,GFS,100.0,80.0,6,20.0
2026-08-14 09:00:00,대전,2,나우캐스트,58.22016143798828,80.0,2,21.77983856201172
2026-08-14 09:00:00,대전,2,ECMWF,90.0,80.0,12,10.0
2026-08-14 09:00:00,대전,2,GFS,100.0,80.0,6,20.0
2026-08-14 09:00:00,대구,2,나우캐스트,23.97302627563477,50.0,2,26.026973724365234
2026-08-14 09:00:00,대구,2,ECMWF,23.0,50.0,12,27.0
2026-08-14 09:00:00,대구,2,GFS,43.0,50.0,6,7.0
2026-08-14 09:00:00,광주,2,나우캐스트,46.17551803588867,50.0,2,3.824481964111328
2026-08-14 09:00:00,광주,2,ECMWF,97.0,50.0,12,47.0
2026-08-14 09:00:00,광주,2,GFS,95.0,50.0,6,45.0
2026-08-14 09:00:00,부산,2,나우캐스트,4.8505964279174805,10.0,2,5.14940357208252
2026-08-14 09:00:00,부산,2,ECMWF,2.0,10.0,12,8.0
2026-08-14 09:00:00,부산,2,GFS,5.0,10.0,6,5.0
2026-08-14 09:00:00,인천,2,나우캐스트,51.08354187011719,70.0,2,18.91645812988281
2026-08-14 09:00:00,인천,2,ECMWF,95.0,70.0,12,25.0
2026-08-14 09:00:00,인천,2,GFS,100.0,70.0,6,30.0
2026-08-14 09:00:00,수원,2,나우캐스트,78.19548034667969,80.0,2,1.8045196533203125
2026-08-14 09:00:00,수원,2,ECMWF,99.0,80.0,12,19.0
2026-08-14 09:00:00,수원,2,GFS,100.0,80.0,6,20.0
2026-08-14 09:00:00,전주,2,나우캐스트,66.66985321044922,70.0,2,3.330146789550781
2026-08-14 09:00:00,전주,2,ECMWF,80.0,70.0,12,10.0
2026-08-14 09:00:00,전주,2,GFS,100.0,70.0,6,30.0
2026-08-14 09:00:00,강릉,2,나우캐스트,98.56756591796876,80.0,2,18.56756591796875
2026-08-14 09:00:00,강릉,2,ECMWF,100.0,80.0,12,20.0
2026-08-14 09:00:00,강릉,2,GFS,79.0,80.0,6,1.0
2026-08-14 09:00:00,제주,2,나우캐스트,58.33688354492188,80.0,2,21.663116455078125
2026-08-14 09:00:00,제주,2,ECMWF,76.0,80.0,12,4.0
2026-08-14 09:00:00,제주,2,GFS,100.0,80.0,6,20.0
2026-08-14 09:00:00,서울,1,나우캐스트,79.10389709472656,80.0,1,0.8961029052734375
2026-08-14 09:00:00,서울,1,ECMWF,95.0,80.0,12,15.0
2026-08-14 09:00:00,서울,1,GFS,100.0,80.0,6,20.0
2026-08-14 09:00:00,대전,1,나우캐스트,65.15571594238281,80.0,1,14.844284057617188
2026-08-14 09:00:00,대전,1,ECMWF,90.0,80.0,12,10.0
2026-08-14 09:00:00,대전,1,GFS,100.0,80.0,6,20.0
2026-08-14 09:00:00,대구,1,나우캐스트,56.85655212402344,50.0,1,6.8565521240234375
2026-08-14 09:00:00,대구,1,ECMWF,23.0,50.0,12,27.0
2026-08-14 09:00:00,대구,1,GFS,43.0,50.0,6,7.0
2026-08-14 09:00:00,광주,1,나우캐스트,26.956518173217773,50.0,1,23.043481826782227
2026-08-14 09:00:00,광주,1,ECMWF,97.0,50.0,12,47.0
2026-08-14 09:00:00,광주,1,GFS,95.0,50.0,6,45.0
2026-08-14 09:00:00,부산,1,나우캐스트,17.072708129882812,10.0,1,7.0727081298828125
2026-08-14 09:00:00,부산,1,ECMWF,2.0,10.0,12,8.0
2026-08-14 09:00:00,부산,1,GFS,5.0,10.0,6,5.0
2026-08-14 09:00:00,인천,1,나우캐스트,34.29298782348633,70.0,1,35.70701217651367
2026-08-14 09:00:00,인천,1,ECMWF,95.0,70.0,12,25.0
2026-08-14 09:00:00,인천,1,GFS,100.0,70.0,6,30.0
2026-08-14 09:00:00,수원,1,나우캐스트,81.17415618896484,80.0,1,1.1741561889648438
2026-08-14 09:00:00,수원,1,ECMWF,99.0,80.0,12,19.0
2026-08-14 09:00:00,수원,1,GFS,100.0,80.0,6,20.0
2026-08-14 09:00:00,전주,1,나우캐스트,62.75263214111328,70.0,1,7.247367858886719
2026-08-14 09:00:00,전주,1,ECMWF,80.0,70.0,12,10.0
2026-08-14 09:00:00,전주,1,GFS,100.0,70.0,6,30.0
2026-08-14 09:00:00,강릉,1,나우캐스트,86.91859436035156,80.0,1,6.9185943603515625
2026-08-14 09:00:00,강릉,1,ECMWF,100.0,80.0,12,20.0
2026-08-14 09:00:00,강릉,1,GFS,79.0,80.0,6,1.0
2026-08-14 09:00:00,제주,1,나우캐스트,48.22444534301758,80.0,1,31.775554656982425
2026-08-14 09:00:00,제주,1,ECMWF,76.0,80.0,12,4.0
2026-08-14 09:00:00,제주,1,GFS,100.0,80.0,6,20.0
2026-08-15 00:00:00,서울,6,나우캐스트,63.77481460571289,100.0,6,36.22518539428711
2026-08-15 00:00:00,서울,6,ECMWF,100.0,100.0,3,0.0
2026-08-15 00:00:00,서울,6,GFS,100.0,100.0,3,0.0
2026-08-15 00:00:00,대전,6,나우캐스트,83.00822448730469,100.0,6,16.991775512695312
2026-08-15 00:00:00,대전,6,ECMWF,83.0,100.0,3,17.0
2026-08-15 00:00:00,대전,6,GFS,100.0,100.0,3,0.0
2026-08-15 00:00:00,대구,6,나우캐스트,80.84187316894531,70.0,6,10.841873168945312
2026-08-15 00:00:00,대구,6,ECMWF,88.0,70.0,3,18.0
2026-08-15 00:00:00,대구,6,GFS,100.0,70.0,3,30.0
2026-08-15 00:00:00,광주,6,나우캐스트,74.49344635009766,100.0,6,25.506553649902344
2026-08-15 00:00:00,광주,6,ECMWF,71.0,100.0,3,29.0
2026-08-15 00:00:00,광주,6,GFS,100.0,100.0,3,0.0
2026-08-15 00:00:00,부산,6,나우캐스트,54.00411987304688,80.0,6,25.995880126953125
2026-08-15 00:00:00,부산,6,ECMWF,99.0,80.0,3,19.0
2026-08-15 00:00:00,부산,6,GFS,92.0,80.0,3,12.0
2026-08-15 00:00:00,인천,6,나우캐스트,64.82744598388672,100.0,6,35.17255401611328
2026-08-15 00:00:00,인천,6,ECMWF,100.0,100.0,3,0.0
2026-08-15 00:00:00,인천,6,GFS,100.0,100.0,3,0.0
2026-08-15 00:00:00,수원,6,나우캐스트,74.4031982421875,100.0,6,25.5968017578125
2026-08-15 00:00:00,수원,6,ECMWF,100.0,100.0,3,0.0
2026-08-15 00:00:00,수원,6,GFS,90.0,100.0,3,10.0
2026-08-15 00:00:00,전주,6,나우캐스트,80.32417297363281,90.0,6,9.675827026367188
2026-08-15 00:00:00,전주,6,ECMWF,100.0,90.0,3,10.0
2026-08-15 00:00:00,전주,6,GFS,100.0,90.0,3,10.0
2026-08-15 00:00:00,강릉,6,나우캐스트,79.4436264038086,100.0,6,20.556373596191406
2026-08-15 00:00:00,강릉,6,ECMWF,100.0,100.0,3,0.0
2026-08-15 00:00:00,강릉,6,GFS,100.0,100.0,3,0.0
2026-08-15 00:00:00,제주,6,나우캐스트,44.74437713623047,70.0,6,25.25562286376953
2026-08-15 00:00:00,제주,6,ECMWF,100.0,70.0,3,30.0
2026-08-15 00:00:00,제주,6,GFS,100.0,70.0,3,30.0
2026-08-15 00:00:00,서울,5,나우캐스트,74.25823974609375,100.0,5,25.74176025390625
2026-08-15 00:00:00,서울,5,ECMWF,100.0,100.0,3,0.0
2026-08-15 00:00:00,서울,5,GFS,100.0,100.0,3,0.0
2026-08-15 00:00:00,대전,5,나우캐스트,84.546875,100.0,5,15.453125
2026-08-15 00:00:00,대전,5,ECMWF,83.0,100.0,3,17.0
2026-08-15 00:00:00,대전,5,GFS,100.0,100.0,3,0.0
2026-08-15 00:00:00,대구,5,나우캐스트,79.74824523925781,70.0,5,9.748245239257812
2026-08-15 00:00:00,대구,5,ECMWF,88.0,70.0,3,18.0
2026-08-15 00:00:00,대구,5,GFS,100.0,70.0,3,30.0
2026-08-15 00:00:00,광주,5,나우캐스트,74.49192810058594,100.0,5,25.508071899414062
2026-08-15 00:00:00,광주,5,ECMWF,71.0,100.0,3,29.0
2026-08-15 00:00:00,광주,5,GFS,100.0,100.0,3,0.0
2026-08-15 00:00:00,부산,5,나우캐스트,66.4525146484375,80.0,5,13.5474853515625
2026-08-15 00:00:00,부산,5,ECMWF,99.0,80.0,3,19.0
2026-08-15 00:00:00,부산,5,GFS,92.0,80.0,3,12.0
2026-08-15 00:00:00,인천,5,나우캐스트,71.1424331665039,100.0,5,28.857566833496094
2026-08-15 00:00:00,인천,5,ECMWF,100.0,100.0,3,0.0
2026-08-15 00:00:00,인천,5,GFS,100.0,100.0,3,0.0
2026-08-15 00:00:00,수원,5,나우캐스트,80.60811614990234,100.0,5,19.391883850097656
2026-08-15 00:00:00,수원,5,ECMWF,100.0,100.0,3,0.0
2026-08-15 00:00:00,수원,5,GFS,90.0,100.0,3,10.0
2026-08-15 00:00:00,전주,5,나우캐스트,80.77828216552734,90.0,5,9.221717834472656
2026-08-15 00:00:00,전주,5,ECMWF,100.0,90.0,3,10.0
2026-08-15 00:00:00,전주,5,GFS,100.0,90.0,3,10.0
2026-08-15 00:00:00,강릉,5,나우캐스트,76.31442260742188,100.0,5,23.685577392578125
2026-08-15 00:00:00,강릉,5,ECMWF,100.0,100.0,3,0.0
2026-08-15 00:00:00,강릉,5,GFS,100.0,100.0,3,0.0
2026-08-15 00:00:00,제주,5,나우캐스트,59.24737548828125,70.0,5,10.75262451171875
2026-08-15 00:00:00,제주,5,ECMWF,100.0,70.0,3,30.0
2026-08-15 00:00:00,제주,5,GFS,100.0,70.0,3,30.0
2026-08-15 00:00:00,서울,4,나우캐스트,71.97853088378906,100.0,4,28.021469116210938
2026-08-15 00:00:00,서울,4,ECMWF,100.0,100.0,3,0.0
2026-08-15 00:00:00,서울,4,GFS,100.0,100.0,3,0.0
2026-08-15 00:00:00,대전,4,나우캐스트,78.22659301757812,100.0,4,21.773406982421875
2026-08-15 00:00:00,대전,4,ECMWF,83.0,100.0,3,17.0
2026-08-15 00:00:00,대전,4,GFS,100.0,100.0,3,0.0
2026-08-15 00:00:00,대구,4,나우캐스트,76.34756469726562,70.0,4,6.347564697265625
2026-08-15 00:00:00,대구,4,ECMWF,88.0,70.0,3,18.0
2026-08-15 00:00:00,대구,4,GFS,100.0,70.0,3,30.0
2026-08-15 00:00:00,광주,4,나우캐스트,70.31991577148438,100.0,4,29.680084228515625
2026-08-15 00:00:00,광주,4,ECMWF,71.0,100.0,3,29.0
2026-08-15 00:00:00,광주,4,GFS,100.0,100.0,3,0.0
2026-08-15 00:00:00,부산,4,나우캐스트,58.5052604675293,80.0,4,21.494739532470703
2026-08-15 00:00:00,부산,4,ECMWF,99.0,80.0,3,19.0
2026-08-15 00:00:00,부산,4,GFS,92.0,80.0,3,12.0
2026-08-15 00:00:00,인천,4,나우캐스트,67.05003356933594,100.0,4,32.94996643066406
2026-08-15 00:00:00,인천,4,ECMWF,100.0,100.0,3,0.0
2026-08-15 00:00:00,인천,4,GFS,100.0,100.0,3,0.0
2026-08-15 00:00:00,수원,4,나우캐스트,70.2991943359375,100.0,4,29.7008056640625
2026-08-15 00:00:00,수원,4,ECMWF,100.0,100.0,3,0.0
2026-08-15 00:00:00,수원,4,GFS,90.0,100.0,3,10.0
2026-08-15 00:00:00,전주,4,나우캐스트,75.5941390991211,90.0,4,14.405860900878906
2026-08-15 00:00:00,전주,4,ECMWF,100.0,90.0,3,10.0
2026-08-15 00:00:00,전주,4,GFS,100.0,90.0,3,10.0
2026-08-15 00:00:00,강릉,4,나우캐스트,82.31029510498047,100.0,4,17.68970489501953
2026-08-15 00:00:00,강릉,4,ECMWF,100.0,100.0,3,0.0
2026-08-15 00:00:00,강릉,4,GFS,100.0,100.0,3,0.0
2026-08-15 00:00:00,제주,4,나우캐스트,58.53276062011719,70.0,4,11.467239379882812
2026-08-15 00:00:00,제주,4,ECMWF,100.0,70.0,3,30.0
2026-08-15 00:00:00,제주,4,GFS,100.0,70.0,3,30.0
2026-08-15 00:00:00,서울,3,나우캐스트,74.51033782958984,100.0,3,25.48966217041016
2026-08-15 00:00:00,서울,3,ECMWF,100.0,100.0,3,0.0
2026-08-15 00:00:00,서울,3,GFS,100.0,100.0,3,0.0
2026-08-15 00:00:00,대전,3,나우캐스트,82.15001678466797,100.0,3,17.84998321533203
2026-08-15 00:00:00,대전,3,ECMWF,83.0,100.0,3,17.0
2026-08-15 00:00:00,대전,3,GFS,100.0,100.0,3,0.0
2026-08-15 00:00:00,대구,3,나우캐스트,62.98844909667969,70.0,3,7.0115509033203125
2026-08-15 00:00:00,대구,3,ECMWF,88.0,70.0,3,18.0
2026-08-15 00:00:00,대구,3,GFS,100.0,70.0,3,30.0
2026-08-15 00:00:00,광주,3,나우캐스트,72.07821655273438,100.0,3,27.921783447265625
2026-08-15 00:00:00,광주,3,ECMWF,71.0,100.0,3,29.0
2026-08-15 00:00:00,광주,3,GFS,100.0,100.0,3,0.0
2026-08-15 00:00:00,부산,3,나우캐스트,47.39360809326172,80.0,3,32.60639190673828
2026-08-15 00:00:00,부산,3,ECMWF,99.0,80.0,3,19.0
2026-08-15 00:00:00,부산,3,GFS,92.0,80.0,3,12.0
2026-08-15 00:00:00,인천,3,나우캐스트,68.39183807373047,100.0,3,31.60816192626953
2026-08-15 00:00:00,인천,3,ECMWF,100.0,100.0,3,0.0
2026-08-15 00:00:00,인천,3,GFS,100.0,100.0,3,0.0
2026-08-15 00:00:00,수원,3,나우캐스트,73.54199981689453,100.0,3,26.45800018310547
2026-08-15 00:00:00,수원,3,ECMWF,100.0,100.0,3,0.0
2026-08-15 00:00:00,수원,3,GFS,90.0,100.0,3,10.0
2026-08-15 00:00:00,전주,3,나우캐스트,80.01500701904297,90.0,3,9.984992980957031
2026-08-15 00:00:00,전주,3,ECMWF,100.0,90.0,3,10.0
2026-08-15 00:00:00,전주,3,GFS,100.0,90.0,3,10.0
2026-08-15 00:00:00,강릉,3,나우캐스트,84.97409057617188,100.0,3,15.025909423828123
2026-08-15 00:00:00,강릉,3,ECMWF,100.0,100.0,3,0.0
2026-08-15 00:00:00,강릉,3,GFS,100.0,100.0,3,0.0
2026-08-15 00:00:00,제주,3,나우캐스트,56.22217559814453,70.0,3,13.777824401855469
2026-08-15 00:00:00,제주,3,ECMWF,100.0,70.0,3,30.0
2026-08-15 00:00:00,제주,3,GFS,100.0,70.0,3,30.0
2026-08-15 03:00:00,서울,6,나우캐스트,63.00138854980469,80.0,6,16.998611450195312
2026-08-15 03:00:00,서울,6,ECMWF,47.0,80.0,6,33.0
2026-08-15 03:00:00,서울,6,GFS,100.0,80.0,0,20.0
2026-08-15 03:00:00,대전,6,나우캐스트,79.53315734863281,100.0,6,20.466842651367188
2026-08-15 03:00:00,대전,6,ECMWF,93.0,100.0,6,7.0
2026-08-15 03:00:00,대전,6,GFS,100.0,100.0,0,0.0
2026-08-15 03:00:00,대구,6,나우캐스트,61.267578125,70.0,6,8.732421875
2026-08-15 03:00:00,대구,6,ECMWF,100.0,70.0,6,30.0
2026-08-15 03:00:00,대구,6,GFS,100.0,70.0,0,30.0
2026-08-15 03:00:00,광주,6,나우캐스트,68.25192260742188,100.0,6,31.748077392578125
2026-08-15 03:00:00,광주,6,ECMWF,100.0,100.0,6,0.0
2026-08-15 03:00:00,광주,6,GFS,94.0,100.0,0,6.0
2026-08-15 03:00:00,부산,6,나우캐스트,53.99887847900391,90.0,6,36.001121520996094
2026-08-15 03:00:00,부산,6,ECMWF,45.0,90.0,6,45.0
2026-08-15 03:00:00,부산,6,GFS,100.0,90.0,0,10.0
2026-08-15 03:00:00,인천,6,나우캐스트,53.67744445800781,100.0,6,46.32255554199219
2026-08-15 03:00:00,인천,6,ECMWF,31.0,100.0,6,69.0
2026-08-15 03:00:00,인천,6,GFS,100.0,100.0,0,0.0
2026-08-15 03:00:00,수원,6,나우캐스트,65.85910034179688,80.0,6,14.140899658203123
2026-08-15 03:00:00,수원,6,ECMWF,60.0,80.0,6,20.0
2026-08-15 03:00:00,수원,6,GFS,100.0,80.0,0,20.0
2026-08-15 03:00:00,전주,6,나우캐스트,78.07423400878906,100.0,6,21.925765991210938
2026-08-15 03:00:00,전주,6,ECMWF,99.0,100.0,6,1.0
2026-08-15 03:00:00,전주,6,GFS,100.0,100.0,0,0.0
2026-08-15 03:00:00,강릉,6,나우캐스트,81.89500427246094,100.0,6,18.104995727539062
2026-08-15 03:00:00,강릉,6,ECMWF,95.0,100.0,6,5.0
2026-08-15 03:00:00,강릉,6,GFS,100.0,100.0,0,0.0
2026-08-15 03:00:00,제주,6,나우캐스트,63.32217025756836,30.0,6,33.32217025756836
2026-08-15 03:00:00,제주,6,ECMWF,73.0,30.0,6,43.0
2026-08-15 03:00:00,제주,6,GFS,90.0,30.0,0,60.0
2026-08-15 00:00:00,서울,2,나우캐스트,71.12382507324219,100.0,2,28.87617492675781
2026-08-15 00:00:00,서울,2,ECMWF,100.0,100.0,3,0.0
2026-08-15 00:00:00,서울,2,GFS,100.0,100.0,3,0.0
2026-08-15 00:00:00,대전,2,나우캐스트,80.20662689208984,100.0,2,19.79337310791016
2026-08-15 00:00:00,대전,2,ECMWF,83.0,100.0,3,17.0
2026-08-15 00:00:00,대전,2,GFS,100.0,100.0,3,0.0
2026-08-15 00:00:00,대구,2,나우캐스트,70.24263000488281,70.0,2,0.2426300048828125
2026-08-15 00:00:00,대구,2,ECMWF,88.0,70.0,3,18.0
2026-08-15 00:00:00,대구,2,GFS,100.0,70.0,3,30.0
2026-08-15 00:00:00,광주,2,나우캐스트,68.6200942993164,100.0,2,31.379905700683597
2026-08-15 00:00:00,광주,2,ECMWF,71.0,100.0,3,29.0
2026-08-15 00:00:00,광주,2,GFS,100.0,100.0,3,0.0
2026-08-15 00:00:00,부산,2,나우캐스트,56.14854049682617,80.0,2,23.851459503173828
2026-08-15 00:00:00,부산,2,ECMWF,99.0,80.0,3,19.0
2026-08-15 00:00:00,부산,2,GFS,92.0,80.0,3,12.0
2026-08-15 00:00:00,인천,2,나우캐스트,73.16204833984375,100.0,2,26.83795166015625
2026-08-15 00:00:00,인천,2,ECMWF,100.0,100.0,3,0.0
2026-08-15 00:00:00,인천,2,GFS,100.0,100.0,3,0.0
2026-08-15 00:00:00,수원,2,나우캐스트,60.377838134765625,100.0,2,39.622161865234375
2026-08-15 00:00:00,수원,2,ECMWF,100.0,100.0,3,0.0
2026-08-15 00:00:00,수원,2,GFS,90.0,100.0,3,10.0
2026-08-15 00:00:00,전주,2,나우캐스트,76.18206787109375,90.0,2,13.81793212890625
2026-08-15 00:00:00,전주,2,ECMWF,100.0,90.0,3,10.0
2026-08-15 00:00:00,전주,2,GFS,100.0,90.0,3,10.0
2026-08-15 00:00:00,강릉,2,나우캐스트,87.65677642822266,100.0,2,12.343223571777344
2026-08-15 00:00:00,강릉,2,ECMWF,100.0,100.0,3,0.0
2026-08-15 00:00:00,강릉,2,GFS,100.0,100.0,3,0.0
2026-08-15 00:00:00,제주,2,나우캐스트,66.5594711303711,70.0,2,3.4405288696289062
2026-08-15 00:00:00,제주,2,ECMWF,100.0,70.0,3,30.0
2026-08-15 00:00:00,제주,2,GFS,100.0,70.0,3,30.0
2026-08-15 03:00:00,서울,5,나우캐스트,68.12947845458984,80.0,5,11.870521545410156
2026-08-15 03:00:00,서울,5,ECMWF,47.0,80.0,6,33.0
2026-08-15 03:00:00,서울,5,GFS,100.0,80.0,0,20.0
2026-08-15 03:00:00,대전,5,나우캐스트,68.88580322265625,100.0,5,31.11419677734375
2026-08-15 03:00:00,대전,5,ECMWF,93.0,100.0,6,7.0
2026-08-15 03:00:00,대전,5,GFS,100.0,100.0,0,0.0
2026-08-15 03:00:00,대구,5,나우캐스트,71.40813446044922,70.0,5,1.4081344604492188
2026-08-15 03:00:00,대구,5,ECMWF,100.0,70.0,6,30.0
2026-08-15 03:00:00,대구,5,GFS,100.0,70.0,0,30.0
2026-08-15 03:00:00,광주,5,나우캐스트,68.18970489501953,100.0,5,31.81029510498047
2026-08-15 03:00:00,광주,5,ECMWF,100.0,100.0,6,0.0
2026-08-15 03:00:00,광주,5,GFS,94.0,100.0,0,6.0
2026-08-15 03:00:00,부산,5,나우캐스트,56.19226837158203,90.0,5,33.80773162841797
2026-08-15 03:00:00,부산,5,ECMWF,45.0,90.0,6,45.0
2026-08-15 03:00:00,부산,5,GFS,100.0,90.0,0,10.0
2026-08-15 03:00:00,인천,5,나우캐스트,66.9804916381836,100.0,5,33.019508361816406
2026-08-15 03:00:00,인천,5,ECMWF,31.0,100.0,6,69.0
2026-08-15 03:00:00,인천,5,GFS,100.0,100.0,0,0.0
2026-08-15 03:00:00,수원,5,나우캐스트,66.3672866821289,80.0,5,13.632713317871094
2026-08-15 03:00:00,수원,5,ECMWF,60.0,80.0,6,20.0
2026-08-15 03:00:00,수원,5,GFS,100.0,80.0,0,20.0
2026-08-15 03:00:00,전주,5,나우캐스트,68.69880676269531,100.0,5,31.301193237304688
2026-08-15 03:00:00,전주,5,ECMWF,99.0,100.0,6,1.0
2026-08-15 03:00:00,전주,5,GFS,100.0,100.0,0,0.0
2026-08-15 03:00:00,강릉,5,나우캐스트,83.4538345336914,100.0,5,16.546165466308594
2026-08-15 03:00:00,강릉,5,ECMWF,95.0,100.0,6,5.0
2026-08-15 03:00:00,강릉,5,GFS,100.0,100.0,0,0.0
2026-08-15 03:00:00,제주,5,나우캐스트,55.39417266845703,30.0,5,25.39417266845703
2026-08-15 03:00:00,제주,5,ECMWF,73.0,30.0,6,43.0
2026-08-15 03:00:00,제주,5,GFS,90.0,30.0,0,60.0
2026-08-15 00:00:00,서울,1,나우캐스트,89.47198486328125,100.0,1,10.52801513671875
2026-08-15 00:00:00,서울,1,ECMWF,100.0,100.0,3,0.0
2026-08-15 00:00:00,서울,1,GFS,100.0,100.0,3,0.0
2026-08-15 00:00:00,대전,1,나우캐스트,91.1889419555664,100.0,1,8.811058044433594
2026-08-15 00:00:00,대전,1,ECMWF,83.0,100.0,3,17.0
2026-08-15 00:00:00,대전,1,GFS,100.0,100.0,3,0.0
2026-08-15 00:00:00,대구,1,나우캐스트,51.04727935791016,70.0,1,18.952720642089844
2026-08-15 00:00:00,대구,1,ECMWF,88.0,70.0,3,18.0
2026-08-15 00:00:00,대구,1,GFS,100.0,70.0,3,30.0
2026-08-15 00:00:00,광주,1,나우캐스트,74.25717163085938,100.0,1,25.742828369140625
2026-08-15 00:00:00,광주,1,ECMWF,71.0,100.0,3,29.0
2026-08-15 00:00:00,광주,1,GFS,100.0,100.0,3,0.0
2026-08-15 00:00:00,부산,1,나우캐스트,63.10776901245117,80.0,1,16.892230987548828
2026-08-15 00:00:00,부산,1,ECMWF,99.0,80.0,3,19.0
2026-08-15 00:00:00,부산,1,GFS,92.0,80.0,3,12.0
2026-08-15 00:00:00,인천,1,나우캐스트,91.89866638183594,100.0,1,8.101333618164062
2026-08-15 00:00:00,인천,1,ECMWF,100.0,100.0,3,0.0
2026-08-15 00:00:00,인천,1,GFS,100.0,100.0,3,0.0
2026-08-15 00:00:00,수원,1,나우캐스트,82.64460754394531,100.0,1,17.355392456054688
2026-08-15 00:00:00,수원,1,ECMWF,100.0,100.0,3,0.0
2026-08-15 00:00:00,수원,1,GFS,90.0,100.0,3,10.0
2026-08-15 00:00:00,전주,1,나우캐스트,86.24620056152344,90.0,1,3.7537994384765625
2026-08-15 00:00:00,전주,1,ECMWF,100.0,90.0,3,10.0
2026-08-15 00:00:00,전주,1,GFS,100.0,90.0,3,10.0
2026-08-15 00:00:00,강릉,1,나우캐스트,88.91687774658203,100.0,1,11.083122253417969
2026-08-15 00:00:00,강릉,1,ECMWF,100.0,100.0,3,0.0
2026-08-15 00:00:00,강릉,1,GFS,100.0,100.0,3,0.0
2026-08-15 00:00:00,제주,1,나우캐스트,72.69392395019531,70.0,1,2.6939239501953125
2026-08-15 00:00:00,제주,1,ECMWF,100.0,70.0,3,30.0
2026-08-15 00:00:00,제주,1,GFS,100.0,70.0,3,30.0
2026-08-15 03:00:00,서울,4,나우캐스트,84.56293487548828,80.0,4,4.562934875488281
2026-08-15 03:00:00,서울,4,ECMWF,47.0,80.0,6,33.0
2026-08-15 03:00:00,서울,4,GFS,100.0,80.0,0,20.0
2026-08-15 03:00:00,대전,4,나우캐스트,83.7200927734375,100.0,4,16.2799072265625
2026-08-15 03:00:00,대전,4,ECMWF,93.0,100.0,6,7.0
2026-08-15 03:00:00,대전,4,GFS,100.0,100.0,0,0.0
2026-08-15 03:00:00,대구,4,나우캐스트,66.26970672607422,70.0,4,3.730293273925781
2026-08-15 03:00:00,대구,4,ECMWF,100.0,70.0,6,30.0
2026-08-15 03:00:00,대구,4,GFS,100.0,70.0,0,30.0
2026-08-15 03:00:00,광주,4,나우캐스트,72.71914672851562,100.0,4,27.28085327148437
2026-08-15 03:00:00,광주,4,ECMWF,100.0,100.0,6,0.0
2026-08-15 03:00:00,광주,4,GFS,94.0,100.0,0,6.0
2026-08-15 03:00:00,부산,4,나우캐스트,63.16752624511719,90.0,4,26.83247375488281
2026-08-15 03:00:00,부산,4,ECMWF,45.0,90.0,6,45.0
2026-08-15 03:00:00,부산,4,GFS,100.0,90.0,0,10.0
2026-08-15 03:00:00,인천,4,나우캐스트,82.82131958007812,100.0,4,17.178680419921875
2026-08-15 03:00:00,인천,4,ECMWF,31.0,100.0,6,69.0
2026-08-15 03:00:00,인천,4,GFS,100.0,100.0,0,0.0
2026-08-15 03:00:00,수원,4,나우캐스트,83.36566925048828,80.0,4,3.365669250488281
2026-08-15 03:00:00,수원,4,ECMWF,60.0,80.0,6,20.0
2026-08-15 03:00:00,수원,4,GFS,100.0,80.0,0,20.0
2026-08-15 03:00:00,전주,4,나우캐스트,79.84811401367188,100.0,4,20.151885986328125
2026-08-15 03:00:00,전주,4,ECMWF,99.0,100.0,6,1.0
2026-08-15 03:00:00,전주,4,GFS,100.0,100.0,0,0.0
2026-08-15 03:00:00,강릉,4,나우캐스트,88.79788208007812,100.0,4,11.202117919921877
2026-08-15 03:00:00,강릉,4,ECMWF,95.0,100.0,6,5.0
2026-08-15 03:00:00,강릉,4,GFS,100.0,100.0,0,0.0
2026-08-15 03:00:00,제주,4,나우캐스트,69.92158508300781,30.0,4,39.92158508300781
2026-08-15 03:00:00,제주,4,ECMWF,73.0,30.0,6,43.0
2026-08-15 03:00:00,제주,4,GFS,90.0,30.0,0,60.0
2026-08-15 03:00:00,서울,3,나우캐스트,92.57345581054688,80.0,3,12.573455810546877
2026-08-15 03:00:00,서울,3,ECMWF,47.0,80.0,6,33.0
2026-08-15 03:00:00,서울,3,GFS,100.0,80.0,0,20.0
2026-08-15 03:00:00,대전,3,나우캐스트,88.32608032226562,100.0,3,11.673919677734377
2026-08-15 03:00:00,대전,3,ECMWF,93.0,100.0,6,7.0
2026-08-15 03:00:00,대전,3,GFS,100.0,100.0,0,0.0
2026-08-15 03:00:00,대구,3,나우캐스트,60.23900985717773,70.0,3,9.760990142822266
2026-08-15 03:00:00,대구,3,ECMWF,100.0,70.0,6,30.0
2026-08-15 03:00:00,대구,3,GFS,100.0,70.0,0,30.0
2026-08-15 03:00:00,광주,3,나우캐스트,72.16537475585938,100.0,3,27.834625244140625
2026-08-15 03:00:00,광주,3,ECMWF,100.0,100.0,6,0.0
2026-08-15 03:00:00,광주,3,GFS,94.0,100.0,0,6.0
2026-08-15 03:00:00,부산,3,나우캐스트,59.31695175170898,90.0,3,30.683048248291016
2026-08-15 03:00:00,부산,3,ECMWF,45.0,90.0,6,45.0
2026-08-15 03:00:00,부산,3,GFS,100.0,90.0,0,10.0
2026-08-15 03:00:00,인천,3,나우캐스트,90.77459716796876,100.0,3,9.22540283203125
2026-08-15 03:00:00,인천,3,ECMWF,31.0,100.0,6,69.0
2026-08-15 03:00:00,인천,3,GFS,100.0,100.0,0,0.0
2026-08-15 03:00:00,수원,3,나우캐스트,91.9727783203125,80.0,3,11.9727783203125
2026-08-15 03:00:00,수원,3,ECMWF,60.0,80.0,6,20.0
2026-08-15 03:00:00,수원,3,GFS,100.0,80.0,0,20.0
2026-08-15 03:00:00,전주,3,나우캐스트,84.716064453125,100.0,3,15.283935546875
2026-08-15 03:00:00,전주,3,ECMWF,99.0,100.0,6,1.0
2026-08-15 03:00:00,전주,3,GFS,100.0,100.0,0,0.0
2026-08-15 03:00:00,강릉,3,나우캐스트,93.31715393066406,100.0,3,6.6828460693359375
2026-08-15 03:00:00,강릉,3,ECMWF,95.0,100.0,6,5.0
2026-08-15 03:00:00,강릉,3,GFS,100.0,100.0,0,0.0
2026-08-15 03:00:00,제주,3,나우캐스트,68.85150909423828,30.0,3,38.85150909423828
2026-08-15 03:00:00,제주,3,ECMWF,73.0,30.0,6,43.0
2026-08-15 03:00:00,제주,3,GFS,90.0,30.0,0,60.0
2026-08-15 06:00:00,서울,6,나우캐스트,91.2781982421875,100.0,6,8.7218017578125
2026-08-15 06:00:00,서울,6,ECMWF,90.0,100.0,9,10.0
2026-08-15 06:00:00,서울,6,GFS,100.0,100.0,3,0.0
2026-08-15 06:00:00,대전,6,나우캐스트,88.69637298583984,80.0,6,8.696372985839844
2026-08-15 06:00:00,대전,6,ECMWF,100.0,80.0,9,20.0
2026-08-15 06:00:00,대전,6,GFS,100.0,80.0,3,20.0
2026-08-15 06:00:00,대구,6,나우캐스트,70.83959197998047,100.0,6,29.16040802001953
2026-08-15 06:00:00,대구,6,ECMWF,91.0,100.0,9,9.0
2026-08-15 06:00:00,대구,6,GFS,100.0,100.0,3,0.0
2026-08-15 06:00:00,광주,6,나우캐스트,81.62120056152344,100.0,6,18.37879943847656
2026-08-15 06:00:00,광주,6,ECMWF,88.0,100.0,9,12.0
2026-08-15 06:00:00,광주,6,GFS,100.0,100.0,3,0.0
2026-08-15 06:00:00,부산,6,나우캐스트,59.63960647583008,90.0,6,30.36039352416992
2026-08-15 06:00:00,부산,6,ECMWF,66.0,90.0,9,24.0
2026-08-15 06:00:00,부산,6,GFS,100.0,90.0,3,10.0
2026-08-15 06:00:00,인천,6,나우캐스트,89.95426177978516,100.0,6,10.045738220214844
2026-08-15 06:00:00,인천,6,ECMWF,88.0,100.0,9,12.0
2026-08-15 06:00:00,인천,6,GFS,100.0,100.0,3,0.0
2026-08-15 06:00:00,수원,6,나우캐스트,91.67273712158205,100.0,6,8.327262878417969
2026-08-15 06:00:00,수원,6,ECMWF,45.0,100.0,9,55.0
2026-08-15 06:00:00,수원,6,GFS,100.0,100.0,3,0.0
2026-08-15 06:00:00,전주,6,나우캐스트,88.64726257324219,80.0,6,8.647262573242188
2026-08-15 06:00:00,전주,6,ECMWF,100.0,80.0,9,20.0
2026-08-15 06:00:00,전주,6,GFS,100.0,80.0,3,20.0
2026-08-15 06:00:00,강릉,6,나우캐스트,93.00277709960938,90.0,6,3.002777099609375
2026-08-15 06:00:00,강릉,6,ECMWF,39.0,90.0,9,51.0
2026-08-15 06:00:00,강릉,6,GFS,100.0,90.0,3,10.0
2026-08-15 06:00:00,제주,6,나우캐스트,79.23805236816406,90.0,6,10.761947631835938
2026-08-15 06:00:00,제주,6,ECMWF,100.0,90.0,9,10.0
2026-08-15 06:00:00,제주,6,GFS,98.0,90.0,3,8.0
2026-08-15 03:00:00,서울,2,나우캐스트,94.53118896484376,80.0,2,14.53118896484375
2026-08-15 03:00:00,서울,2,ECMWF,47.0,80.0,6,33.0
2026-08-15 03:00:00,서울,2,GFS,100.0,80.0,0,20.0
2026-08-15 03:00:00,대전,2,나우캐스트,90.50960540771484,100.0,2,9.490394592285156
2026-08-15 03:00:00,대전,2,ECMWF,93.0,100.0,6,7.0
2026-08-15 03:00:00,대전,2,GFS,100.0,100.0,0,0.0
2026-08-15 03:00:00,대구,2,나우캐스트,78.98411560058594,70.0,2,8.984115600585938
2026-08-15 03:00:00,대구,2,ECMWF,100.0,70.0,6,30.0
2026-08-15 03:00:00,대구,2,GFS,100.0,70.0,0,30.0
2026-08-15 03:00:00,광주,2,나우캐스트,71.54843139648438,100.0,2,28.451568603515625
2026-08-15 03:00:00,광주,2,ECMWF,100.0,100.0,6,0.0
2026-08-15 03:00:00,광주,2,GFS,94.0,100.0,0,6.0
2026-08-15 03:00:00,부산,2,나우캐스트,70.78887176513672,90.0,2,19.21112823486328
2026-08-15 03:00:00,부산,2,ECMWF,45.0,90.0,6,45.0
2026-08-15 03:00:00,부산,2,GFS,100.0,90.0,0,10.0
2026-08-15 03:00:00,인천,2,나우캐스트,93.53230285644533,100.0,2,6.467697143554688
2026-08-15 03:00:00,인천,2,ECMWF,31.0,100.0,6,69.0
2026-08-15 03:00:00,인천,2,GFS,100.0,100.0,0,0.0
2026-08-15 03:00:00,수원,2,나우캐스트,94.94166564941406,80.0,2,14.941665649414062
2026-08-15 03:00:00,수원,2,ECMWF,60.0,80.0,6,20.0
2026-08-15 03:00:00,수원,2,GFS,100.0,80.0,0,20.0
2026-08-15 03:00:00,전주,2,나우캐스트,86.65817260742188,100.0,2,13.341827392578123
2026-08-15 03:00:00,전주,2,ECMWF,99.0,100.0,6,1.0
2026-08-15 03:00:00,전주,2,GFS,100.0,100.0,0,0.0
2026-08-15 03:00:00,강릉,2,나우캐스트,95.77320098876952,100.0,2,4.226799011230469
2026-08-15 03:00:00,강릉,2,ECMWF,95.0,100.0,6,5.0
2026-08-15 03:00:00,강릉,2,GFS,100.0,100.0,0,0.0
2026-08-15 03:00:00,제주,2,나우캐스트,70.97888946533203,30.0,2,40.97888946533203
2026-08-15 03:00:00,제주,2,ECMWF,73.0,30.0,6,43.0
2026-08-15 03:00:00,제주,2,GFS,90.0,30.0,0,60.0
2026-08-15 06:00:00,서울,5,나우캐스트,93.90609741210938,100.0,5,6.093902587890625
2026-08-15 06:00:00,서울,5,ECMWF,90.0,100.0,9,10.0
2026-08-15 06:00:00,서울,5,GFS,100.0,100.0,3,0.0
2026-08-15 06:00:00,대전,5,나우캐스트,86.44871520996094,80.0,5,6.4487152099609375
2026-08-15 06:00:00,대전,5,ECMWF,100.0,80.0,9,20.0
2026-08-15 06:00:00,대전,5,GFS,100.0,80.0,3,20.0
2026-08-15 06:00:00,대구,5,나우캐스트,82.10780334472656,100.0,5,17.892196655273438
2026-08-15 06:00:00,대구,5,ECMWF,91.0,100.0,9,9.0
2026-08-15 06:00:00,대구,5,GFS,100.0,100.0,3,0.0
2026-08-15 06:00:00,광주,5,나우캐스트,76.05677795410156,100.0,5,23.94322204589844
2026-08-15 06:00:00,광주,5,ECMWF,88.0,100.0,9,12.0
2026-08-15 06:00:00,광주,5,GFS,100.0,100.0,3,0.0
2026-08-15 06:00:00,부산,5,나우캐스트,73.7232894897461,90.0,5,16.276710510253906
2026-08-15 06:00:00,부산,5,ECMWF,66.0,90.0,9,24.0
2026-08-15 06:00:00,부산,5,GFS,100.0,90.0,3,10.0
2026-08-15 06:00:00,인천,5,나우캐스트,93.64665985107422,100.0,5,6.353340148925781
2026-08-15 06:00:00,인천,5,ECMWF,88.0,100.0,9,12.0
2026-08-15 06:00:00,인천,5,GFS,100.0,100.0,3,0.0
2026-08-15 06:00:00,수원,5,나우캐스트,93.07704162597656,100.0,5,6.9229583740234375
2026-08-15 06:00:00,수원,5,ECMWF,45.0,100.0,9,55.0
2026-08-15 06:00:00,수원,5,GFS,100.0,100.0,3,0.0
2026-08-15 06:00:00,전주,5,나우캐스트,83.90404510498047,80.0,5,3.9040451049804688
2026-08-15 06:00:00,전주,5,ECMWF,100.0,80.0,9,20.0
2026-08-15 06:00:00,전주,5,GFS,100.0,80.0,3,20.0
2026-08-15 06:00:00,강릉,5,나우캐스트,92.95247650146484,90.0,5,2.952476501464844
2026-08-15 06:00:00,강릉,5,ECMWF,39.0,90.0,9,51.0
2026-08-15 06:00:00,강릉,5,GFS,100.0,90.0,3,10.0
2026-08-15 06:00:00,제주,5,나우캐스트,84.32402038574219,90.0,5,5.6759796142578125
2026-08-15 06:00:00,제주,5,ECMWF,100.0,90.0,9,10.0
2026-08-15 06:00:00,제주,5,GFS,98.0,90.0,3,8.0
2026-08-15 03:00:00,서울,1,나우캐스트,85.15888977050781,80.0,1,5.1588897705078125
2026-08-15 03:00:00,서울,1,ECMWF,47.0,80.0,6,33.0
2026-08-15 03:00:00,서울,1,GFS,100.0,80.0,0,20.0
2026-08-15 03:00:00,대전,1,나우캐스트,98.3353042602539,100.0,1,1.6646957397460938
2026-08-15 03:00:00,대전,1,ECMWF,93.0,100.0,6,7.0
2026-08-15 03:00:00,대전,1,GFS,100.0,100.0,0,0.0
2026-08-15 03:00:00,대구,1,나우캐스트,74.446044921875,70.0,1,4.446044921875
2026-08-15 03:00:00,대구,1,ECMWF,100.0,70.0,6,30.0
2026-08-15 03:00:00,대구,1,GFS,100.0,70.0,0,30.0
2026-08-15 03:00:00,광주,1,나우캐스트,88.06700897216797,100.0,1,11.932991027832031
2026-08-15 03:00:00,광주,1,ECMWF,100.0,100.0,6,0.0
2026-08-15 03:00:00,광주,1,GFS,94.0,100.0,0,6.0
2026-08-15 03:00:00,부산,1,나우캐스트,70.49954986572266,90.0,1,19.500450134277344
2026-08-15 03:00:00,부산,1,ECMWF,45.0,90.0,6,45.0
2026-08-15 03:00:00,부산,1,GFS,100.0,90.0,0,10.0
2026-08-15 03:00:00,인천,1,나우캐스트,85.69611358642578,100.0,1,14.30388641357422
2026-08-15 03:00:00,인천,1,ECMWF,31.0,100.0,6,69.0
2026-08-15 03:00:00,인천,1,GFS,100.0,100.0,0,0.0
2026-08-15 03:00:00,수원,1,나우캐스트,93.79690551757812,80.0,1,13.796905517578123
2026-08-15 03:00:00,수원,1,ECMWF,60.0,80.0,6,20.0
2026-08-15 03:00:00,수원,1,GFS,100.0,80.0,0,20.0
2026-08-15 03:00:00,전주,1,나우캐스트,92.81835174560548,100.0,1,7.181648254394531
2026-08-15 03:00:00,전주,1,ECMWF,99.0,100.0,6,1.0
2026-08-15 03:00:00,전주,1,GFS,100.0,100.0,0,0.0
2026-08-15 03:00:00,강릉,1,나우캐스트,92.97158813476562,100.0,1,7.028411865234375
2026-08-15 03:00:00,강릉,1,ECMWF,95.0,100.0,6,5.0
2026-08-15 03:00:00,강릉,1,GFS,100.0,100.0,0,0.0
2026-08-15 03:00:00,제주,1,나우캐스트,56.03804016113281,30.0,1,26.03804016113281
2026-08-15 03:00:00,제주,1,ECMWF,73.0,30.0,6,43.0
2026-08-15 03:00:00,제주,1,GFS,90.0,30.0,0,60.0
2026-08-15 06:00:00,서울,4,나우캐스트,95.22337341308594,100.0,4,4.776626586914063
2026-08-15 06:00:00,서울,4,ECMWF,90.0,100.0,9,10.0
2026-08-15 06:00:00,서울,4,GFS,100.0,100.0,3,0.0
2026-08-15 06:00:00,대전,4,나우캐스트,90.62298583984376,80.0,4,10.62298583984375
2026-08-15 06:00:00,대전,4,ECMWF,100.0,80.0,9,20.0
2026-08-15 06:00:00,대전,4,GFS,100.0,80.0,3,20.0
2026-08-15 06:00:00,대구,4,나우캐스트,87.02942657470703,100.0,4,12.970573425292969
2026-08-15 06:00:00,대구,4,ECMWF,91.0,100.0,9,9.0
2026-08-15 06:00:00,대구,4,GFS,100.0,100.0,3,0.0
2026-08-15 06:00:00,광주,4,나우캐스트,86.3644790649414,100.0,4,13.635520935058594
2026-08-15 06:00:00,광주,4,ECMWF,88.0,100.0,9,12.0
2026-08-15 06:00:00,광주,4,GFS,100.0,100.0,3,0.0
2026-08-15 06:00:00,부산,4,나우캐스트,75.41287994384766,90.0,4,14.587120056152344
2026-08-15 06:00:00,부산,4,ECMWF,66.0,90.0,9,24.0
2026-08-15 06:00:00,부산,4,GFS,100.0,90.0,3,10.0
2026-08-15 06:00:00,인천,4,나우캐스트,97.0741195678711,100.0,4,2.9258804321289062
2026-08-15 06:00:00,인천,4,ECMWF,88.0,100.0,9,12.0
2026-08-15 06:00:00,인천,4,GFS,100.0,100.0,3,0.0
2026-08-15 06:00:00,수원,4,나우캐스트,95.06546020507812,100.0,4,4.934539794921875
2026-08-15 06:00:00,수원,4,ECMWF,45.0,100.0,9,55.0
2026-08-15 06:00:00,수원,4,GFS,100.0,100.0,3,0.0
2026-08-15 06:00:00,전주,4,나우캐스트,90.7545394897461,80.0,4,10.754539489746094
2026-08-15 06:00:00,전주,4,ECMWF,100.0,80.0,9,20.0
2026-08-15 06:00:00,전주,4,GFS,100.0,80.0,3,20.0
2026-08-15 06:00:00,강릉,4,나우캐스트,92.2523193359375,90.0,4,2.2523193359375
2026-08-15 06:00:00,강릉,4,ECMWF,39.0,90.0,9,51.0
2026-08-15 06:00:00,강릉,4,GFS,100.0,90.0,3,10.0
2026-08-15 06:00:00,제주,4,나우캐스트,85.8946762084961,90.0,4,4.105323791503906
2026-08-15 06:00:00,제주,4,ECMWF,100.0,90.0,9,10.0
2026-08-15 06:00:00,제주,4,GFS,98.0,90.0,3,8.0
2026-08-15 06:00:00,서울,3,나우캐스트,93.81265258789062,100.0,3,6.187347412109375
2026-08-15 06:00:00,서울,3,ECMWF,90.0,100.0,9,10.0
2026-08-15 06:00:00,서울,3,GFS,100.0,100.0,3,0.0
2026-08-15 06:00:00,대전,3,나우캐스트,92.33554077148438,80.0,3,12.335540771484377
2026-08-15 06:00:00,대전,3,ECMWF,100.0,80.0,9,20.0
2026-08-15 06:00:00,대전,3,GFS,100.0,80.0,3,20.0
2026-08-15 06:00:00,대구,3,나우캐스트,89.48641204833984,100.0,3,10.513587951660156
2026-08-15 06:00:00,대구,3,ECMWF,91.0,100.0,9,9.0
2026-08-15 06:00:00,대구,3,GFS,100.0,100.0,3,0.0
2026-08-15 06:00:00,광주,3,나우캐스트,82.88191223144531,100.0,3,17.118087768554688
2026-08-15 06:00:00,광주,3,ECMWF,88.0,100.0,9,12.0
2026-08-15 06:00:00,광주,3,GFS,100.0,100.0,3,0.0
2026-08-15 06:00:00,부산,3,나우캐스트,79.78550720214844,90.0,3,10.214492797851562
2026-08-15 06:00:00,부산,3,ECMWF,66.0,90.0,9,24.0
2026-08-15 06:00:00,부산,3,GFS,100.0,90.0,3,10.0
2026-08-15 06:00:00,인천,3,나우캐스트,94.3484115600586,100.0,3,5.651588439941406
2026-08-15 06:00:00,인천,3,ECMWF,88.0,100.0,9,12.0
2026-08-15 06:00:00,인천,3,GFS,100.0,100.0,3,0.0
2026-08-15 06:00:00,수원,3,나우캐스트,91.69407653808594,100.0,3,8.305923461914062
2026-08-15 06:00:00,수원,3,ECMWF,45.0,100.0,9,55.0
2026-08-15 06:00:00,수원,3,GFS,100.0,100.0,3,0.0
2026-08-15 06:00:00,전주,3,나우캐스트,93.56803131103516,80.0,3,13.568031311035156
2026-08-15 06:00:00,전주,3,ECMWF,100.0,80.0,9,20.0
2026-08-15 06:00:00,전주,3,GFS,100.0,80.0,3,20.0
2026-08-15 06:00:00,강릉,3,나우캐스트,90.70124816894533,90.0,3,0.7012481689453125
2026-08-15 06:00:00,강릉,3,ECMWF,39.0,90.0,9,51.0
2026-08-15 06:00:00,강릉,3,GFS,100.0,90.0,3,10.0
2026-08-15 06:00:00,제주,3,나우캐스트,82.06499481201172,90.0,3,7.935005187988281
2026-08-15 06:00:00,제주,3,ECMWF,100.0,90.0,9,10.0
2026-08-15 06:00:00,제주,3,GFS,98.0,90.0,3,8.0
2026-08-15 09:00:00,서울,6,나우캐스트,93.8983383178711,100.0,6,6.101661682128906
2026-08-15 09:00:00,서울,6,ECMWF,100.0,100.0,12,0.0
2026-08-15 09:00:00,서울,6,GFS,100.0,100.0,6,0.0
2026-08-15 09:00:00,대전,6,나우캐스트,92.74088287353516,100.0,6,7.259117126464844
2026-08-15 09:00:00,대전,6,ECMWF,98.0,100.0,12,2.0
2026-08-15 09:00:00,대전,6,GFS,100.0,100.0,6,0.0
2026-08-15 09:00:00,대구,6,나우캐스트,85.87080383300781,80.0,6,5.8708038330078125
2026-08-15 09:00:00,대구,6,ECMWF,95.0,80.0,12,15.0
2026-08-15 09:00:00,대구,6,GFS,100.0,80.0,6,20.0
2026-08-15 09:00:00,광주,6,나우캐스트,83.90261840820312,100.0,6,16.097381591796875
2026-08-15 09:00:00,광주,6,ECMWF,100.0,100.0,12,0.0
2026-08-15 09:00:00,광주,6,GFS,100.0,100.0,6,0.0
2026-08-15 09:00:00,부산,6,나우캐스트,78.50373840332031,90.0,6,11.496261596679688
2026-08-15 09:00:00,부산,6,ECMWF,99.0,90.0,12,9.0
2026-08-15 09:00:00,부산,6,GFS,100.0,90.0,6,10.0
2026-08-15 09:00:00,인천,6,나우캐스트,94.66592407226562,100.0,6,5.334075927734375
2026-08-15 09:00:00,인천,6,ECMWF,98.0,100.0,12,2.0
2026-08-15 09:00:00,인천,6,GFS,100.0,100.0,6,0.0
2026-08-15 09:00:00,수원,6,나우캐스트,94.19248962402344,100.0,6,5.8075103759765625
2026-08-15 09:00:00,수원,6,ECMWF,95.0,100.0,12,5.0
2026-08-15 09:00:00,수원,6,GFS,100.0,100.0,6,0.0
2026-08-15 09:00:00,전주,6,나우캐스트,92.8145751953125,90.0,6,2.8145751953125
2026-08-15 09:00:00,전주,6,ECMWF,100.0,90.0,12,10.0
2026-08-15 09:00:00,전주,6,GFS,100.0,90.0,6,10.0
2026-08-15 09:00:00,강릉,6,나우캐스트,91.24552917480467,80.0,6,11.245529174804688
2026-08-15 09:00:00,강릉,6,ECMWF,99.0,80.0,12,19.0
2026-08-15 09:00:00,강릉,6,GFS,90.0,80.0,6,10.0
2026-08-15 09:00:00,제주,6,나우캐스트,87.43416595458984,100.0,6,12.565834045410156
2026-08-15 09:00:00,제주,6,ECMWF,100.0,100.0,12,0.0
2026-08-15 09:00:00,제주,6,GFS,100.0,100.0,6,0.0
2026-08-15 06:00:00,서울,2,나우캐스트,91.04872131347656,100.0,2,8.951278686523438
2026-08-15 06:00:00,서울,2,ECMWF,90.0,100.0,9,10.0
2026-08-15 06:00:00,서울,2,GFS,100.0,100.0,3,0.0
2026-08-15 06:00:00,대전,2,나우캐스트,91.24227142333984,80.0,2,11.242271423339844
2026-08-15 06:00:00,대전,2,ECMWF,100.0,80.0,9,20.0
2026-08-15 06:00:00,대전,2,GFS,100.0,80.0,3,20.0
2026-08-15 06:00:00,대구,2,나우캐스트,94.47879028320312,100.0,2,5.521209716796875
2026-08-15 06:00:00,대구,2,ECMWF,91.0,100.0,9,9.0
2026-08-15 06:00:00,대구,2,GFS,100.0,100.0,3,0.0
2026-08-15 06:00:00,광주,2,나우캐스트,77.96495819091797,100.0,2,22.03504180908203
2026-08-15 06:00:00,광주,2,ECMWF,88.0,100.0,9,12.0
2026-08-15 06:00:00,광주,2,GFS,100.0,100.0,3,0.0
2026-08-15 06:00:00,부산,2,나우캐스트,79.47564697265625,90.0,2,10.52435302734375
2026-08-15 06:00:00,부산,2,ECMWF,66.0,90.0,9,24.0
2026-08-15 06:00:00,부산,2,GFS,100.0,90.0,3,10.0
2026-08-15 06:00:00,인천,2,나우캐스트,92.51010131835938,100.0,2,7.489898681640625
2026-08-15 06:00:00,인천,2,ECMWF,88.0,100.0,9,12.0
2026-08-15 06:00:00,인천,2,GFS,100.0,100.0,3,0.0
2026-08-15 06:00:00,수원,2,나우캐스트,88.35511016845703,100.0,2,11.644889831542969
2026-08-15 06:00:00,수원,2,ECMWF,45.0,100.0,9,55.0
2026-08-15 06:00:00,수원,2,GFS,100.0,100.0,3,0.0
2026-08-15 06:00:00,전주,2,나우캐스트,90.10252380371094,80.0,2,10.102523803710938
2026-08-15 06:00:00,전주,2,ECMWF,100.0,80.0,9,20.0
2026-08-15 06:00:00,전주,2,GFS,100.0,80.0,3,20.0
2026-08-15 06:00:00,강릉,2,나우캐스트,92.43768310546876,90.0,2,2.43768310546875
2026-08-15 06:00:00,강릉,2,ECMWF,39.0,90.0,9,51.0
2026-08-15 06:00:00,강릉,2,GFS,100.0,90.0,3,10.0
2026-08-15 06:00:00,제주,2,나우캐스트,90.00847625732422,90.0,2,0.0084762573242187
2026-08-15 06:00:00,제주,2,ECMWF,100.0,90.0,9,10.0
2026-08-15 06:00:00,제주,2,GFS,98.0,90.0,3,8.0
2026-08-15 09:00:00,서울,5,나우캐스트,93.95143127441406,100.0,5,6.0485687255859375
2026-08-15 09:00:00,서울,5,ECMWF,100.0,100.0,12,0.0
2026-08-15 09:00:00,서울,5,GFS,100.0,100.0,6,0.0
2026-08-15 09:00:00,대전,5,나우캐스트,91.98193359375,100.0,5,8.01806640625
2026-08-15 09:00:00,대전,5,ECMWF,98.0,100.0,12,2.0
2026-08-15 09:00:00,대전,5,GFS,100.0,100.0,6,0.0
2026-08-15 09:00:00,대구,5,나우캐스트,87.12545776367188,80.0,5,7.125457763671875
2026-08-15 09:00:00,대구,5,ECMWF,95.0,80.0,12,15.0
2026-08-15 09:00:00,대구,5,GFS,100.0,80.0,6,20.0
2026-08-15 09:00:00,광주,5,나우캐스트,87.10151672363281,100.0,5,12.898483276367188
2026-08-15 09:00:00,광주,5,ECMWF,100.0,100.0,12,0.0
2026-08-15 09:00:00,광주,5,GFS,100.0,100.0,6,0.0
2026-08-15 09:00:00,부산,5,나우캐스트,79.39588165283203,90.0,5,10.604118347167969
2026-08-15 09:00:00,부산,5,ECMWF,99.0,90.0,12,9.0
2026-08-15 09:00:00,부산,5,GFS,100.0,90.0,6,10.0
2026-08-15 09:00:00,인천,5,나우캐스트,95.18325805664062,100.0,5,4.816741943359375
2026-08-15 09:00:00,인천,5,ECMWF,98.0,100.0,12,2.0
2026-08-15 09:00:00,인천,5,GFS,100.0,100.0,6,0.0
2026-08-15 09:00:00,수원,5,나우캐스트,93.60428619384766,100.0,5,6.395713806152344
2026-08-15 09:00:00,수원,5,ECMWF,95.0,100.0,12,5.0
2026-08-15 09:00:00,수원,5,GFS,100.0,100.0,6,0.0
2026-08-15 09:00:00,전주,5,나우캐스트,90.7198257446289,90.0,5,0.7198257446289062
2026-08-15 09:00:00,전주,5,ECMWF,100.0,90.0,12,10.0
2026-08-15 09:00:00,전주,5,GFS,100.0,90.0,6,10.0
2026-08-15 09:00:00,강릉,5,나우캐스트,88.98931884765625,80.0,5,8.98931884765625
2026-08-15 09:00:00,강릉,5,ECMWF,99.0,80.0,12,19.0
2026-08-15 09:00:00,강릉,5,GFS,90.0,80.0,6,10.0
2026-08-15 09:00:00,제주,5,나우캐스트,90.49397277832033,100.0,5,9.506027221679688
2026-08-15 09:00:00,제주,5,ECMWF,100.0,100.0,12,0.0
2026-08-15 09:00:00,제주,5,GFS,100.0,100.0,6,0.0
2026-08-15 06:00:00,서울,1,나우캐스트,88.10701751708984,100.0,1,11.892982482910156
2026-08-15 06:00:00,서울,1,ECMWF,90.0,100.0,9,10.0
2026-08-15 06:00:00,서울,1,GFS,100.0,100.0,3,0.0
2026-08-15 06:00:00,대전,1,나우캐스트,82.80721282958984,80.0,1,2.807212829589844
2026-08-15 06:00:00,대전,1,ECMWF,100.0,80.0,9,20.0
2026-08-15 06:00:00,대전,1,GFS,100.0,80.0,3,20.0
2026-08-15 06:00:00,대구,1,나우캐스트,98.3815460205078,100.0,1,1.6184539794921875
2026-08-15 06:00:00,대구,1,ECMWF,91.0,100.0,9,9.0
2026-08-15 06:00:00,대구,1,GFS,100.0,100.0,3,0.0
2026-08-15 06:00:00,광주,1,나우캐스트,83.55985260009766,100.0,1,16.440147399902344
2026-08-15 06:00:00,광주,1,ECMWF,88.0,100.0,9,12.0
2026-08-15 06:00:00,광주,1,GFS,100.0,100.0,3,0.0
2026-08-15 06:00:00,부산,1,나우캐스트,82.81820678710938,90.0,1,7.181793212890625
2026-08-15 06:00:00,부산,1,ECMWF,66.0,90.0,9,24.0
2026-08-15 06:00:00,부산,1,GFS,100.0,90.0,3,10.0
2026-08-15 06:00:00,인천,1,나우캐스트,88.09121704101562,100.0,1,11.908782958984377
2026-08-15 06:00:00,인천,1,ECMWF,88.0,100.0,9,12.0
2026-08-15 06:00:00,인천,1,GFS,100.0,100.0,3,0.0
2026-08-15 06:00:00,수원,1,나우캐스트,84.74983978271484,100.0,1,15.250160217285156
2026-08-15 06:00:00,수원,1,ECMWF,45.0,100.0,9,55.0
2026-08-15 06:00:00,수원,1,GFS,100.0,100.0,3,0.0
2026-08-15 06:00:00,전주,1,나우캐스트,87.78132629394531,80.0,1,7.781326293945312
2026-08-15 06:00:00,전주,1,ECMWF,100.0,80.0,9,20.0
2026-08-15 06:00:00,전주,1,GFS,100.0,80.0,3,20.0
2026-08-15 06:00:00,강릉,1,나우캐스트,85.32273864746094,90.0,1,4.677261352539063
2026-08-15 06:00:00,강릉,1,ECMWF,39.0,90.0,9,51.0
2026-08-15 06:00:00,강릉,1,GFS,100.0,90.0,3,10.0
2026-08-15 06:00:00,제주,1,나우캐스트,88.3238525390625,90.0,1,1.6761474609375
2026-08-15 06:00:00,제주,1,ECMWF,100.0,90.0,9,10.0
2026-08-15 06:00:00,제주,1,GFS,98.0,90.0,3,8.0
2026-08-15 09:00:00,서울,4,나우캐스트,91.80551147460938,100.0,4,8.194488525390625
2026-08-15 09:00:00,서울,4,ECMWF,100.0,100.0,12,0.0
2026-08-15 09:00:00,서울,4,GFS,100.0,100.0,6,0.0
2026-08-15 09:00:00,대전,4,나우캐스트,89.83522033691406,100.0,4,10.164779663085938
2026-08-15 09:00:00,대전,4,ECMWF,98.0,100.0,12,2.0
2026-08-15 09:00:00,대전,4,GFS,100.0,100.0,6,0.0
2026-08-15 09:00:00,대구,4,나우캐스트,85.38554382324219,80.0,4,5.385543823242188
2026-08-15 09:00:00,대구,4,ECMWF,95.0,80.0,12,15.0
2026-08-15 09:00:00,대구,4,GFS,100.0,80.0,6,20.0
2026-08-15 09:00:00,광주,4,나우캐스트,83.94989013671875,100.0,4,16.05010986328125
2026-08-15 09:00:00,광주,4,ECMWF,100.0,100.0,12,0.0
2026-08-15 09:00:00,광주,4,GFS,100.0,100.0,6,0.0
2026-08-15 09:00:00,부산,4,나우캐스트,75.17398071289062,90.0,4,14.826019287109377
2026-08-15 09:00:00,부산,4,ECMWF,99.0,90.0,12,9.0
2026-08-15 09:00:00,부산,4,GFS,100.0,90.0,6,10.0
2026-08-15 09:00:00,인천,4,나우캐스트,93.4883804321289,100.0,4,6.511619567871094
2026-08-15 09:00:00,인천,4,ECMWF,98.0,100.0,12,2.0
2026-08-15 09:00:00,인천,4,GFS,100.0,100.0,6,0.0
2026-08-15 09:00:00,수원,4,나우캐스트,90.76649475097656,100.0,4,9.233505249023438
2026-08-15 09:00:00,수원,4,ECMWF,95.0,100.0,12,5.0
2026-08-15 09:00:00,수원,4,GFS,100.0,100.0,6,0.0
2026-08-15 09:00:00,전주,4,나우캐스트,87.89812469482422,90.0,4,2.101875305175781
2026-08-15 09:00:00,전주,4,ECMWF,100.0,90.0,12,10.0
2026-08-15 09:00:00,전주,4,GFS,100.0,90.0,6,10.0
2026-08-15 09:00:00,강릉,4,나우캐스트,87.38092041015625,80.0,4,7.38092041015625
2026-08-15 09:00:00,강릉,4,ECMWF,99.0,80.0,12,19.0
2026-08-15 09:00:00,강릉,4,GFS,90.0,80.0,6,10.0
2026-08-15 09:00:00,제주,4,나우캐스트,91.64275360107422,100.0,4,8.357246398925781
2026-08-15 09:00:00,제주,4,ECMWF,100.0,100.0,12,0.0
2026-08-15 09:00:00,제주,4,GFS,100.0,100.0,6,0.0
2026-08-15 09:00:00,서울,3,나우캐스트,94.42169952392578,100.0,3,5.578300476074219
2026-08-15 09:00:00,서울,3,ECMWF,100.0,100.0,12,0.0
2026-08-15 09:00:00,서울,3,GFS,100.0,100.0,6,0.0
2026-08-15 09:00:00,대전,3,나우캐스트,89.43335723876953,100.0,3,10.566642761230469
2026-08-15 09:00:00,대전,3,ECMWF,98.0,100.0,12,2.0
2026-08-15 09:00:00,대전,3,GFS,100.0,100.0,6,0.0
2026-08-15 09:00:00,대구,3,나우캐스트,83.61482238769531,80.0,3,3.614822387695313
2026-08-15 09:00:00,대구,3,ECMWF,95.0,80.0,12,15.0
2026-08-15 09:00:00,대구,3,GFS,100.0,80.0,6,20.0
2026-08-15 09:00:00,광주,3,나우캐스트,90.17556762695312,100.0,3,9.824432373046877
2026-08-15 09:00:00,광주,3,ECMWF,100.0,100.0,12,0.0
2026-08-15 09:00:00,광주,3,GFS,100.0,100.0,6,0.0
2026-08-15 09:00:00,부산,3,나우캐스트,79.40985107421875,90.0,3,10.59014892578125
2026-08-15 09:00:00,부산,3,ECMWF,99.0,90.0,12,9.0
2026-08-15 09:00:00,부산,3,GFS,100.0,90.0,6,10.0
2026-08-15 09:00:00,인천,3,나우캐스트,95.13780212402344,100.0,3,4.8621978759765625
2026-08-15 09:00:00,인천,3,ECMWF,98.0,100.0,12,2.0
2026-08-15 09:00:00,인천,3,GFS,100.0,100.0,6,0.0
2026-08-15 09:00:00,수원,3,나우캐스트,92.4158935546875,100.0,3,7.5841064453125
2026-08-15 09:00:00,수원,3,ECMWF,95.0,100.0,12,5.0
2026-08-15 09:00:00,수원,3,GFS,100.0,100.0,6,0.0
2026-08-15 09:00:00,전주,3,나우캐스트,92.11144256591795,90.0,3,2.1114425659179688
2026-08-15 09:00:00,전주,3,ECMWF,100.0,90.0,12,10.0
2026-08-15 09:00:00,전주,3,GFS,100.0,90.0,6,10.0
2026-08-15 09:00:00,강릉,3,나우캐스트,89.22190856933594,80.0,3,9.221908569335938
2026-08-15 09:00:00,강릉,3,ECMWF,99.0,80.0,12,19.0
2026-08-15 09:00:00,강릉,3,GFS,90.0,80.0,6,10.0
2026-08-15 09:00:00,제주,3,나우캐스트,94.8233413696289,100.0,3,5.176658630371094
2026-08-15 09:00:00,제주,3,ECMWF,100.0,100.0,12,0.0
2026-08-15 09:00:00,제주,3,GFS,100.0,100.0,6,0.0
2026-08-15 12:00:00,서울,6,나우캐스트,95.01199340820312,100.0,6,4.988006591796875
2026-08-15 12:00:00,서울,6,ECMWF,100.0,100.0,15,0.0
2026-08-15 12:00:00,서울,6,GFS,100.0,100.0,9,0.0
2026-08-15 12:00:00,대전,6,나우캐스트,92.05670928955078,100.0,6,7.943290710449219
2026-08-15 12:00:00,대전,6,ECMWF,100.0,100.0,15,0.0
2026-08-15 12:00:00,대전,6,GFS,100.0,100.0,9,0.0
2026-08-15 12:00:00,대구,6,나우캐스트,87.55299377441406,90.0,6,2.447006225585937
2026-08-15 12:00:00,대구,6,ECMWF,100.0,90.0,15,10.0
2026-08-15 12:00:00,대구,6,GFS,100.0,90.0,9,10.0
2026-08-15 12:00:00,광주,6,나우캐스트,91.71509552001952,100.0,6,8.284904479980469
2026-08-15 12:00:00,광주,6,ECMWF,100.0,100.0,15,0.0
2026-08-15 12:00:00,광주,6,GFS,100.0,100.0,9,0.0
2026-08-15 12:00:00,부산,6,나우캐스트,76.20716857910156,80.0,6,3.7928314208984375
2026-08-15 12:00:00,부산,6,ECMWF,99.0,80.0,15,19.0
2026-08-15 12:00:00,부산,6,GFS,100.0,80.0,9,20.0
2026-08-15 12:00:00,인천,6,나우캐스트,95.46623229980467,90.0,6,5.466232299804688
2026-08-15 12:00:00,인천,6,ECMWF,100.0,90.0,15,10.0
2026-08-15 12:00:00,인천,6,GFS,99.0,90.0,9,9.0
2026-08-15 12:00:00,수원,6,나우캐스트,94.31916046142578,90.0,6,4.319160461425781
2026-08-15 12:00:00,수원,6,ECMWF,100.0,90.0,15,10.0
2026-08-15 12:00:00,수원,6,GFS,100.0,90.0,9,10.0
2026-08-15 12:00:00,전주,6,나우캐스트,90.74429321289062,100.0,6,9.255706787109377
2026-08-15 12:00:00,전주,6,ECMWF,100.0,100.0,15,0.0
2026-08-15 12:00:00,전주,6,GFS,100.0,100.0,9,0.0
2026-08-15 12:00:00,강릉,6,나우캐스트,90.33660125732422,100.0,6,9.66339874267578
2026-08-15 12:00:00,강릉,6,ECMWF,99.0,100.0,15,1.0
2026-08-15 12:00:00,강릉,6,GFS,100.0,100.0,9,0.0
2026-08-15 12:00:00,제주,6,나우캐스트,92.72132110595705,90.0,6,2.7213211059570312
2026-08-15 12:00:00,제주,6,ECMWF,100.0,90.0,15,10.0
2026-08-15 12:00:00,제주,6,GFS,100.0,90.0,9,10.0
2026-08-15 09:00:00,서울,2,나우캐스트,97.52920532226562,100.0,2,2.470794677734375
2026-08-15 09:00:00,서울,2,ECMWF,100.0,100.0,12,0.0
2026-08-15 09:00:00,서울,2,GFS,100.0,100.0,6,0.0
2026-08-15 09:00:00,대전,2,나우캐스트,95.08875274658205,100.0,2,4.911247253417969
2026-08-15 09:00:00,대전,2,ECMWF,98.0,100.0,12,2.0
2026-08-15 09:00:00,대전,2,GFS,100.0,100.0,6,0.0
2026-08-15 09:00:00,대구,2,나우캐스트,82.63919830322266,80.0,2,2.639198303222656
2026-08-15 09:00:00,대구,2,ECMWF,95.0,80.0,12,15.0
2026-08-15 09:00:00,대구,2,GFS,100.0,80.0,6,20.0
2026-08-15 09:00:00,광주,2,나우캐스트,92.00196075439452,100.0,2,7.998039245605469
2026-08-15 09:00:00,광주,2,ECMWF,100.0,100.0,12,0.0
2026-08-15 09:00:00,광주,2,GFS,100.0,100.0,6,0.0
2026-08-15 09:00:00,부산,2,나우캐스트,80.34588623046875,90.0,2,9.65411376953125
2026-08-15 09:00:00,부산,2,ECMWF,99.0,90.0,12,9.0
2026-08-15 09:00:00,부산,2,GFS,100.0,90.0,6,10.0
2026-08-15 09:00:00,인천,2,나우캐스트,98.23405456542967,100.0,2,1.7659454345703125
2026-08-15 09:00:00,인천,2,ECMWF,98.0,100.0,12,2.0
2026-08-15 09:00:00,인천,2,GFS,100.0,100.0,6,0.0
2026-08-15 09:00:00,수원,2,나우캐스트,96.988525390625,100.0,2,3.011474609375
2026-08-15 09:00:00,수원,2,ECMWF,95.0,100.0,12,5.0
2026-08-15 09:00:00,수원,2,GFS,100.0,100.0,6,0.0
2026-08-15 09:00:00,전주,2,나우캐스트,94.11328125,90.0,2,4.11328125
2026-08-15 09:00:00,전주,2,ECMWF,100.0,90.0,12,10.0
2026-08-15 09:00:00,전주,2,GFS,100.0,90.0,6,10.0
2026-08-15 09:00:00,강릉,2,나우캐스트,93.75413513183594,80.0,2,13.754135131835938
2026-08-15 09:00:00,강릉,2,ECMWF,99.0,80.0,12,19.0
2026-08-15 09:00:00,강릉,2,GFS,90.0,80.0,6,10.0
2026-08-15 09:00:00,제주,2,나우캐스트,87.79367065429688,100.0,2,12.206329345703123
2026-08-15 09:00:00,제주,2,ECMWF,100.0,100.0,12,0.0
2026-08-15 09:00:00,제주,2,GFS,100.0,100.0,6,0.0
2026-08-15 12:00:00,서울,5,나우캐스트,95.6614990234375,100.0,5,4.3385009765625
2026-08-15 12:00:00,서울,5,ECMWF,100.0,100.0,15,0.0
2026-08-15 12:00:00,서울,5,GFS,100.0,100.0,9,0.0
2026-08-15 12:00:00,대전,5,나우캐스트,94.32268524169922,100.0,5,5.677314758300781
2026-08-15 12:00:00,대전,5,ECMWF,100.0,100.0,15,0.0
2026-08-15 12:00:00,대전,5,GFS,100.0,100.0,9,0.0
2026-08-15 12:00:00,대구,5,나우캐스트,86.71449279785156,90.0,5,3.285507202148437
2026-08-15 12:00:00,대구,5,ECMWF,100.0,90.0,15,10.0
2026-08-15 12:00:00,대구,5,GFS,100.0,90.0,9,10.0
2026-08-15 12:00:00,광주,5,나우캐스트,92.68938446044922,100.0,5,7.310615539550781
2026-08-15 12:00:00,광주,5,ECMWF,100.0,100.0,15,0.0
2026-08-15 12:00:00,광주,5,GFS,100.0,100.0,9,0.0
2026-08-15 12:00:00,부산,5,나우캐스트,75.37533569335938,80.0,5,4.624664306640625
2026-08-15 12:00:00,부산,5,ECMWF,99.0,80.0,15,19.0
2026-08-15 12:00:00,부산,5,GFS,100.0,80.0,9,20.0
2026-08-15 12:00:00,인천,5,나우캐스트,95.8413314819336,90.0,5,5.841331481933594
2026-08-15 12:00:00,인천,5,ECMWF,100.0,90.0,15,10.0
2026-08-15 12:00:00,인천,5,GFS,99.0,90.0,9,9.0
2026-08-15 12:00:00,수원,5,나우캐스트,95.87286376953124,90.0,5,5.87286376953125
2026-08-15 12:00:00,수원,5,ECMWF,100.0,90.0,15,10.0
2026-08-15 12:00:00,수원,5,GFS,100.0,90.0,9,10.0
2026-08-15 12:00:00,전주,5,나우캐스트,93.53895568847656,100.0,5,6.4610443115234375
2026-08-15 12:00:00,전주,5,ECMWF,100.0,100.0,15,0.0
2026-08-15 12:00:00,전주,5,GFS,100.0,100.0,9,0.0
2026-08-15 12:00:00,강릉,5,나우캐스트,93.41648864746094,100.0,5,6.583511352539063
2026-08-15 12:00:00,강릉,5,ECMWF,99.0,100.0,15,1.0
2026-08-15 12:00:00,강릉,5,GFS,100.0,100.0,9,0.0
2026-08-15 12:00:00,제주,5,나우캐스트,90.5859375,90.0,5,0.5859375
2026-08-15 12:00:00,제주,5,ECMWF,100.0,90.0,15,10.0
2026-08-15 12:00:00,제주,5,GFS,100.0,90.0,9,10.0
2026-08-15 09:00:00,서울,1,나우캐스트,96.84081268310548,100.0,1,3.1591873168945312
2026-08-15 09:00:00,서울,1,ECMWF,100.0,100.0,12,0.0
2026-08-15 09:00:00,서울,1,GFS,100.0,100.0,6,0.0
2026-08-15 09:00:00,대전,1,나우캐스트,90.71969604492188,100.0,1,9.280303955078123
2026-08-15 09:00:00,대전,1,ECMWF,98.0,100.0,12,2.0
2026-08-15 09:00:00,대전,1,GFS,100.0,100.0,6,0.0
2026-08-15 09:00:00,대구,1,나우캐스트,82.22552490234375,80.0,1,2.22552490234375
2026-08-15 09:00:00,대구,1,ECMWF,95.0,80.0,12,15.0
2026-08-15 09:00:00,대구,1,GFS,100.0,80.0,6,20.0
2026-08-15 09:00:00,광주,1,나우캐스트,85.44515991210938,100.0,1,14.554840087890623
2026-08-15 09:00:00,광주,1,ECMWF,100.0,100.0,12,0.0
2026-08-15 09:00:00,광주,1,GFS,100.0,100.0,6,0.0
2026-08-15 09:00:00,부산,1,나우캐스트,88.533935546875,90.0,1,1.466064453125
2026-08-15 09:00:00,부산,1,ECMWF,99.0,90.0,12,9.0
2026-08-15 09:00:00,부산,1,GFS,100.0,90.0,6,10.0
2026-08-15 09:00:00,인천,1,나우캐스트,97.3242416381836,100.0,1,2.6757583618164062
2026-08-15 09:00:00,인천,1,ECMWF,98.0,100.0,12,2.0
2026-08-15 09:00:00,인천,1,GFS,100.0,100.0,6,0.0
2026-08-15 09:00:00,수원,1,나우캐스트,93.14735412597656,100.0,1,6.8526458740234375
2026-08-15 09:00:00,수원,1,ECMWF,95.0,100.0,12,5.0
2026-08-15 09:00:00,수원,1,GFS,100.0,100.0,6,0.0
2026-08-15 09:00:00,전주,1,나우캐스트,90.67070770263672,90.0,1,0.6707077026367188
2026-08-15 09:00:00,전주,1,ECMWF,100.0,90.0,12,10.0
2026-08-15 09:00:00,전주,1,GFS,100.0,90.0,6,10.0
2026-08-15 09:00:00,강릉,1,나우캐스트,88.68775177001953,80.0,1,8.687751770019531
2026-08-15 09:00:00,강릉,1,ECMWF,99.0,80.0,12,19.0
2026-08-15 09:00:00,강릉,1,GFS,90.0,80.0,6,10.0
2026-08-15 09:00:00,제주,1,나우캐스트,90.77017211914062,100.0,1,9.229827880859377
2026-08-15 09:00:00,제주,1,ECMWF,100.0,100.0,12,0.0
2026-08-15 09:00:00,제주,1,GFS,100.0,100.0,6,0.0
2026-08-15 12:00:00,서울,4,나우캐스트,96.06847381591795,100.0,4,3.9315261840820312
2026-08-15 12:00:00,서울,4,ECMWF,100.0,100.0,15,0.0
2026-08-15 12:00:00,서울,4,GFS,100.0,100.0,9,0.0
2026-08-15 12:00:00,대전,4,나우캐스트,92.81837463378906,100.0,4,7.1816253662109375
2026-08-15 12:00:00,대전,4,ECMWF,100.0,100.0,15,0.0
2026-08-15 12:00:00,대전,4,GFS,100.0,100.0,9,0.0
2026-08-15 12:00:00,대구,4,나우캐스트,82.32575225830078,90.0,4,7.674247741699219
2026-08-15 12:00:00,대구,4,ECMWF,100.0,90.0,15,10.0
2026-08-15 12:00:00,대구,4,GFS,100.0,90.0,9,10.0
2026-08-15 12:00:00,광주,4,나우캐스트,92.70719909667967,100.0,4,7.292800903320312
2026-08-15 12:00:00,광주,4,ECMWF,100.0,100.0,15,0.0
2026-08-15 12:00:00,광주,4,GFS,100.0,100.0,9,0.0
2026-08-15 12:00:00,부산,4,나우캐스트,77.1502456665039,80.0,4,2.8497543334960938
2026-08-15 12:00:00,부산,4,ECMWF,99.0,80.0,15,19.0
2026-08-15 12:00:00,부산,4,GFS,100.0,80.0,9,20.0
2026-08-15 12:00:00,인천,4,나우캐스트,96.66136932373048,90.0,4,6.661369323730469
2026-08-15 12:00:00,인천,4,ECMWF,100.0,90.0,15,10.0
2026-08-15 12:00:00,인천,4,GFS,99.0,90.0,9,9.0
2026-08-15 12:00:00,수원,4,나우캐스트,95.457763671875,90.0,4,5.457763671875
2026-08-15 12:00:00,수원,4,ECMWF,100.0,90.0,15,10.0
2026-08-15 12:00:00,수원,4,GFS,100.0,90.0,9,10.0
2026-08-15 12:00:00,전주,4,나우캐스트,93.26390075683594,100.0,4,6.736099243164063
2026-08-15 12:00:00,전주,4,ECMWF,100.0,100.0,15,0.0
2026-08-15 12:00:00,전주,4,GFS,100.0,100.0,9,0.0
2026-08-15 12:00:00,강릉,4,나우캐스트,87.32498931884766,100.0,4,12.675010681152344
2026-08-15 12:00:00,강릉,4,ECMWF,99.0,100.0,15,1.0
2026-08-15 12:00:00,강릉,4,GFS,100.0,100.0,9,0.0
2026-08-15 12:00:00,제주,4,나우캐스트,90.36177825927734,90.0,4,0.3617782592773437
2026-08-15 12:00:00,제주,4,ECMWF,100.0,90.0,15,10.0
2026-08-15 12:00:00,제주,4,GFS,100.0,90.0,9,10.0
2026-08-15 12:00:00,서울,3,나우캐스트,95.082275390625,100.0,3,4.917724609375
2026-08-15 12:00:00,서울,3,ECMWF,100.0,100.0,15,0.0
2026-08-15 12:00:00,서울,3,GFS,100.0,100.0,9,0.0
2026-08-15 12:00:00,대전,3,나우캐스트,91.1065673828125,100.0,3,8.8934326171875
2026-08-15 12:00:00,대전,3,ECMWF,100.0,100.0,15,0.0
2026-08-15 12:00:00,대전,3,GFS,100.0,100.0,9,0.0
2026-08-15 12:00:00,대구,3,나우캐스트,77.06202697753906,90.0,3,12.937973022460938
2026-08-15 12:00:00,대구,3,ECMWF,100.0,90.0,15,10.0
2026-08-15 12:00:00,대구,3,GFS,100.0,90.0,9,10.0
2026-08-15 12:00:00,광주,3,나우캐스트,93.007080078125,100.0,3,6.992919921875
2026-08-15 12:00:00,광주,3,ECMWF,100.0,100.0,15,0.0
2026-08-15 12:00:00,광주,3,GFS,100.0,100.0,9,0.0
2026-08-15 12:00:00,부산,3,나우캐스트,76.96299743652344,80.0,3,3.0370025634765625
2026-08-15 12:00:00,부산,3,ECMWF,99.0,80.0,15,19.0
2026-08-15 12:00:00,부산,3,GFS,100.0,80.0,9,20.0
2026-08-15 12:00:00,인천,3,나우캐스트,95.87845611572266,90.0,3,5.878456115722656
2026-08-15 12:00:00,인천,3,ECMWF,100.0,90.0,15,10.0
2026-08-15 12:00:00,인천,3,GFS,99.0,90.0,9,9.0
2026-08-15 12:00:00,수원,3,나우캐스트,94.4514389038086,90.0,3,4.451438903808594
2026-08-15 12:00:00,수원,3,ECMWF,100.0,90.0,15,10.0
2026-08-15 12:00:00,수원,3,GFS,100.0,90.0,9,10.0
2026-08-15 12:00:00,전주,3,나우캐스트,91.8059539794922,100.0,3,8.194046020507812
2026-08-15 12:00:00,전주,3,ECMWF,100.0,100.0,15,0.0
2026-08-15 12:00:00,전주,3,GFS,100.0,100.0,9,0.0
2026-08-15 12:00:00,강릉,3,나우캐스트,90.59165954589844,100.0,3,9.408340454101562
2026-08-15 12:00:00,강릉,3,ECMWF,99.0,100.0,15,1.0
2026-08-15 12:00:00,강릉,3,GFS,100.0,100.0,9,0.0
2026-08-15 12:00:00,제주,3,나우캐스트,93.29851531982422,90.0,3,3.2985153198242188
2026-08-15 12:00:00,제주,3,ECMWF,100.0,90.0,15,10.0
2026-08-15 12:00:00,제주,3,GFS,100.0,90.0,9,10.0
2026-08-15 15:00:00,서울,6,나우캐스트,94.54998016357422,100.0,6,5.450019836425781
2026-08-15 15:00:00,서울,6,ECMWF,100.0,100.0,18,0.0
2026-08-15 15:00:00,서울,6,GFS,100.0,100.0,12,0.0
2026-08-15 15:00:00,대전,6,나우캐스트,92.25015258789062,100.0,6,7.749847412109375
2026-08-15 15:00:00,대전,6,ECMWF,100.0,100.0,18,0.0
2026-08-15 15:00:00,대전,6,GFS,100.0,100.0,12,0.0
2026-08-15 15:00:00,대구,6,나우캐스트,87.7304916381836,100.0,6,12.269508361816406
2026-08-15 15:00:00,대구,6,ECMWF,100.0,100.0,18,0.0
2026-08-15 15:00:00,대구,6,GFS,100.0,100.0,12,0.0
2026-08-15 15:00:00,광주,6,나우캐스트,93.76026916503906,90.0,6,3.7602691650390634
2026-08-15 15:00:00,광주,6,ECMWF,100.0,90.0,18,10.0
2026-08-15 15:00:00,광주,6,GFS,100.0,90.0,12,10.0
2026-08-15 15:00:00,부산,6,나우캐스트,84.85136413574219,80.0,6,4.851364135742188
2026-08-15 15:00:00,부산,6,ECMWF,100.0,80.0,18,20.0
2026-08-15 15:00:00,부산,6,GFS,100.0,80.0,12,20.0
2026-08-15 15:00:00,인천,6,나우캐스트,94.20225524902344,100.0,6,5.7977447509765625
2026-08-15 15:00:00,인천,6,ECMWF,100.0,100.0,18,0.0
2026-08-15 15:00:00,인천,6,GFS,100.0,100.0,12,0.0
2026-08-15 15:00:00,수원,6,나우캐스트,93.96180725097656,90.0,6,3.9618072509765625
2026-08-15 15:00:00,수원,6,ECMWF,99.0,90.0,18,9.0
2026-08-15 15:00:00,수원,6,GFS,100.0,90.0,12,10.0
2026-08-15 15:00:00,전주,6,나우캐스트,92.9981918334961,100.0,6,7.001808166503906
2026-08-15 15:00:00,전주,6,ECMWF,100.0,100.0,18,0.0
2026-08-15 15:00:00,전주,6,GFS,100.0,100.0,12,0.0
2026-08-15 15:00:00,강릉,6,나우캐스트,92.62619018554688,100.0,6,7.373809814453125
2026-08-15 15:00:00,강릉,6,ECMWF,99.0,100.0,18,1.0
2026-08-15 15:00:00,강릉,6,GFS,100.0,100.0,12,0.0
2026-08-15 15:00:00,제주,6,나우캐스트,93.37969207763672,100.0,6,6.620307922363281
2026-08-15 15:00:00,제주,6,ECMWF,100.0,100.0,18,0.0
2026-08-15 15:00:00,제주,6,GFS,100.0,100.0,12,0.0
2026-08-15 12:00:00,서울,2,나우캐스트,95.50885009765624,100.0,2,4.49114990234375
2026-08-15 12:00:00,서울,2,ECMWF,100.0,100.0,15,0.0
2026-08-15 12:00:00,서울,2,GFS,100.0,100.0,9,0.0
2026-08-15 12:00:00,대전,2,나우캐스트,93.0789031982422,100.0,2,6.9210968017578125
2026-08-15 12:00:00,대전,2,ECMWF,100.0,100.0,15,0.0
2026-08-15 12:00:00,대전,2,GFS,100.0,100.0,9,0.0
2026-08-15 12:00:00,대구,2,나우캐스트,76.39573669433594,90.0,2,13.604263305664062
2026-08-15 12:00:00,대구,2,ECMWF,100.0,90.0,15,10.0
2026-08-15 12:00:00,대구,2,GFS,100.0,90.0,9,10.0
2026-08-15 12:00:00,광주,2,나우캐스트,91.29191589355467,100.0,2,8.708084106445312
2026-08-15 12:00:00,광주,2,ECMWF,100.0,100.0,15,0.0
2026-08-15 12:00:00,광주,2,GFS,100.0,100.0,9,0.0
2026-08-15 12:00:00,부산,2,나우캐스트,76.525634765625,80.0,2,3.474365234375
2026-08-15 12:00:00,부산,2,ECMWF,99.0,80.0,15,19.0
2026-08-15 12:00:00,부산,2,GFS,100.0,80.0,9,20.0
2026-08-15 12:00:00,인천,2,나우캐스트,96.9472198486328,90.0,2,6.9472198486328125
2026-08-15 12:00:00,인천,2,ECMWF,100.0,90.0,15,10.0
2026-08-15 12:00:00,인천,2,GFS,99.0,90.0,9,9.0
2026-08-15 12:00:00,수원,2,나우캐스트,95.54402160644533,90.0,2,5.5440216064453125
2026-08-15 12:00:00,수원,2,ECMWF,100.0,90.0,15,10.0
2026-08-15 12:00:00,수원,2,GFS,100.0,90.0,9,10.0
2026-08-15 12:00:00,전주,2,나우캐스트,92.8655242919922,100.0,2,7.1344757080078125
2026-08-15 12:00:00,전주,2,ECMWF,100.0,100.0,15,0.0
2026-08-15 12:00:00,전주,2,GFS,100.0,100.0,9,0.0
2026-08-15 12:00:00,강릉,2,나우캐스트,91.6097412109375,100.0,2,8.3902587890625
2026-08-15 12:00:00,강릉,2,ECMWF,99.0,100.0,15,1.0
2026-08-15 12:00:00,강릉,2,GFS,100.0,100.0,9,0.0
2026-08-15 12:00:00,제주,2,나우캐스트,95.44496154785156,90.0,2,5.4449615478515625
2026-08-15 12:00:00,제주,2,ECMWF,100.0,90.0,15,10.0
2026-08-15 12:00:00,제주,2,GFS,100.0,90.0,9,10.0
2026-08-15 15:00:00,서울,5,나우캐스트,95.41754913330078,100.0,5,4.582450866699219
2026-08-15 15:00:00,서울,5,ECMWF,100.0,100.0,18,0.0
2026-08-15 15:00:00,서울,5,GFS,100.0,100.0,12,0.0
2026-08-15 15:00:00,대전,5,나우캐스트,93.17448425292967,100.0,5,6.8255157470703125
2026-08-15 15:00:00,대전,5,ECMWF,100.0,100.0,18,0.0
2026-08-15 15:00:00,대전,5,GFS,100.0,100.0,12,0.0
2026-08-15 15:00:00,대구,5,나우캐스트,86.3059310913086,100.0,5,13.694068908691406
2026-08-15 15:00:00,대구,5,ECMWF,100.0,100.0,18,0.0
2026-08-15 15:00:00,대구,5,GFS,100.0,100.0,12,0.0
2026-08-15 15:00:00,광주,5,나우캐스트,93.08624267578124,90.0,5,3.08624267578125
2026-08-15 15:00:00,광주,5,ECMWF,100.0,90.0,18,10.0
2026-08-15 15:00:00,광주,5,GFS,100.0,90.0,12,10.0
2026-08-15 15:00:00,부산,5,나우캐스트,86.59916687011719,80.0,5,6.599166870117188
2026-08-15 15:00:00,부산,5,ECMWF,100.0,80.0,18,20.0
2026-08-15 15:00:00,부산,5,GFS,100.0,80.0,12,20.0
2026-08-15 15:00:00,인천,5,나우캐스트,95.70158386230467,100.0,5,4.2984161376953125
2026-08-15 15:00:00,인천,5,ECMWF,100.0,100.0,18,0.0
2026-08-15 15:00:00,인천,5,GFS,100.0,100.0,12,0.0
2026-08-15 15:00:00,수원,5,나우캐스트,95.50407409667967,90.0,5,5.504074096679688
2026-08-15 15:00:00,수원,5,ECMWF,99.0,90.0,18,9.0
2026-08-15 15:00:00,수원,5,GFS,100.0,90.0,12,10.0
2026-08-15 15:00:00,전주,5,나우캐스트,93.18264770507812,100.0,5,6.817352294921875
2026-08-15 15:00:00,전주,5,ECMWF,100.0,100.0,18,0.0
2026-08-15 15:00:00,전주,5,GFS,100.0,100.0,12,0.0
2026-08-15 15:00:00,강릉,5,나우캐스트,93.18431091308594,100.0,5,6.815689086914063
2026-08-15 15:00:00,강릉,5,ECMWF,99.0,100.0,18,1.0
2026-08-15 15:00:00,강릉,5,GFS,100.0,100.0,12,0.0
2026-08-15 15:00:00,제주,5,나우캐스트,96.54719543457033,100.0,5,3.4528045654296875
2026-08-15 15:00:00,제주,5,ECMWF,100.0,100.0,18,0.0
2026-08-15 15:00:00,제주,5,GFS,100.0,100.0,12,0.0
2026-08-15 12:00:00,서울,1,나우캐스트,95.0333251953125,100.0,1,4.9666748046875
2026-08-15 12:00:00,서울,1,ECMWF,100.0,100.0,15,0.0
2026-08-15 12:00:00,서울,1,GFS,100.0,100.0,9,0.0
2026-08-15 12:00:00,대전,1,나우캐스트,93.15463256835938,100.0,1,6.845367431640625
2026-08-15 12:00:00,대전,1,ECMWF,100.0,100.0,15,0.0
2026-08-15 12:00:00,대전,1,GFS,100.0,100.0,9,0.0
2026-08-15 12:00:00,대구,1,나우캐스트,73.31718444824219,90.0,1,16.682815551757812
2026-08-15 12:00:00,대구,1,ECMWF,100.0,90.0,15,10.0
2026-08-15 12:00:00,대구,1,GFS,100.0,90.0,9,10.0
2026-08-15 12:00:00,광주,1,나우캐스트,93.74069213867188,100.0,1,6.259307861328125
2026-08-15 12:00:00,광주,1,ECMWF,100.0,100.0,15,0.0
2026-08-15 12:00:00,광주,1,GFS,100.0,100.0,9,0.0
2026-08-15 12:00:00,부산,1,나우캐스트,79.96886444091797,80.0,1,0.0311355590820312
2026-08-15 12:00:00,부산,1,ECMWF,99.0,80.0,15,19.0
2026-08-15 12:00:00,부산,1,GFS,100.0,80.0,9,20.0
2026-08-15 12:00:00,인천,1,나우캐스트,96.91566467285156,90.0,1,6.9156646728515625
2026-08-15 12:00:00,인천,1,ECMWF,100.0,90.0,15,10.0
2026-08-15 12:00:00,인천,1,GFS,99.0,90.0,9,9.0
2026-08-15 12:00:00,수원,1,나우캐스트,92.59378814697266,90.0,1,2.593788146972656
2026-08-15 12:00:00,수원,1,ECMWF,100.0,90.0,15,10.0
2026-08-15 12:00:00,수원,1,GFS,100.0,90.0,9,10.0
2026-08-15 12:00:00,전주,1,나우캐스트,93.2990951538086,100.0,1,6.700904846191406
2026-08-15 12:00:00,전주,1,ECMWF,100.0,100.0,15,0.0
2026-08-15 12:00:00,전주,1,GFS,100.0,100.0,9,0.0
2026-08-15 12:00:00,강릉,1,나우캐스트,94.59320831298828,100.0,1,5.406791687011719
2026-08-15 12:00:00,강릉,1,ECMWF,99.0,100.0,15,1.0
2026-08-15 12:00:00,강릉,1,GFS,100.0,100.0,9,0.0
2026-08-15 12:00:00,제주,1,나우캐스트,87.95137023925781,90.0,1,2.0486297607421875
2026-08-15 12:00:00,제주,1,ECMWF,100.0,90.0,15,10.0
2026-08-15 12:00:00,제주,1,GFS,100.0,90.0,9,10.0
2026-08-15 15:00:00,서울,4,나우캐스트,94.5069580078125,100.0,4,5.4930419921875
2026-08-15 15:00:00,서울,4,ECMWF,100.0,100.0,18,0.0
2026-08-15 15:00:00,서울,4,GFS,100.0,100.0,12,0.0
2026-08-15 15:00:00,대전,4,나우캐스트,92.60789489746094,100.0,4,7.3921051025390625
2026-08-15 15:00:00,대전,4,ECMWF,100.0,100.0,18,0.0
2026-08-15 15:00:00,대전,4,GFS,100.0,100.0,12,0.0
2026-08-15 15:00:00,대구,4,나우캐스트,87.18046569824219,100.0,4,12.819534301757812
2026-08-15 15:00:00,대구,4,ECMWF,100.0,100.0,18,0.0
2026-08-15 15:00:00,대구,4,GFS,100.0,100.0,12,0.0
2026-08-15 15:00:00,광주,4,나우캐스트,93.66900634765624,90.0,4,3.66900634765625
2026-08-15 15:00:00,광주,4,ECMWF,100.0,90.0,18,10.0
2026-08-15 15:00:00,광주,4,GFS,100.0,90.0,12,10.0
2026-08-15 15:00:00,부산,4,나우캐스트,84.76275634765625,80.0,4,4.76275634765625
2026-08-15 15:00:00,부산,4,ECMWF,100.0,80.0,18,20.0
2026-08-15 15:00:00,부산,4,GFS,100.0,80.0,12,20.0
2026-08-15 15:00:00,인천,4,나우캐스트,94.51390075683594,100.0,4,5.486099243164063
2026-08-15 15:00:00,인천,4,ECMWF,100.0,100.0,18,0.0
2026-08-15 15:00:00,인천,4,GFS,100.0,100.0,12,0.0
2026-08-15 15:00:00,수원,4,나우캐스트,94.28550720214844,90.0,4,4.2855072021484375
2026-08-15 15:00:00,수원,4,ECMWF,99.0,90.0,18,9.0
2026-08-15 15:00:00,수원,4,GFS,100.0,90.0,12,10.0
2026-08-15 15:00:00,전주,4,나우캐스트,92.8967742919922,100.0,4,7.1032257080078125
2026-08-15 15:00:00,전주,4,ECMWF,100.0,100.0,18,0.0
2026-08-15 15:00:00,전주,4,GFS,100.0,100.0,12,0.0
2026-08-15 15:00:00,강릉,4,나우캐스트,92.80191040039062,100.0,4,7.198089599609375
2026-08-15 15:00:00,강릉,4,ECMWF,99.0,100.0,18,1.0
2026-08-15 15:00:00,강릉,4,GFS,100.0,100.0,12,0.0
2026-08-15 15:00:00,제주,4,나우캐스트,94.40296936035156,100.0,4,5.5970306396484375
2026-08-15 15:00:00,제주,4,ECMWF,100.0,100.0,18,0.0
2026-08-15 15:00:00,제주,4,GFS,100.0,100.0,12,0.0
2026-08-15 15:00:00,서울,3,나우캐스트,94.25369262695312,100.0,3,5.746307373046875
2026-08-15 15:00:00,서울,3,ECMWF,100.0,100.0,18,0.0
2026-08-15 15:00:00,서울,3,GFS,100.0,100.0,12,0.0
2026-08-15 15:00:00,대전,3,나우캐스트,94.71623229980467,100.0,3,5.2837677001953125
2026-08-15 15:00:00,대전,3,ECMWF,100.0,100.0,18,0.0
2026-08-15 15:00:00,대전,3,GFS,100.0,100.0,12,0.0
2026-08-15 15:00:00,대구,3,나우캐스트,92.10530090332033,100.0,3,7.894699096679687
2026-08-15 15:00:00,대구,3,ECMWF,100.0,100.0,18,0.0
2026-08-15 15:00:00,대구,3,GFS,100.0,100.0,12,0.0
2026-08-15 15:00:00,광주,3,나우캐스트,93.96863555908205,90.0,3,3.9686355590820312
2026-08-15 15:00:00,광주,3,ECMWF,100.0,90.0,18,10.0
2026-08-15 15:00:00,광주,3,GFS,100.0,90.0,12,10.0
2026-08-15 15:00:00,부산,3,나우캐스트,83.6395034790039,80.0,3,3.639503479003906
2026-08-15 15:00:00,부산,3,ECMWF,100.0,80.0,18,20.0
2026-08-15 15:00:00,부산,3,GFS,100.0,80.0,12,20.0
2026-08-15 15:00:00,인천,3,나우캐스트,95.34757232666016,100.0,3,4.652427673339844
2026-08-15 15:00:00,인천,3,ECMWF,100.0,100.0,18,0.0
2026-08-15 15:00:00,인천,3,GFS,100.0,100.0,12,0.0
2026-08-15 15:00:00,수원,3,나우캐스트,95.66798400878906,90.0,3,5.667984008789063
2026-08-15 15:00:00,수원,3,ECMWF,99.0,90.0,18,9.0
2026-08-15 15:00:00,수원,3,GFS,100.0,90.0,12,10.0
2026-08-15 15:00:00,전주,3,나우캐스트,93.76164245605467,100.0,3,6.2383575439453125
2026-08-15 15:00:00,전주,3,ECMWF,100.0,100.0,18,0.0
2026-08-15 15:00:00,전주,3,GFS,100.0,100.0,12,0.0
2026-08-15 15:00:00,강릉,3,나우캐스트,93.00642395019533,100.0,3,6.993576049804688
2026-08-15 15:00:00,강릉,3,ECMWF,99.0,100.0,18,1.0
2026-08-15 15:00:00,강릉,3,GFS,100.0,100.0,12,0.0
2026-08-15 15:00:00,제주,3,나우캐스트,97.9962158203125,100.0,3,2.0037841796875
2026-08-15 15:00:00,제주,3,ECMWF,100.0,100.0,18,0.0
2026-08-15 15:00:00,제주,3,GFS,100.0,100.0,12,0.0
2026-08-15 18:00:00,서울,6,나우캐스트,93.70782470703124,100.0,6,6.29217529296875
2026-08-15 18:00:00,서울,6,ECMWF,100.0,100.0,21,0.0
2026-08-15 18:00:00,서울,6,GFS,99.0,100.0,15,1.0
2026-08-15 18:00:00,대전,6,나우캐스트,94.41541290283205,80.0,6,14.415412902832031
2026-08-15 18:00:00,대전,6,ECMWF,100.0,80.0,21,20.0
2026-08-15 18:00:00,대전,6,GFS,100.0,80.0,15,20.0
2026-08-15 18:00:00,대구,6,나우캐스트,91.70877838134766,100.0,6,8.291221618652344
2026-08-15 18:00:00,대구,6,ECMWF,100.0,100.0,21,0.0
2026-08-15 18:00:00,대구,6,GFS,100.0,100.0,15,0.0
2026-08-15 18:00:00,광주,6,나우캐스트,93.56881713867188,100.0,6,6.431182861328125
2026-08-15 18:00:00,광주,6,ECMWF,100.0,100.0,21,0.0
2026-08-15 18:00:00,광주,6,GFS,100.0,100.0,15,0.0
2026-08-15 18:00:00,부산,6,나우캐스트,89.03741455078125,100.0,6,10.96258544921875
2026-08-15 18:00:00,부산,6,ECMWF,100.0,100.0,21,0.0
2026-08-15 18:00:00,부산,6,GFS,100.0,100.0,15,0.0
2026-08-15 18:00:00,인천,6,나우캐스트,93.44129943847656,100.0,6,6.5587005615234375
2026-08-15 18:00:00,인천,6,ECMWF,99.0,100.0,21,1.0
2026-08-15 18:00:00,인천,6,GFS,98.0,100.0,15,2.0
2026-08-15 18:00:00,수원,6,나우캐스트,95.48611450195312,100.0,6,4.513885498046875
2026-08-15 18:00:00,수원,6,ECMWF,99.0,100.0,21,1.0
2026-08-15 18:00:00,수원,6,GFS,100.0,100.0,15,0.0
2026-08-15 18:00:00,전주,6,나우캐스트,93.20783996582033,100.0,6,6.792160034179688
2026-08-15 18:00:00,전주,6,ECMWF,100.0,100.0,21,0.0
2026-08-15 18:00:00,전주,6,GFS,100.0,100.0,15,0.0
2026-08-15 18:00:00,강릉,6,나우캐스트,91.96209716796876,100.0,6,8.03790283203125
2026-08-15 18:00:00,강릉,6,ECMWF,98.0,100.0,21,2.0
2026-08-15 18:00:00,강릉,6,GFS,100.0,100.0,15,0.0
2026-08-15 18:00:00,제주,6,나우캐스트,96.25721740722656,100.0,6,3.7427825927734375
2026-08-15 18:00:00,제주,6,ECMWF,100.0,100.0,21,0.0
2026-08-15 18:00:00,제주,6,GFS,100.0,100.0,15,0.0
2026-08-15 15:00:00,서울,2,나우캐스트,95.2467803955078,100.0,2,4.753219604492188
2026-08-15 15:00:00,서울,2,ECMWF,100.0,100.0,18,0.0
2026-08-15 15:00:00,서울,2,GFS,100.0,100.0,12,0.0
2026-08-15 15:00:00,대전,2,나우캐스트,94.60427856445312,100.0,2,5.395721435546875
2026-08-15 15:00:00,대전,2,ECMWF,100.0,100.0,18,0.0
2026-08-15 15:00:00,대전,2,GFS,100.0,100.0,12,0.0
2026-08-15 15:00:00,대구,2,나우캐스트,92.6072235107422,100.0,2,7.392776489257812
2026-08-15 15:00:00,대구,2,ECMWF,100.0,100.0,18,0.0
2026-08-15 15:00:00,대구,2,GFS,100.0,100.0,12,0.0
2026-08-15 15:00:00,광주,2,나우캐스트,94.876953125,90.0,2,4.876953125
2026-08-15 15:00:00,광주,2,ECMWF,100.0,90.0,18,10.0
2026-08-15 15:00:00,광주,2,GFS,100.0,90.0,12,10.0
2026-08-15 15:00:00,부산,2,나우캐스트,79.77224731445312,80.0,2,0.227752685546875
2026-08-15 15:00:00,부산,2,ECMWF,100.0,80.0,18,20.0
2026-08-15 15:00:00,부산,2,GFS,100.0,80.0,12,20.0
2026-08-15 15:00:00,인천,2,나우캐스트,95.11925506591795,100.0,2,4.880744934082031
2026-08-15 15:00:00,인천,2,ECMWF,100.0,100.0,18,0.0
2026-08-15 15:00:00,인천,2,GFS,100.0,100.0,12,0.0
2026-08-15 15:00:00,수원,2,나우캐스트,94.20582580566406,90.0,2,4.205825805664063
2026-08-15 15:00:00,수원,2,ECMWF,99.0,90.0,18,9.0
2026-08-15 15:00:00,수원,2,GFS,100.0,90.0,12,10.0
2026-08-15 15:00:00,전주,2,나우캐스트,94.24142456054688,100.0,2,5.758575439453125
2026-08-15 15:00:00,전주,2,ECMWF,100.0,100.0,18,0.0
2026-08-15 15:00:00,전주,2,GFS,100.0,100.0,12,0.0
2026-08-15 15:00:00,강릉,2,나우캐스트,93.0193328857422,100.0,2,6.9806671142578125
2026-08-15 15:00:00,강릉,2,ECMWF,99.0,100.0,18,1.0
2026-08-15 15:00:00,강릉,2,GFS,100.0,100.0,12,0.0
2026-08-15 15:00:00,제주,2,나우캐스트,97.95347595214844,100.0,2,2.0465240478515625
2026-08-15 15:00:00,제주,2,ECMWF,100.0,100.0,18,0.0
2026-08-15 15:00:00,제주,2,GFS,100.0,100.0,12,0.0
2026-08-15 18:00:00,서울,5,나우캐스트,94.46369934082033,100.0,5,5.536300659179688
2026-08-15 18:00:00,서울,5,ECMWF,100.0,100.0,21,0.0
2026-08-15 18:00:00,서울,5,GFS,99.0,100.0,15,1.0
2026-08-15 18:00:00,대전,5,나우캐스트,95.53214263916016,80.0,5,15.532142639160156
2026-08-15 18:00:00,대전,5,ECMWF,100.0,80.0,21,20.0
2026-08-15 18:00:00,대전,5,GFS,100.0,80.0,15,20.0
2026-08-15 18:00:00,대구,5,나우캐스트,91.57266998291016,100.0,5,8.427330017089844
2026-08-15 18:00:00,대구,5,ECMWF,100.0,100.0,21,0.0
2026-08-15 18:00:00,대구,5,GFS,100.0,100.0,15,0.0
2026-08-15 18:00:00,광주,5,나우캐스트,95.44173431396484,100.0,5,4.558265686035156
2026-08-15 18:00:00,광주,5,ECMWF,100.0,100.0,21,0.0
2026-08-15 18:00:00,광주,5,GFS,100.0,100.0,15,0.0
2026-08-15 18:00:00,부산,5,나우캐스트,90.85147094726562,100.0,5,9.148529052734377
2026-08-15 18:00:00,부산,5,ECMWF,100.0,100.0,21,0.0
2026-08-15 18:00:00,부산,5,GFS,100.0,100.0,15,0.0
2026-08-15 18:00:00,인천,5,나우캐스트,94.24822235107422,100.0,5,5.751777648925781
2026-08-15 18:00:00,인천,5,ECMWF,99.0,100.0,21,1.0
2026-08-15 18:00:00,인천,5,GFS,98.0,100.0,15,2.0
2026-08-15 18:00:00,수원,5,나우캐스트,94.70511627197266,100.0,5,5.294883728027344
2026-08-15 18:00:00,수원,5,ECMWF,99.0,100.0,21,1.0
2026-08-15 18:00:00,수원,5,GFS,100.0,100.0,15,0.0
2026-08-15 18:00:00,전주,5,나우캐스트,95.4897918701172,100.0,5,4.5102081298828125
2026-08-15 18:00:00,전주,5,ECMWF,100.0,100.0,21,0.0
2026-08-15 18:00:00,전주,5,GFS,100.0,100.0,15,0.0
2026-08-15 18:00:00,강릉,5,나우캐스트,93.15093231201172,100.0,5,6.849067687988281
2026-08-15 18:00:00,강릉,5,ECMWF,98.0,100.0,21,2.0
2026-08-15 18:00:00,강릉,5,GFS,100.0,100.0,15,0.0
2026-08-15 18:00:00,제주,5,나우캐스트,94.94401550292967,100.0,5,5.0559844970703125
2026-08-15 18:00:00,제주,5,ECMWF,100.0,100.0,21,0.0
2026-08-15 18:00:00,제주,5,GFS,100.0,100.0,15,0.0
2026-08-15 15:00:00,서울,1,나우캐스트,97.16104888916016,100.0,1,2.838951110839844
2026-08-15 15:00:00,서울,1,ECMWF,100.0,100.0,18,0.0
2026-08-15 15:00:00,서울,1,GFS,100.0,100.0,12,0.0
2026-08-15 15:00:00,대전,1,나우캐스트,93.09414672851562,100.0,1,6.905853271484375
2026-08-15 15:00:00,대전,1,ECMWF,100.0,100.0,18,0.0
2026-08-15 15:00:00,대전,1,GFS,100.0,100.0,12,0.0
2026-08-15 15:00:00,대구,1,나우캐스트,92.639404296875,100.0,1,7.360595703125
2026-08-15 15:00:00,대구,1,ECMWF,100.0,100.0,18,0.0
2026-08-15 15:00:00,대구,1,GFS,100.0,100.0,12,0.0
2026-08-15 15:00:00,광주,1,나우캐스트,95.17718505859376,90.0,1,5.17718505859375
2026-08-15 15:00:00,광주,1,ECMWF,100.0,90.0,18,10.0
2026-08-15 15:00:00,광주,1,GFS,100.0,90.0,12,10.0
2026-08-15 15:00:00,부산,1,나우캐스트,75.98299407958984,80.0,1,4.017005920410156
2026-08-15 15:00:00,부산,1,ECMWF,100.0,80.0,18,20.0
2026-08-15 15:00:00,부산,1,GFS,100.0,80.0,12,20.0
2026-08-15 15:00:00,인천,1,나우캐스트,96.65650177001952,100.0,1,3.3434982299804688
2026-08-15 15:00:00,인천,1,ECMWF,100.0,100.0,18,0.0
2026-08-15 15:00:00,인천,1,GFS,100.0,100.0,12,0.0
2026-08-15 15:00:00,수원,1,나우캐스트,96.5489730834961,90.0,1,6.548973083496094
2026-08-15 15:00:00,수원,1,ECMWF,99.0,90.0,18,9.0
2026-08-15 15:00:00,수원,1,GFS,100.0,90.0,12,10.0
2026-08-15 15:00:00,전주,1,나우캐스트,91.33180236816406,100.0,1,8.668197631835938
2026-08-15 15:00:00,전주,1,ECMWF,100.0,100.0,18,0.0
2026-08-15 15:00:00,전주,1,GFS,100.0,100.0,12,0.0
2026-08-15 15:00:00,강릉,1,나우캐스트,93.18429565429688,100.0,1,6.815704345703125
2026-08-15 15:00:00,강릉,1,ECMWF,99.0,100.0,18,1.0
2026-08-15 15:00:00,강릉,1,GFS,100.0,100.0,12,0.0
2026-08-15 15:00:00,제주,1,나우캐스트,99.23893737792967,100.0,1,0.7610626220703125
2026-08-15 15:00:00,제주,1,ECMWF,100.0,100.0,18,0.0
2026-08-15 15:00:00,제주,1,GFS,100.0,100.0,12,0.0
2026-08-15 18:00:00,서울,4,나우캐스트,93.94364166259766,100.0,4,6.056358337402344
2026-08-15 18:00:00,서울,4,ECMWF,100.0,100.0,21,0.0
2026-08-15 18:00:00,서울,4,GFS,99.0,100.0,15,1.0
2026-08-15 18:00:00,대전,4,나우캐스트,94.59919738769533,80.0,4,14.599197387695312
2026-08-15 18:00:00,대전,4,ECMWF,100.0,80.0,21,20.0
2026-08-15 18:00:00,대전,4,GFS,100.0,80.0,15,20.0
2026-08-15 18:00:00,대구,4,나우캐스트,92.1025848388672,100.0,4,7.8974151611328125
2026-08-15 18:00:00,대구,4,ECMWF,100.0,100.0,21,0.0
2026-08-15 18:00:00,대구,4,GFS,100.0,100.0,15,0.0
2026-08-15 18:00:00,광주,4,나우캐스트,92.7212371826172,100.0,4,7.2787628173828125
2026-08-15 18:00:00,광주,4,ECMWF,100.0,100.0,21,0.0
2026-08-15 18:00:00,광주,4,GFS,100.0,100.0,15,0.0
2026-08-15 18:00:00,부산,4,나우캐스트,93.30842590332033,100.0,4,6.691574096679688
2026-08-15 18:00:00,부산,4,ECMWF,100.0,100.0,21,0.0
2026-08-15 18:00:00,부산,4,GFS,100.0,100.0,15,0.0
2026-08-15 18:00:00,인천,4,나우캐스트,93.7115478515625,100.0,4,6.2884521484375
2026-08-15 18:00:00,인천,4,ECMWF,99.0,100.0,21,1.0
2026-08-15 18:00:00,인천,4,GFS,98.0,100.0,15,2.0
2026-08-15 18:00:00,수원,4,나우캐스트,95.12197875976562,100.0,4,4.878021240234375
2026-08-15 18:00:00,수원,4,ECMWF,99.0,100.0,21,1.0
2026-08-15 18:00:00,수원,4,GFS,100.0,100.0,15,0.0
2026-08-15 18:00:00,전주,4,나우캐스트,93.64794158935548,100.0,4,6.352058410644531
2026-08-15 18:00:00,전주,4,ECMWF,100.0,100.0,21,0.0
2026-08-15 18:00:00,전주,4,GFS,100.0,100.0,15,0.0
2026-08-15 18:00:00,강릉,4,나우캐스트,93.50608825683594,100.0,4,6.493911743164063
2026-08-15 18:00:00,강릉,4,ECMWF,98.0,100.0,21,2.0
2026-08-15 18:00:00,강릉,4,GFS,100.0,100.0,15,0.0
2026-08-15 18:00:00,제주,4,나우캐스트,91.96002960205078,100.0,4,8.039970397949219
2026-08-15 18:00:00,제주,4,ECMWF,100.0,100.0,21,0.0
2026-08-15 18:00:00,제주,4,GFS,100.0,100.0,15,0.0
2026-08-15 18:00:00,서울,3,나우캐스트,93.49569702148438,100.0,3,6.504302978515625
2026-08-15 18:00:00,서울,3,ECMWF,100.0,100.0,21,0.0
2026-08-15 18:00:00,서울,3,GFS,99.0,100.0,15,1.0
2026-08-15 18:00:00,대전,3,나우캐스트,94.45281982421876,80.0,3,14.45281982421875
2026-08-15 18:00:00,대전,3,ECMWF,100.0,80.0,21,20.0
2026-08-15 18:00:00,대전,3,GFS,100.0,80.0,15,20.0
2026-08-15 18:00:00,대구,3,나우캐스트,93.79647827148438,100.0,3,6.203521728515625
2026-08-15 18:00:00,대구,3,ECMWF,100.0,100.0,21,0.0
2026-08-15 18:00:00,대구,3,GFS,100.0,100.0,15,0.0
2026-08-15 18:00:00,광주,3,나우캐스트,93.03517150878906,100.0,3,6.9648284912109375
2026-08-15 18:00:00,광주,3,ECMWF,100.0,100.0,21,0.0
2026-08-15 18:00:00,광주,3,GFS,100.0,100.0,15,0.0
2026-08-15 18:00:00,부산,3,나우캐스트,91.90892028808594,100.0,3,8.091079711914062
2026-08-15 18:00:00,부산,3,ECMWF,100.0,100.0,21,0.0
2026-08-15 18:00:00,부산,3,GFS,100.0,100.0,15,0.0
2026-08-15 18:00:00,인천,3,나우캐스트,93.61766052246094,100.0,3,6.382339477539063
2026-08-15 18:00:00,인천,3,ECMWF,99.0,100.0,21,1.0
2026-08-15 18:00:00,인천,3,GFS,98.0,100.0,15,2.0
2026-08-15 18:00:00,수원,3,나우캐스트,93.6174774169922,100.0,3,6.3825225830078125
2026-08-15 18:00:00,수원,3,ECMWF,99.0,100.0,21,1.0
2026-08-15 18:00:00,수원,3,GFS,100.0,100.0,15,0.0
2026-08-15 18:00:00,전주,3,나우캐스트,94.13006591796876,100.0,3,5.86993408203125
2026-08-15 18:00:00,전주,3,ECMWF,100.0,100.0,21,0.0
2026-08-15 18:00:00,전주,3,GFS,100.0,100.0,15,0.0
2026-08-15 18:00:00,강릉,3,나우캐스트,92.62857055664062,100.0,3,7.371429443359375
2026-08-15 18:00:00,강릉,3,ECMWF,98.0,100.0,21,2.0
2026-08-15 18:00:00,강릉,3,GFS,100.0,100.0,15,0.0
2026-08-15 18:00:00,제주,3,나우캐스트,93.60906982421876,100.0,3,6.39093017578125
2026-08-15 18:00:00,제주,3,ECMWF,100.0,100.0,21,0.0
2026-08-15 18:00:00,제주,3,GFS,100.0,100.0,15,0.0
2026-08-15 21:00:00,서울,6,나우캐스트,94.75091552734376,100.0,6,5.24908447265625
2026-08-15 21:00:00,서울,6,ECMWF,100.0,100.0,24,0.0
2026-08-15 21:00:00,서울,6,GFS,70.0,100.0,18,30.0
2026-08-15 21:00:00,대전,6,나우캐스트,94.17613983154295,100.0,6,5.823860168457031
2026-08-15 21:00:00,대전,6,ECMWF,99.0,100.0,24,1.0
2026-08-15 21:00:00,대전,6,GFS,100.0,100.0,18,0.0
2026-08-15 21:00:00,대구,6,나우캐스트,94.14173889160156,100.0,6,5.8582611083984375
2026-08-15 21:00:00,대구,6,ECMWF,100.0,100.0,24,0.0
2026-08-15 21:00:00,대구,6,GFS,100.0,100.0,18,0.0
2026-08-15 21:00:00,광주,6,나우캐스트,93.44098663330078,100.0,6,6.559013366699219
2026-08-15 21:00:00,광주,6,ECMWF,100.0,100.0,24,0.0
2026-08-15 21:00:00,광주,6,GFS,100.0,100.0,18,0.0
2026-08-15 21:00:00,부산,6,나우캐스트,93.85629272460938,100.0,6,6.143707275390625
2026-08-15 21:00:00,부산,6,ECMWF,100.0,100.0,24,0.0
2026-08-15 21:00:00,부산,6,GFS,100.0,100.0,18,0.0
2026-08-15 21:00:00,인천,6,나우캐스트,95.08872985839844,100.0,6,4.9112701416015625
2026-08-15 21:00:00,인천,6,ECMWF,100.0,100.0,24,0.0
2026-08-15 21:00:00,인천,6,GFS,89.0,100.0,18,11.0
2026-08-15 21:00:00,수원,6,나우캐스트,94.07858276367188,100.0,6,5.921417236328125
2026-08-15 21:00:00,수원,6,ECMWF,100.0,100.0,24,0.0
2026-08-15 21:00:00,수원,6,GFS,89.0,100.0,18,11.0
2026-08-15 21:00:00,전주,6,나우캐스트,94.6052017211914,100.0,6,5.394798278808594
2026-08-15 21:00:00,전주,6,ECMWF,99.0,100.0,24,1.0
2026-08-15 21:00:00,전주,6,GFS,100.0,100.0,18,0.0
2026-08-15 21:00:00,강릉,6,나우캐스트,93.71375274658205,100.0,6,6.286247253417969
2026-08-15 21:00:00,강릉,6,ECMWF,100.0,100.0,24,0.0
2026-08-15 21:00:00,강릉,6,GFS,100.0,100.0,18,0.0
2026-08-15 21:00:00,제주,6,나우캐스트,94.28819274902344,90.0,6,4.2881927490234375
2026-08-15 21:00:00,제주,6,ECMWF,82.0,90.0,24,8.0
2026-08-15 21:00:00,제주,6,GFS,100.0,90.0,18,10.0
2026-08-15 18:00:00,서울,2,나우캐스트,98.7203369140625,100.0,2,1.2796630859375
2026-08-15 18:00:00,서울,2,ECMWF,100.0,100.0,21,0.0
2026-08-15 18:00:00,서울,2,GFS,99.0,100.0,15,1.0
2026-08-15 18:00:00,대전,2,나우캐스트,94.0829620361328,80.0,2,14.082962036132812
2026-08-15 18:00:00,대전,2,ECMWF,100.0,80.0,21,20.0
2026-08-15 18:00:00,대전,2,GFS,100.0,80.0,15,20.0
2026-08-15 18:00:00,대구,2,나우캐스트,90.98492431640624,100.0,2,9.01507568359375
2026-08-15 18:00:00,대구,2,ECMWF,100.0,100.0,21,0.0
2026-08-15 18:00:00,대구,2,GFS,100.0,100.0,15,0.0
2026-08-15 18:00:00,광주,2,나우캐스트,92.02879333496094,100.0,2,7.9712066650390625
2026-08-15 18:00:00,광주,2,ECMWF,100.0,100.0,21,0.0
2026-08-15 18:00:00,광주,2,GFS,100.0,100.0,15,0.0
2026-08-15 18:00:00,부산,2,나우캐스트,91.52207946777344,100.0,2,8.477920532226562
2026-08-15 18:00:00,부산,2,ECMWF,100.0,100.0,21,0.0
2026-08-15 18:00:00,부산,2,GFS,100.0,100.0,15,0.0
2026-08-15 18:00:00,인천,2,나우캐스트,98.65554809570312,100.0,2,1.344451904296875
2026-08-15 18:00:00,인천,2,ECMWF,99.0,100.0,21,1.0
2026-08-15 18:00:00,인천,2,GFS,98.0,100.0,15,2.0
2026-08-15 18:00:00,수원,2,나우캐스트,98.66219329833984,100.0,2,1.3378067016601562
2026-08-15 18:00:00,수원,2,ECMWF,99.0,100.0,21,1.0
2026-08-15 18:00:00,수원,2,GFS,100.0,100.0,15,0.0
2026-08-15 18:00:00,전주,2,나우캐스트,91.76921844482422,100.0,2,8.230781555175781
2026-08-15 18:00:00,전주,2,ECMWF,100.0,100.0,21,0.0
2026-08-15 18:00:00,전주,2,GFS,100.0,100.0,15,0.0
2026-08-15 18:00:00,강릉,2,나우캐스트,94.52863311767578,100.0,2,5.471366882324219
2026-08-15 18:00:00,강릉,2,ECMWF,98.0,100.0,21,2.0
2026-08-15 18:00:00,강릉,2,GFS,100.0,100.0,15,0.0
2026-08-15 18:00:00,제주,2,나우캐스트,94.11709594726562,100.0,2,5.882904052734375
2026-08-15 18:00:00,제주,2,ECMWF,100.0,100.0,21,0.0
2026-08-15 18:00:00,제주,2,GFS,100.0,100.0,15,0.0
2026-08-15 21:00:00,서울,5,나우캐스트,96.54518127441406,100.0,5,3.454818725585937
2026-08-15 21:00:00,서울,5,ECMWF,100.0,100.0,24,0.0
2026-08-15 21:00:00,서울,5,GFS,70.0,100.0,18,30.0
2026-08-15 21:00:00,대전,5,나우캐스트,93.45353698730467,100.0,5,6.5464630126953125
2026-08-15 21:00:00,대전,5,ECMWF,99.0,100.0,24,1.0
2026-08-15 21:00:00,대전,5,GFS,100.0,100.0,18,0.0
2026-08-15 21:00:00,대구,5,나우캐스트,91.29741668701172,100.0,5,8.702583312988281
2026-08-15 21:00:00,대구,5,ECMWF,100.0,100.0,24,0.0
2026-08-15 21:00:00,대구,5,GFS,100.0,100.0,18,0.0
2026-08-15 21:00:00,광주,5,나우캐스트,92.48545837402344,100.0,5,7.514541625976562
2026-08-15 21:00:00,광주,5,ECMWF,100.0,100.0,24,0.0
2026-08-15 21:00:00,광주,5,GFS,100.0,100.0,18,0.0
2026-08-15 21:00:00,부산,5,나우캐스트,92.73416137695312,100.0,5,7.265838623046875
2026-08-15 21:00:00,부산,5,ECMWF,100.0,100.0,24,0.0
2026-08-15 21:00:00,부산,5,GFS,100.0,100.0,18,0.0
2026-08-15 21:00:00,인천,5,나우캐스트,96.72183990478516,100.0,5,3.278160095214844
2026-08-15 21:00:00,인천,5,ECMWF,100.0,100.0,24,0.0
2026-08-15 21:00:00,인천,5,GFS,89.0,100.0,18,11.0
2026-08-15 21:00:00,수원,5,나우캐스트,96.0845718383789,100.0,5,3.9154281616210938
2026-08-15 21:00:00,수원,5,ECMWF,100.0,100.0,24,0.0
2026-08-15 21:00:00,수원,5,GFS,89.0,100.0,18,11.0
2026-08-15 21:00:00,전주,5,나우캐스트,91.71749114990234,100.0,5,8.282508850097656
2026-08-15 21:00:00,전주,5,ECMWF,99.0,100.0,24,1.0
2026-08-15 21:00:00,전주,5,GFS,100.0,100.0,18,0.0
2026-08-15 21:00:00,강릉,5,나우캐스트,94.15029907226562,100.0,5,5.849700927734375
2026-08-15 21:00:00,강릉,5,ECMWF,100.0,100.0,24,0.0
2026-08-15 21:00:00,강릉,5,GFS,100.0,100.0,18,0.0
2026-08-15 21:00:00,제주,5,나우캐스트,94.38079071044922,90.0,5,4.380790710449219
2026-08-15 21:00:00,제주,5,ECMWF,82.0,90.0,24,8.0
2026-08-15 21:00:00,제주,5,GFS,100.0,90.0,18,10.0
2026-08-15 18:00:00,서울,1,나우캐스트,99.726318359375,100.0,1,0.273681640625
2026-08-15 18:00:00,서울,1,ECMWF,100.0,100.0,21,0.0
2026-08-15 18:00:00,서울,1,GFS,99.0,100.0,15,1.0
2026-08-15 18:00:00,대전,1,나우캐스트,91.82723999023438,80.0,1,11.827239990234377
2026-08-15 18:00:00,대전,1,ECMWF,100.0,80.0,21,20.0
2026-08-15 18:00:00,대전,1,GFS,100.0,80.0,15,20.0
2026-08-15 18:00:00,대구,1,나우캐스트,85.47628784179688,100.0,1,14.523712158203123
2026-08-15 18:00:00,대구,1,ECMWF,100.0,100.0,21,0.0
2026-08-15 18:00:00,대구,1,GFS,100.0,100.0,15,0.0
2026-08-15 18:00:00,광주,1,나우캐스트,91.6628875732422,100.0,1,8.337112426757812
2026-08-15 18:00:00,광주,1,ECMWF,100.0,100.0,21,0.0
2026-08-15 18:00:00,광주,1,GFS,100.0,100.0,15,0.0
2026-08-15 18:00:00,부산,1,나우캐스트,91.22970581054688,100.0,1,8.770294189453125
2026-08-15 18:00:00,부산,1,ECMWF,100.0,100.0,21,0.0
2026-08-15 18:00:00,부산,1,GFS,100.0,100.0,15,0.0
2026-08-15 18:00:00,인천,1,나우캐스트,99.75238800048828,100.0,1,0.2476119995117187
2026-08-15 18:00:00,인천,1,ECMWF,99.0,100.0,21,1.0
2026-08-15 18:00:00,인천,1,GFS,98.0,100.0,15,2.0
2026-08-15 18:00:00,수원,1,나우캐스트,99.4714813232422,100.0,1,0.5285186767578125
2026-08-15 18:00:00,수원,1,ECMWF,99.0,100.0,21,1.0
2026-08-15 18:00:00,수원,1,GFS,100.0,100.0,15,0.0
2026-08-15 18:00:00,전주,1,나우캐스트,96.10801696777344,100.0,1,3.8919830322265625
2026-08-15 18:00:00,전주,1,ECMWF,100.0,100.0,21,0.0
2026-08-15 18:00:00,전주,1,GFS,100.0,100.0,15,0.0
2026-08-15 18:00:00,강릉,1,나우캐스트,92.75769805908205,100.0,1,7.242301940917969
2026-08-15 18:00:00,강릉,1,ECMWF,98.0,100.0,21,2.0
2026-08-15 18:00:00,강릉,1,GFS,100.0,100.0,15,0.0
2026-08-15 18:00:00,제주,1,나우캐스트,94.6689453125,100.0,1,5.3310546875
2026-08-15 18:00:00,제주,1,ECMWF,100.0,100.0,21,0.0
2026-08-15 18:00:00,제주,1,GFS,100.0,100.0,15,0.0
2026-08-15 21:00:00,서울,4,나우캐스트,98.40628051757812,100.0,4,1.593719482421875
2026-08-15 21:00:00,서울,4,ECMWF,100.0,100.0,24,0.0
2026-08-15 21:00:00,서울,4,GFS,70.0,100.0,18,30.0
2026-08-15 21:00:00,대전,4,나우캐스트,92.07388305664062,100.0,4,7.926116943359375
2026-08-15 21:00:00,대전,4,ECMWF,99.0,100.0,24,1.0
2026-08-15 21:00:00,대전,4,GFS,100.0,100.0,18,0.0
2026-08-15 21:00:00,대구,4,나우캐스트,89.54862976074219,100.0,4,10.451370239257812
2026-08-15 21:00:00,대구,4,ECMWF,100.0,100.0,24,0.0
2026-08-15 21:00:00,대구,4,GFS,100.0,100.0,18,0.0
2026-08-15 21:00:00,광주,4,나우캐스트,93.43734741210938,100.0,4,6.562652587890625
2026-08-15 21:00:00,광주,4,ECMWF,100.0,100.0,24,0.0
2026-08-15 21:00:00,광주,4,GFS,100.0,100.0,18,0.0
2026-08-15 21:00:00,부산,4,나우캐스트,91.93019104003906,100.0,4,8.069808959960938
2026-08-15 21:00:00,부산,4,ECMWF,100.0,100.0,24,0.0
2026-08-15 21:00:00,부산,4,GFS,100.0,100.0,18,0.0
2026-08-15 21:00:00,인천,4,나우캐스트,98.52494049072266,100.0,4,1.4750595092773438
2026-08-15 21:00:00,인천,4,ECMWF,100.0,100.0,24,0.0
2026-08-15 21:00:00,인천,4,GFS,89.0,100.0,18,11.0
2026-08-15 21:00:00,수원,4,나우캐스트,98.00741577148438,100.0,4,1.992584228515625
2026-08-15 21:00:00,수원,4,ECMWF,100.0,100.0,24,0.0
2026-08-15 21:00:00,수원,4,GFS,89.0,100.0,18,11.0
2026-08-15 21:00:00,전주,4,나우캐스트,93.81582641601562,100.0,4,6.184173583984375
2026-08-15 21:00:00,전주,4,ECMWF,99.0,100.0,24,1.0
2026-08-15 21:00:00,전주,4,GFS,100.0,100.0,18,0.0
2026-08-15 21:00:00,강릉,4,나우캐스트,91.1214599609375,100.0,4,8.8785400390625
2026-08-15 21:00:00,강릉,4,ECMWF,100.0,100.0,24,0.0
2026-08-15 21:00:00,강릉,4,GFS,100.0,100.0,18,0.0
2026-08-15 21:00:00,제주,4,나우캐스트,93.0575942993164,90.0,4,3.0575942993164062
2026-08-15 21:00:00,제주,4,ECMWF,82.0,90.0,24,8.0
2026-08-15 21:00:00,제주,4,GFS,100.0,90.0,18,10.0
2026-08-15 21:00:00,서울,3,나우캐스트,99.13084411621094,100.0,3,0.8691558837890625
2026-08-15 21:00:00,서울,3,ECMWF,100.0,100.0,24,0.0
2026-08-15 21:00:00,서울,3,GFS,70.0,100.0,18,30.0
2026-08-15 21:00:00,대전,3,나우캐스트,94.10986328125,100.0,3,5.89013671875
2026-08-15 21:00:00,대전,3,ECMWF,99.0,100.0,24,1.0
2026-08-15 21:00:00,대전,3,GFS,100.0,100.0,18,0.0
2026-08-15 21:00:00,대구,3,나우캐스트,93.77497100830078,100.0,3,6.225028991699219
2026-08-15 21:00:00,대구,3,ECMWF,100.0,100.0,24,0.0
2026-08-15 21:00:00,대구,3,GFS,100.0,100.0,18,0.0
2026-08-15 21:00:00,광주,3,나우캐스트,91.86988067626952,100.0,3,8.130119323730469
2026-08-15 21:00:00,광주,3,ECMWF,100.0,100.0,24,0.0
2026-08-15 21:00:00,광주,3,GFS,100.0,100.0,18,0.0
2026-08-15 21:00:00,부산,3,나우캐스트,94.165283203125,100.0,3,5.834716796875
2026-08-15 21:00:00,부산,3,ECMWF,100.0,100.0,24,0.0
2026-08-15 21:00:00,부산,3,GFS,100.0,100.0,18,0.0
2026-08-15 21:00:00,인천,3,나우캐스트,99.18970489501952,100.0,3,0.8102951049804688
2026-08-15 21:00:00,인천,3,ECMWF,100.0,100.0,24,0.0
2026-08-15 21:00:00,인천,3,GFS,89.0,100.0,18,11.0
2026-08-15 21:00:00,수원,3,나우캐스트,98.7718505859375,100.0,3,1.2281494140625
2026-08-15 21:00:00,수원,3,ECMWF,100.0,100.0,24,0.0
2026-08-15 21:00:00,수원,3,GFS,89.0,100.0,18,11.0
2026-08-15 21:00:00,전주,3,나우캐스트,91.60191345214844,100.0,3,8.398086547851562
2026-08-15 21:00:00,전주,3,ECMWF,99.0,100.0,24,1.0
2026-08-15 21:00:00,전주,3,GFS,100.0,100.0,18,0.0
2026-08-15 21:00:00,강릉,3,나우캐스트,93.29530334472656,100.0,3,6.7046966552734375
2026-08-15 21:00:00,강릉,3,ECMWF,100.0,100.0,24,0.0
2026-08-15 21:00:00,강릉,3,GFS,100.0,100.0,18,0.0
2026-08-15 21:00:00,제주,3,나우캐스트,90.95441436767578,90.0,3,0.9544143676757812
2026-08-15 21:00:00,제주,3,ECMWF,82.0,90.0,24,8.0
2026-08-15 21:00:00,제주,3,GFS,100.0,90.0,18,10.0
2026-08-16 00:00:00,서울,6,나우캐스트,96.35743713378906,100.0,6,3.6425628662109375
2026-08-16 00:00:00,서울,6,ECMWF,100.0,100.0,27,0.0
2026-08-16 00:00:00,서울,6,GFS,100.0,100.0,21,0.0
2026-08-16 00:00:00,대전,6,나우캐스트,93.06696319580078,100.0,6,6.933036804199219
2026-08-16 00:00:00,대전,6,ECMWF,100.0,100.0,27,0.0
2026-08-16 00:00:00,대전,6,GFS,100.0,100.0,21,0.0
2026-08-16 00:00:00,대구,6,나우캐스트,93.57162475585938,100.0,6,6.428375244140625
2026-08-16 00:00:00,대구,6,ECMWF,100.0,100.0,27,0.0
2026-08-16 00:00:00,대구,6,GFS,100.0,100.0,21,0.0
2026-08-16 00:00:00,광주,6,나우캐스트,91.19747924804688,100.0,6,8.802520751953125
2026-08-16 00:00:00,광주,6,ECMWF,100.0,100.0,27,0.0
2026-08-16 00:00:00,광주,6,GFS,100.0,100.0,21,0.0
2026-08-16 00:00:00,부산,6,나우캐스트,93.82833862304688,100.0,6,6.171661376953125
2026-08-16 00:00:00,부산,6,ECMWF,88.0,100.0,27,12.0
2026-08-16 00:00:00,부산,6,GFS,100.0,100.0,21,0.0
2026-08-16 00:00:00,인천,6,나우캐스트,95.46737670898438,80.0,6,15.467376708984377
2026-08-16 00:00:00,인천,6,ECMWF,98.0,80.0,27,18.0
2026-08-16 00:00:00,인천,6,GFS,100.0,80.0,21,20.0
2026-08-16 00:00:00,수원,6,나우캐스트,95.26019287109376,90.0,6,5.26019287109375
2026-08-16 00:00:00,수원,6,ECMWF,100.0,90.0,27,10.0
2026-08-16 00:00:00,수원,6,GFS,100.0,90.0,21,10.0
2026-08-16 00:00:00,전주,6,나우캐스트,91.84485626220705,100.0,6,8.155143737792969
2026-08-16 00:00:00,전주,6,ECMWF,100.0,100.0,27,0.0
2026-08-16 00:00:00,전주,6,GFS,100.0,100.0,21,0.0
2026-08-16 00:00:00,강릉,6,나우캐스트,93.57731628417967,100.0,6,6.4226837158203125
2026-08-16 00:00:00,강릉,6,ECMWF,96.0,100.0,27,4.0
2026-08-16 00:00:00,강릉,6,GFS,100.0,100.0,21,0.0
2026-08-16 00:00:00,제주,6,나우캐스트,86.17868041992188,100.0,6,13.821319580078123
2026-08-16 00:00:00,제주,6,ECMWF,95.0,100.0,27,5.0
2026-08-16 00:00:00,제주,6,GFS,100.0,100.0,21,0.0
2026-08-15 21:00:00,서울,2,나우캐스트,99.5114288330078,100.0,2,0.4885711669921875
2026-08-15 21:00:00,서울,2,ECMWF,100.0,100.0,24,0.0
2026-08-15 21:00:00,서울,2,GFS,70.0,100.0,18,30.0
2026-08-15 21:00:00,대전,2,나우캐스트,93.14054870605467,100.0,2,6.8594512939453125
2026-08-15 21:00:00,대전,2,ECMWF,99.0,100.0,24,1.0
2026-08-15 21:00:00,대전,2,GFS,100.0,100.0,18,0.0
2026-08-15 21:00:00,대구,2,나우캐스트,94.59861755371094,100.0,2,5.401382446289063
2026-08-15 21:00:00,대구,2,ECMWF,100.0,100.0,24,0.0
2026-08-15 21:00:00,대구,2,GFS,100.0,100.0,18,0.0
2026-08-15 21:00:00,광주,2,나우캐스트,94.03872680664062,100.0,2,5.961273193359375
2026-08-15 21:00:00,광주,2,ECMWF,100.0,100.0,24,0.0
2026-08-15 21:00:00,광주,2,GFS,100.0,100.0,18,0.0
2026-08-15 21:00:00,부산,2,나우캐스트,92.92567443847656,100.0,2,7.0743255615234375
2026-08-15 21:00:00,부산,2,ECMWF,100.0,100.0,24,0.0
2026-08-15 21:00:00,부산,2,GFS,100.0,100.0,18,0.0
2026-08-15 21:00:00,인천,2,나우캐스트,99.3688507080078,100.0,2,0.6311492919921875
2026-08-15 21:00:00,인천,2,ECMWF,100.0,100.0,24,0.0
2026-08-15 21:00:00,인천,2,GFS,89.0,100.0,18,11.0
2026-08-15 21:00:00,수원,2,나우캐스트,99.13555908203124,100.0,2,0.86444091796875
2026-08-15 21:00:00,수원,2,ECMWF,100.0,100.0,24,0.0
2026-08-15 21:00:00,수원,2,GFS,89.0,100.0,18,11.0
2026-08-15 21:00:00,전주,2,나우캐스트,91.0500030517578,100.0,2,8.949996948242188
2026-08-15 21:00:00,전주,2,ECMWF,99.0,100.0,24,1.0
2026-08-15 21:00:00,전주,2,GFS,100.0,100.0,18,0.0
2026-08-15 21:00:00,강릉,2,나우캐스트,97.7588882446289,100.0,2,2.2411117553710938
2026-08-15 21:00:00,강릉,2,ECMWF,100.0,100.0,24,0.0
2026-08-15 21:00:00,강릉,2,GFS,100.0,100.0,18,0.0
2026-08-15 21:00:00,제주,2,나우캐스트,87.42484283447266,90.0,2,2.575157165527344
2026-08-15 21:00:00,제주,2,ECMWF,82.0,90.0,24,8.0
2026-08-15 21:00:00,제주,2,GFS,100.0,90.0,18,10.0
2026-08-16 00:00:00,서울,5,나우캐스트,93.56631469726562,100.0,5,6.433685302734375
2026-08-16 00:00:00,서울,5,ECMWF,100.0,100.0,27,0.0
2026-08-16 00:00:00,서울,5,GFS,100.0,100.0,21,0.0
2026-08-16 00:00:00,대전,5,나우캐스트,91.54956817626952,100.0,5,8.450431823730469
2026-08-16 00:00:00,대전,5,ECMWF,100.0,100.0,27,0.0
2026-08-16 00:00:00,대전,5,GFS,100.0,100.0,21,0.0
2026-08-16 00:00:00,대구,5,나우캐스트,92.99095916748048,100.0,5,7.009040832519531
2026-08-16 00:00:00,대구,5,ECMWF,100.0,100.0,27,0.0
2026-08-16 00:00:00,대구,5,GFS,100.0,100.0,21,0.0
2026-08-16 00:00:00,광주,5,나우캐스트,91.39028930664062,100.0,5,8.609710693359375
2026-08-16 00:00:00,광주,5,ECMWF,100.0,100.0,27,0.0
2026-08-16 00:00:00,광주,5,GFS,100.0,100.0,21,0.0
2026-08-16 00:00:00,부산,5,나우캐스트,92.89856719970705,100.0,5,7.101432800292969
2026-08-16 00:00:00,부산,5,ECMWF,88.0,100.0,27,12.0
2026-08-16 00:00:00,부산,5,GFS,100.0,100.0,21,0.0
2026-08-16 00:00:00,인천,5,나우캐스트,91.66059112548828,80.0,5,11.66059112548828
2026-08-16 00:00:00,인천,5,ECMWF,98.0,80.0,27,18.0
2026-08-16 00:00:00,인천,5,GFS,100.0,80.0,21,20.0
2026-08-16 00:00:00,수원,5,나우캐스트,94.78411102294922,90.0,5,4.784111022949219
2026-08-16 00:00:00,수원,5,ECMWF,100.0,90.0,27,10.0
2026-08-16 00:00:00,수원,5,GFS,100.0,90.0,21,10.0
2026-08-16 00:00:00,전주,5,나우캐스트,91.71437072753906,100.0,5,8.285629272460938
2026-08-16 00:00:00,전주,5,ECMWF,100.0,100.0,27,0.0
2026-08-16 00:00:00,전주,5,GFS,100.0,100.0,21,0.0
2026-08-16 00:00:00,강릉,5,나우캐스트,96.44540405273438,100.0,5,3.554595947265625
2026-08-16 00:00:00,강릉,5,ECMWF,96.0,100.0,27,4.0
2026-08-16 00:00:00,강릉,5,GFS,100.0,100.0,21,0.0
2026-08-16 00:00:00,제주,5,나우캐스트,86.77116394042969,100.0,5,13.228836059570312
2026-08-16 00:00:00,제주,5,ECMWF,95.0,100.0,27,5.0
2026-08-16 00:00:00,제주,5,GFS,100.0,100.0,21,0.0
2026-08-15 21:00:00,서울,1,나우캐스트,99.08480834960938,100.0,1,0.915191650390625
2026-08-15 21:00:00,서울,1,ECMWF,100.0,100.0,24,0.0
2026-08-15 21:00:00,서울,1,GFS,70.0,100.0,18,30.0
2026-08-15 21:00:00,대전,1,나우캐스트,93.38621520996094,100.0,1,6.613784790039063
2026-08-15 21:00:00,대전,1,ECMWF,99.0,100.0,24,1.0
2026-08-15 21:00:00,대전,1,GFS,100.0,100.0,18,0.0
2026-08-15 21:00:00,대구,1,나우캐스트,94.02416229248048,100.0,1,5.975837707519531
2026-08-15 21:00:00,대구,1,ECMWF,100.0,100.0,24,0.0
2026-08-15 21:00:00,대구,1,GFS,100.0,100.0,18,0.0
2026-08-15 21:00:00,광주,1,나우캐스트,91.08650207519533,100.0,1,8.913497924804688
2026-08-15 21:00:00,광주,1,ECMWF,100.0,100.0,24,0.0
2026-08-15 21:00:00,광주,1,GFS,100.0,100.0,18,0.0
2026-08-15 21:00:00,부산,1,나우캐스트,93.49454498291016,100.0,1,6.505455017089844
2026-08-15 21:00:00,부산,1,ECMWF,100.0,100.0,24,0.0
2026-08-15 21:00:00,부산,1,GFS,100.0,100.0,18,0.0
2026-08-15 21:00:00,인천,1,나우캐스트,98.98065185546876,100.0,1,1.01934814453125
2026-08-15 21:00:00,인천,1,ECMWF,100.0,100.0,24,0.0
2026-08-15 21:00:00,인천,1,GFS,89.0,100.0,18,11.0
2026-08-15 21:00:00,수원,1,나우캐스트,97.8182601928711,100.0,1,2.1817398071289062
2026-08-15 21:00:00,수원,1,ECMWF,100.0,100.0,24,0.0
2026-08-15 21:00:00,수원,1,GFS,89.0,100.0,18,11.0
2026-08-15 21:00:00,전주,1,나우캐스트,83.25756072998047,100.0,1,16.74243927001953
2026-08-15 21:00:00,전주,1,ECMWF,99.0,100.0,24,1.0
2026-08-15 21:00:00,전주,1,GFS,100.0,100.0,18,0.0
2026-08-15 21:00:00,강릉,1,나우캐스트,98.80687713623048,100.0,1,1.1931228637695312
2026-08-15 21:00:00,강릉,1,ECMWF,100.0,100.0,24,0.0
2026-08-15 21:00:00,강릉,1,GFS,100.0,100.0,18,0.0
2026-08-15 21:00:00,제주,1,나우캐스트,86.87110900878906,90.0,1,3.128890991210937
2026-08-15 21:00:00,제주,1,ECMWF,82.0,90.0,24,8.0
2026-08-15 21:00:00,제주,1,GFS,100.0,90.0,18,10.0
2026-08-16 00:00:00,서울,4,나우캐스트,87.2691421508789,100.0,4,12.730857849121094
2026-08-16 00:00:00,서울,4,ECMWF,100.0,100.0,27,0.0
2026-08-16 00:00:00,서울,4,GFS,100.0,100.0,21,0.0
2026-08-16 00:00:00,대전,4,나우캐스트,90.4457778930664,100.0,4,9.554222106933594
2026-08-16 00:00:00,대전,4,ECMWF,100.0,100.0,27,0.0
2026-08-16 00:00:00,대전,4,GFS,100.0,100.0,21,0.0
2026-08-16 00:00:00,대구,4,나우캐스트,92.7197723388672,100.0,4,7.2802276611328125
2026-08-16 00:00:00,대구,4,ECMWF,100.0,100.0,27,0.0
2026-08-16 00:00:00,대구,4,GFS,100.0,100.0,21,0.0
2026-08-16 00:00:00,광주,4,나우캐스트,88.47335815429688,100.0,4,11.526641845703123
2026-08-16 00:00:00,광주,4,ECMWF,100.0,100.0,27,0.0
2026-08-16 00:00:00,광주,4,GFS,100.0,100.0,21,0.0
2026-08-16 00:00:00,부산,4,나우캐스트,93.41015625,100.0,4,6.58984375
2026-08-16 00:00:00,부산,4,ECMWF,88.0,100.0,27,12.0
2026-08-16 00:00:00,부산,4,GFS,100.0,100.0,21,0.0
2026-08-16 00:00:00,인천,4,나우캐스트,86.8821029663086,80.0,4,6.882102966308594
2026-08-16 00:00:00,인천,4,ECMWF,98.0,80.0,27,18.0
2026-08-16 00:00:00,인천,4,GFS,100.0,80.0,21,20.0
2026-08-16 00:00:00,수원,4,나우캐스트,89.46550750732422,90.0,4,0.5344924926757812
2026-08-16 00:00:00,수원,4,ECMWF,100.0,90.0,27,10.0
2026-08-16 00:00:00,수원,4,GFS,100.0,90.0,21,10.0
2026-08-16 00:00:00,전주,4,나우캐스트,89.25699615478516,100.0,4,10.743003845214844
2026-08-16 00:00:00,전주,4,ECMWF,100.0,100.0,27,0.0
2026-08-16 00:00:00,전주,4,GFS,100.0,100.0,21,0.0
2026-08-16 00:00:00,강릉,4,나우캐스트,93.5351791381836,100.0,4,6.464820861816406
2026-08-16 00:00:00,강릉,4,ECMWF,96.0,100.0,27,4.0
2026-08-16 00:00:00,강릉,4,GFS,100.0,100.0,21,0.0
2026-08-16 00:00:00,제주,4,나우캐스트,85.1278076171875,100.0,4,14.8721923828125
2026-08-16 00:00:00,제주,4,ECMWF,95.0,100.0,27,5.0
2026-08-16 00:00:00,제주,4,GFS,100.0,100.0,21,0.0
2026-08-16 00:00:00,서울,3,나우캐스트,90.78347778320312,100.0,3,9.216522216796877
2026-08-16 00:00:00,서울,3,ECMWF,100.0,100.0,27,0.0
2026-08-16 00:00:00,서울,3,GFS,100.0,100.0,21,0.0
2026-08-16 00:00:00,대전,3,나우캐스트,94.3506851196289,100.0,3,5.649314880371094
2026-08-16 00:00:00,대전,3,ECMWF,100.0,100.0,27,0.0
2026-08-16 00:00:00,대전,3,GFS,100.0,100.0,21,0.0
2026-08-16 00:00:00,대구,3,나우캐스트,94.0973892211914,100.0,3,5.902610778808594
2026-08-16 00:00:00,대구,3,ECMWF,100.0,100.0,27,0.0
2026-08-16 00:00:00,대구,3,GFS,100.0,100.0,21,0.0
2026-08-16 00:00:00,광주,3,나우캐스트,87.14192199707031,100.0,3,12.858078002929688
2026-08-16 00:00:00,광주,3,ECMWF,100.0,100.0,27,0.0
2026-08-16 00:00:00,광주,3,GFS,100.0,100.0,21,0.0
2026-08-16 00:00:00,부산,3,나우캐스트,93.15878295898438,100.0,3,6.841217041015625
2026-08-16 00:00:00,부산,3,ECMWF,88.0,100.0,27,12.0
2026-08-16 00:00:00,부산,3,GFS,100.0,100.0,21,0.0
2026-08-16 00:00:00,인천,3,나우캐스트,90.78469848632812,80.0,3,10.784698486328123
2026-08-16 00:00:00,인천,3,ECMWF,98.0,80.0,27,18.0
2026-08-16 00:00:00,인천,3,GFS,100.0,80.0,21,20.0
2026-08-16 00:00:00,수원,3,나우캐스트,92.2214126586914,90.0,3,2.2214126586914062
2026-08-16 00:00:00,수원,3,ECMWF,100.0,90.0,27,10.0
2026-08-16 00:00:00,수원,3,GFS,100.0,90.0,21,10.0
2026-08-16 00:00:00,전주,3,나우캐스트,90.81688690185548,100.0,3,9.183113098144531
2026-08-16 00:00:00,전주,3,ECMWF,100.0,100.0,27,0.0
2026-08-16 00:00:00,전주,3,GFS,100.0,100.0,21,0.0
2026-08-16 00:00:00,강릉,3,나우캐스트,93.89422607421876,100.0,3,6.10577392578125
2026-08-16 00:00:00,강릉,3,ECMWF,96.0,100.0,27,4.0
2026-08-16 00:00:00,강릉,3,GFS,100.0,100.0,21,0.0
2026-08-16 00:00:00,제주,3,나우캐스트,84.60601043701172,100.0,3,15.39398956298828
2026-08-16 00:00:00,제주,3,ECMWF,95.0,100.0,27,5.0
2026-08-16 00:00:00,제주,3,GFS,100.0,100.0,21,0.0
2026-08-16 03:00:00,서울,6,나우캐스트,91.20132446289062,100.0,6,8.798675537109375
2026-08-16 03:00:00,서울,6,ECMWF,80.0,100.0,30,20.0
2026-08-16 03:00:00,서울,6,GFS,100.0,100.0,24,0.0
2026-08-16 03:00:00,대전,6,나우캐스트,92.64064025878906,100.0,6,7.3593597412109375
2026-08-16 03:00:00,대전,6,ECMWF,100.0,100.0,30,0.0
2026-08-16 03:00:00,대전,6,GFS,100.0,100.0,24,0.0
2026-08-16 03:00:00,대구,6,나우캐스트,91.88639831542967,100.0,6,8.113601684570312
2026-08-16 03:00:00,대구,6,ECMWF,100.0,100.0,30,0.0
2026-08-16 03:00:00,대구,6,GFS,100.0,100.0,24,0.0
2026-08-16 03:00:00,광주,6,나우캐스트,89.58656311035156,100.0,6,10.413436889648438
2026-08-16 03:00:00,광주,6,ECMWF,100.0,100.0,30,0.0
2026-08-16 03:00:00,광주,6,GFS,100.0,100.0,24,0.0
2026-08-16 03:00:00,부산,6,나우캐스트,92.73355102539062,100.0,6,7.266448974609375
2026-08-16 03:00:00,부산,6,ECMWF,100.0,100.0,30,0.0
2026-08-16 03:00:00,부산,6,GFS,100.0,100.0,24,0.0
2026-08-16 03:00:00,인천,6,나우캐스트,90.77615356445312,100.0,6,9.223846435546877
2026-08-16 03:00:00,인천,6,ECMWF,98.0,100.0,30,2.0
2026-08-16 03:00:00,인천,6,GFS,100.0,100.0,24,0.0
2026-08-16 03:00:00,수원,6,나우캐스트,91.82709503173828,100.0,6,8.172904968261719
2026-08-16 03:00:00,수원,6,ECMWF,98.0,100.0,30,2.0
2026-08-16 03:00:00,수원,6,GFS,100.0,100.0,24,0.0
2026-08-16 03:00:00,전주,6,나우캐스트,91.63793182373048,100.0,6,8.362068176269531
2026-08-16 03:00:00,전주,6,ECMWF,100.0,100.0,30,0.0
2026-08-16 03:00:00,전주,6,GFS,98.0,100.0,24,2.0
2026-08-16 03:00:00,강릉,6,나우캐스트,92.82796478271484,90.0,6,2.827964782714844
2026-08-16 03:00:00,강릉,6,ECMWF,100.0,90.0,30,10.0
2026-08-16 03:00:00,강릉,6,GFS,96.0,90.0,24,6.0
2026-08-16 03:00:00,제주,6,나우캐스트,84.9422607421875,100.0,6,15.0577392578125
2026-08-16 03:00:00,제주,6,ECMWF,99.0,100.0,30,1.0
2026-08-16 03:00:00,제주,6,GFS,100.0,100.0,24,0.0
2026-08-16 00:00:00,서울,2,나우캐스트,89.1905517578125,100.0,2,10.8094482421875
2026-08-16 00:00:00,서울,2,ECMWF,100.0,100.0,27,0.0
2026-08-16 00:00:00,서울,2,GFS,100.0,100.0,21,0.0
2026-08-16 00:00:00,대전,2,나우캐스트,97.15611267089844,100.0,2,2.8438873291015625
2026-08-16 00:00:00,대전,2,ECMWF,100.0,100.0,27,0.0
2026-08-16 00:00:00,대전,2,GFS,100.0,100.0,21,0.0
2026-08-16 00:00:00,대구,2,나우캐스트,94.6309814453125,100.0,2,5.3690185546875
2026-08-16 00:00:00,대구,2,ECMWF,100.0,100.0,27,0.0
2026-08-16 00:00:00,대구,2,GFS,100.0,100.0,21,0.0
2026-08-16 00:00:00,광주,2,나우캐스트,91.62197875976562,100.0,2,8.378021240234375
2026-08-16 00:00:00,광주,2,ECMWF,100.0,100.0,27,0.0
2026-08-16 00:00:00,광주,2,GFS,100.0,100.0,21,0.0
2026-08-16 00:00:00,부산,2,나우캐스트,94.73239135742188,100.0,2,5.267608642578125
2026-08-16 00:00:00,부산,2,ECMWF,88.0,100.0,27,12.0
2026-08-16 00:00:00,부산,2,GFS,100.0,100.0,21,0.0
2026-08-16 00:00:00,인천,2,나우캐스트,90.01518249511719,80.0,2,10.015182495117188
2026-08-16 00:00:00,인천,2,ECMWF,98.0,80.0,27,18.0
2026-08-16 00:00:00,인천,2,GFS,100.0,80.0,21,20.0
2026-08-16 00:00:00,수원,2,나우캐스트,91.60969543457033,90.0,2,1.6096954345703125
2026-08-16 00:00:00,수원,2,ECMWF,100.0,90.0,27,10.0
2026-08-16 00:00:00,수원,2,GFS,100.0,90.0,21,10.0
2026-08-16 00:00:00,전주,2,나우캐스트,96.24612426757812,100.0,2,3.753875732421875
2026-08-16 00:00:00,전주,2,ECMWF,100.0,100.0,27,0.0
2026-08-16 00:00:00,전주,2,GFS,100.0,100.0,21,0.0
2026-08-16 00:00:00,강릉,2,나우캐스트,91.3584976196289,100.0,2,8.641502380371094
2026-08-16 00:00:00,강릉,2,ECMWF,96.0,100.0,27,4.0
2026-08-16 00:00:00,강릉,2,GFS,100.0,100.0,21,0.0
2026-08-16 00:00:00,제주,2,나우캐스트,85.09733581542969,100.0,2,14.902664184570312
2026-08-16 00:00:00,제주,2,ECMWF,95.0,100.0,27,5.0
2026-08-16 00:00:00,제주,2,GFS,100.0,100.0,21,0.0
2026-08-16 03:00:00,서울,5,나우캐스트,92.09556579589844,100.0,5,7.904434204101562
2026-08-16 03:00:00,서울,5,ECMWF,80.0,100.0,30,20.0
2026-08-16 03:00:00,서울,5,GFS,100.0,100.0,24,0.0
2026-08-16 03:00:00,대전,5,나우캐스트,95.3699951171875,100.0,5,4.6300048828125
2026-08-16 03:00:00,대전,5,ECMWF,100.0,100.0,30,0.0
2026-08-16 03:00:00,대전,5,GFS,100.0,100.0,24,0.0
2026-08-16 03:00:00,대구,5,나우캐스트,94.39239501953124,100.0,5,5.60760498046875
2026-08-16 03:00:00,대구,5,ECMWF,100.0,100.0,30,0.0
2026-08-16 03:00:00,대구,5,GFS,100.0,100.0,24,0.0
2026-08-16 03:00:00,광주,5,나우캐스트,92.04283142089844,100.0,5,7.957168579101562
2026-08-16 03:00:00,광주,5,ECMWF,100.0,100.0,30,0.0
2026-08-16 03:00:00,광주,5,GFS,100.0,100.0,24,0.0
2026-08-16 03:00:00,부산,5,나우캐스트,93.76771545410156,100.0,5,6.2322845458984375
2026-08-16 03:00:00,부산,5,ECMWF,100.0,100.0,30,0.0
2026-08-16 03:00:00,부산,5,GFS,100.0,100.0,24,0.0
2026-08-16 03:00:00,인천,5,나우캐스트,91.5674285888672,100.0,5,8.432571411132812
2026-08-16 03:00:00,인천,5,ECMWF,98.0,100.0,30,2.0
2026-08-16 03:00:00,인천,5,GFS,100.0,100.0,24,0.0
2026-08-16 03:00:00,수원,5,나우캐스트,92.49049377441406,100.0,5,7.5095062255859375
2026-08-16 03:00:00,수원,5,ECMWF,98.0,100.0,30,2.0
2026-08-16 03:00:00,수원,5,GFS,100.0,100.0,24,0.0
2026-08-16 03:00:00,전주,5,나우캐스트,94.37053680419922,100.0,5,5.629463195800781
2026-08-16 03:00:00,전주,5,ECMWF,100.0,100.0,30,0.0
2026-08-16 03:00:00,전주,5,GFS,98.0,100.0,24,2.0
2026-08-16 03:00:00,강릉,5,나우캐스트,93.01599884033205,90.0,5,3.0159988403320312
2026-08-16 03:00:00,강릉,5,ECMWF,100.0,90.0,30,10.0
2026-08-16 03:00:00,강릉,5,GFS,96.0,90.0,24,6.0
2026-08-16 03:00:00,제주,5,나우캐스트,84.42445373535156,100.0,5,15.575546264648438
2026-08-16 03:00:00,제주,5,ECMWF,99.0,100.0,30,1.0
2026-08-16 03:00:00,제주,5,GFS,100.0,100.0,24,0.0
2026-08-16 00:00:00,서울,1,나우캐스트,93.57830810546876,100.0,1,6.42169189453125
2026-08-16 00:00:00,서울,1,ECMWF,100.0,100.0,27,0.0
2026-08-16 00:00:00,서울,1,GFS,100.0,100.0,21,0.0
2026-08-16 00:00:00,대전,1,나우캐스트,97.58209991455078,100.0,1,2.4179000854492188
2026-08-16 00:00:00,대전,1,ECMWF,100.0,100.0,27,0.0
2026-08-16 00:00:00,대전,1,GFS,100.0,100.0,21,0.0
2026-08-16 00:00:00,대구,1,나우캐스트,94.73495483398438,100.0,1,5.265045166015625
2026-08-16 00:00:00,대구,1,ECMWF,100.0,100.0,27,0.0
2026-08-16 00:00:00,대구,1,GFS,100.0,100.0,21,0.0
2026-08-16 00:00:00,광주,1,나우캐스트,90.99884033203124,100.0,1,9.00115966796875
2026-08-16 00:00:00,광주,1,ECMWF,100.0,100.0,27,0.0
2026-08-16 00:00:00,광주,1,GFS,100.0,100.0,21,0.0
2026-08-16 00:00:00,부산,1,나우캐스트,94.8344268798828,100.0,1,5.165573120117188
2026-08-16 00:00:00,부산,1,ECMWF,88.0,100.0,27,12.0
2026-08-16 00:00:00,부산,1,GFS,100.0,100.0,21,0.0
2026-08-16 00:00:00,인천,1,나우캐스트,92.31399536132812,80.0,1,12.313995361328123
2026-08-16 00:00:00,인천,1,ECMWF,98.0,80.0,27,18.0
2026-08-16 00:00:00,인천,1,GFS,100.0,80.0,21,20.0
2026-08-16 00:00:00,수원,1,나우캐스트,92.2068328857422,90.0,1,2.2068328857421875
2026-08-16 00:00:00,수원,1,ECMWF,100.0,90.0,27,10.0
2026-08-16 00:00:00,수원,1,GFS,100.0,90.0,21,10.0
2026-08-16 00:00:00,전주,1,나우캐스트,90.21563720703124,100.0,1,9.78436279296875
2026-08-16 00:00:00,전주,1,ECMWF,100.0,100.0,27,0.0
2026-08-16 00:00:00,전주,1,GFS,100.0,100.0,21,0.0
2026-08-16 00:00:00,강릉,1,나우캐스트,83.41169738769531,100.0,1,16.588302612304688
2026-08-16 00:00:00,강릉,1,ECMWF,96.0,100.0,27,4.0
2026-08-16 00:00:00,강릉,1,GFS,100.0,100.0,21,0.0
2026-08-16 00:00:00,제주,1,나우캐스트,92.72732543945312,100.0,1,7.272674560546875
2026-08-16 00:00:00,제주,1,ECMWF,95.0,100.0,27,5.0
2026-08-16 00:00:00,제주,1,GFS,100.0,100.0,21,0.0
2026-08-16 03:00:00,서울,4,나우캐스트,90.41087341308594,100.0,4,9.589126586914062
2026-08-16 03:00:00,서울,4,ECMWF,80.0,100.0,30,20.0
2026-08-16 03:00:00,서울,4,GFS,100.0,100.0,24,0.0
2026-08-16 03:00:00,대전,4,나우캐스트,94.24090576171876,100.0,4,5.75909423828125
2026-08-16 03:00:00,대전,4,ECMWF,100.0,100.0,30,0.0
2026-08-16 03:00:00,대전,4,GFS,100.0,100.0,24,0.0
2026-08-16 03:00:00,대구,4,나우캐스트,93.57243347167967,100.0,4,6.4275665283203125
2026-08-16 03:00:00,대구,4,ECMWF,100.0,100.0,30,0.0
2026-08-16 03:00:00,대구,4,GFS,100.0,100.0,24,0.0
2026-08-16 03:00:00,광주,4,나우캐스트,92.59091186523438,100.0,4,7.409088134765625
2026-08-16 03:00:00,광주,4,ECMWF,100.0,100.0,30,0.0
2026-08-16 03:00:00,광주,4,GFS,100.0,100.0,24,0.0
2026-08-16 03:00:00,부산,4,나우캐스트,94.45793151855467,100.0,4,5.5420684814453125
2026-08-16 03:00:00,부산,4,ECMWF,100.0,100.0,30,0.0
2026-08-16 03:00:00,부산,4,GFS,100.0,100.0,24,0.0
2026-08-16 03:00:00,인천,4,나우캐스트,89.50994110107422,100.0,4,10.49005889892578
2026-08-16 03:00:00,인천,4,ECMWF,98.0,100.0,30,2.0
2026-08-16 03:00:00,인천,4,GFS,100.0,100.0,24,0.0
2026-08-16 03:00:00,수원,4,나우캐스트,91.41413879394533,100.0,4,8.585861206054688
2026-08-16 03:00:00,수원,4,ECMWF,98.0,100.0,30,2.0
2026-08-16 03:00:00,수원,4,GFS,100.0,100.0,24,0.0
2026-08-16 03:00:00,전주,4,나우캐스트,93.1046371459961,100.0,4,6.895362854003906
2026-08-16 03:00:00,전주,4,ECMWF,100.0,100.0,30,0.0
2026-08-16 03:00:00,전주,4,GFS,98.0,100.0,24,2.0
2026-08-16 03:00:00,강릉,4,나우캐스트,91.73468017578124,90.0,4,1.73468017578125
2026-08-16 03:00:00,강릉,4,ECMWF,100.0,90.0,30,10.0
2026-08-16 03:00:00,강릉,4,GFS,96.0,90.0,24,6.0
2026-08-16 03:00:00,제주,4,나우캐스트,82.08265686035156,100.0,4,17.917343139648438
2026-08-16 03:00:00,제주,4,ECMWF,99.0,100.0,30,1.0
2026-08-16 03:00:00,제주,4,GFS,100.0,100.0,24,0.0
2026-08-16 03:00:00,서울,3,나우캐스트,92.69895935058594,100.0,3,7.3010406494140625
2026-08-16 03:00:00,서울,3,ECMWF,80.0,100.0,30,20.0
2026-08-16 03:00:00,서울,3,GFS,100.0,100.0,24,0.0
2026-08-16 03:00:00,대전,3,나우캐스트,96.26402282714844,100.0,3,3.7359771728515625
2026-08-16 03:00:00,대전,3,ECMWF,100.0,100.0,30,0.0
2026-08-16 03:00:00,대전,3,GFS,100.0,100.0,24,0.0
2026-08-16 03:00:00,대구,3,나우캐스트,94.91190338134766,100.0,3,5.088096618652344
2026-08-16 03:00:00,대구,3,ECMWF,100.0,100.0,30,0.0
2026-08-16 03:00:00,대구,3,GFS,100.0,100.0,24,0.0
2026-08-16 03:00:00,광주,3,나우캐스트,93.2300262451172,100.0,3,6.7699737548828125
2026-08-16 03:00:00,광주,3,ECMWF,100.0,100.0,30,0.0
2026-08-16 03:00:00,광주,3,GFS,100.0,100.0,24,0.0
2026-08-16 03:00:00,부산,3,나우캐스트,94.35370635986328,100.0,3,5.646293640136719
2026-08-16 03:00:00,부산,3,ECMWF,100.0,100.0,30,0.0
2026-08-16 03:00:00,부산,3,GFS,100.0,100.0,24,0.0
2026-08-16 03:00:00,인천,3,나우캐스트,91.97747802734376,100.0,3,8.02252197265625
2026-08-16 03:00:00,인천,3,ECMWF,98.0,100.0,30,2.0
2026-08-16 03:00:00,인천,3,GFS,100.0,100.0,24,0.0
2026-08-16 03:00:00,수원,3,나우캐스트,93.70059967041016,100.0,3,6.299400329589844
2026-08-16 03:00:00,수원,3,ECMWF,98.0,100.0,30,2.0
2026-08-16 03:00:00,수원,3,GFS,100.0,100.0,24,0.0
2026-08-16 03:00:00,전주,3,나우캐스트,95.36422729492188,100.0,3,4.635772705078125
2026-08-16 03:00:00,전주,3,ECMWF,100.0,100.0,30,0.0
2026-08-16 03:00:00,전주,3,GFS,98.0,100.0,24,2.0
2026-08-16 03:00:00,강릉,3,나우캐스트,93.12205505371094,90.0,3,3.122055053710937
2026-08-16 03:00:00,강릉,3,ECMWF,100.0,90.0,30,10.0
2026-08-16 03:00:00,강릉,3,GFS,96.0,90.0,24,6.0
2026-08-16 03:00:00,제주,3,나우캐스트,91.0184555053711,100.0,3,8.981544494628906
2026-08-16 03:00:00,제주,3,ECMWF,99.0,100.0,30,1.0
2026-08-16 03:00:00,제주,3,GFS,100.0,100.0,24,0.0
2026-08-16 06:00:00,서울,6,나우캐스트,92.28538513183594,100.0,6,7.7146148681640625
2026-08-16 06:00:00,서울,6,ECMWF,98.0,100.0,33,2.0
2026-08-16 06:00:00,서울,6,GFS,100.0,100.0,27,0.0
2026-08-16 06:00:00,대전,6,나우캐스트,94.46926879882812,100.0,6,5.530731201171875
2026-08-16 06:00:00,대전,6,ECMWF,100.0,100.0,33,0.0
2026-08-16 06:00:00,대전,6,GFS,100.0,100.0,27,0.0
2026-08-16 06:00:00,대구,6,나우캐스트,95.23076629638672,100.0,6,4.769233703613281
2026-08-16 06:00:00,대구,6,ECMWF,100.0,100.0,33,0.0
2026-08-16 06:00:00,대구,6,GFS,100.0,100.0,27,0.0
2026-08-16 06:00:00,광주,6,나우캐스트,92.90231323242188,100.0,6,7.097686767578125
2026-08-16 06:00:00,광주,6,ECMWF,99.0,100.0,33,1.0
2026-08-16 06:00:00,광주,6,GFS,100.0,100.0,27,0.0
2026-08-16 06:00:00,부산,6,나우캐스트,94.86506652832033,100.0,6,5.134933471679688
2026-08-16 06:00:00,부산,6,ECMWF,100.0,100.0,33,0.0
2026-08-16 06:00:00,부산,6,GFS,100.0,100.0,27,0.0
2026-08-16 06:00:00,인천,6,나우캐스트,92.31295776367188,100.0,6,7.687042236328125
2026-08-16 06:00:00,인천,6,ECMWF,92.0,100.0,33,8.0
2026-08-16 06:00:00,인천,6,GFS,100.0,100.0,27,0.0
2026-08-16 06:00:00,수원,6,나우캐스트,92.45672607421876,100.0,6,7.54327392578125
2026-08-16 06:00:00,수원,6,ECMWF,100.0,100.0,33,0.0
2026-08-16 06:00:00,수원,6,GFS,100.0,100.0,27,0.0
2026-08-16 06:00:00,전주,6,나우캐스트,94.0797882080078,100.0,6,5.920211791992188
2026-08-16 06:00:00,전주,6,ECMWF,100.0,100.0,33,0.0
2026-08-16 06:00:00,전주,6,GFS,100.0,100.0,27,0.0
2026-08-16 06:00:00,강릉,6,나우캐스트,94.1269989013672,100.0,6,5.8730010986328125
2026-08-16 06:00:00,강릉,6,ECMWF,100.0,100.0,33,0.0
2026-08-16 06:00:00,강릉,6,GFS,100.0,100.0,27,0.0
2026-08-16 06:00:00,제주,6,나우캐스트,90.05768585205078,100.0,6,9.94231414794922
2026-08-16 06:00:00,제주,6,ECMWF,99.0,100.0,33,1.0
2026-08-16 06:00:00,제주,6,GFS,100.0,100.0,27,0.0
2026-08-16 03:00:00,서울,2,나우캐스트,92.54278564453124,100.0,2,7.45721435546875
2026-08-16 03:00:00,서울,2,ECMWF,80.0,100.0,30,20.0
2026-08-16 03:00:00,서울,2,GFS,100.0,100.0,24,0.0
2026-08-16 03:00:00,대전,2,나우캐스트,96.59339904785156,100.0,2,3.406600952148437
2026-08-16 03:00:00,대전,2,ECMWF,100.0,100.0,30,0.0
2026-08-16 03:00:00,대전,2,GFS,100.0,100.0,24,0.0
2026-08-16 03:00:00,대구,2,나우캐스트,94.4724349975586,100.0,2,5.527565002441406
2026-08-16 03:00:00,대구,2,ECMWF,100.0,100.0,30,0.0
2026-08-16 03:00:00,대구,2,GFS,100.0,100.0,24,0.0
2026-08-16 03:00:00,광주,2,나우캐스트,94.76776123046876,100.0,2,5.23223876953125
2026-08-16 03:00:00,광주,2,ECMWF,100.0,100.0,30,0.0
2026-08-16 03:00:00,광주,2,GFS,100.0,100.0,24,0.0
2026-08-16 03:00:00,부산,2,나우캐스트,94.36148071289062,100.0,2,5.638519287109375
2026-08-16 03:00:00,부산,2,ECMWF,100.0,100.0,30,0.0
2026-08-16 03:00:00,부산,2,GFS,100.0,100.0,24,0.0
2026-08-16 03:00:00,인천,2,나우캐스트,91.61983489990234,100.0,2,8.380165100097656
2026-08-16 03:00:00,인천,2,ECMWF,98.0,100.0,30,2.0
2026-08-16 03:00:00,인천,2,GFS,100.0,100.0,24,0.0
2026-08-16 03:00:00,수원,2,나우캐스트,93.64238739013672,100.0,2,6.357612609863281
2026-08-16 03:00:00,수원,2,ECMWF,98.0,100.0,30,2.0
2026-08-16 03:00:00,수원,2,GFS,100.0,100.0,24,0.0
2026-08-16 03:00:00,전주,2,나우캐스트,95.44662475585938,100.0,2,4.553375244140625
2026-08-16 03:00:00,전주,2,ECMWF,100.0,100.0,30,0.0
2026-08-16 03:00:00,전주,2,GFS,98.0,100.0,24,2.0
2026-08-16 03:00:00,강릉,2,나우캐스트,94.21367645263672,90.0,2,4.213676452636719
2026-08-16 03:00:00,강릉,2,ECMWF,100.0,90.0,30,10.0
2026-08-16 03:00:00,강릉,2,GFS,96.0,90.0,24,6.0
2026-08-16 03:00:00,제주,2,나우캐스트,93.09626770019533,100.0,2,6.903732299804688
2026-08-16 03:00:00,제주,2,ECMWF,99.0,100.0,30,1.0
2026-08-16 03:00:00,제주,2,GFS,100.0,100.0,24,0.0
2026-08-16 06:00:00,서울,5,나우캐스트,93.39512634277344,100.0,5,6.6048736572265625
2026-08-16 06:00:00,서울,5,ECMWF,98.0,100.0,33,2.0
2026-08-16 06:00:00,서울,5,GFS,100.0,100.0,27,0.0
2026-08-16 06:00:00,대전,5,나우캐스트,94.96226501464844,100.0,5,5.0377349853515625
2026-08-16 06:00:00,대전,5,ECMWF,100.0,100.0,33,0.0
2026-08-16 06:00:00,대전,5,GFS,100.0,100.0,27,0.0
2026-08-16 06:00:00,대구,5,나우캐스트,95.12306213378906,100.0,5,4.8769378662109375
2026-08-16 06:00:00,대구,5,ECMWF,100.0,100.0,33,0.0
2026-08-16 06:00:00,대구,5,GFS,100.0,100.0,27,0.0
2026-08-16 06:00:00,광주,5,나우캐스트,93.59088134765624,100.0,5,6.40911865234375
2026-08-16 06:00:00,광주,5,ECMWF,99.0,100.0,33,1.0
2026-08-16 06:00:00,광주,5,GFS,100.0,100.0,27,0.0
2026-08-16 06:00:00,부산,5,나우캐스트,94.87574768066406,100.0,5,5.1242523193359375
2026-08-16 06:00:00,부산,5,ECMWF,100.0,100.0,33,0.0
2026-08-16 06:00:00,부산,5,GFS,100.0,100.0,27,0.0
2026-08-16 06:00:00,인천,5,나우캐스트,93.51268005371094,100.0,5,6.487319946289063
2026-08-16 06:00:00,인천,5,ECMWF,92.0,100.0,33,8.0
2026-08-16 06:00:00,인천,5,GFS,100.0,100.0,27,0.0
2026-08-16 06:00:00,수원,5,나우캐스트,94.56959533691406,100.0,5,5.4304046630859375
2026-08-16 06:00:00,수원,5,ECMWF,100.0,100.0,33,0.0
2026-08-16 06:00:00,수원,5,GFS,100.0,100.0,27,0.0
2026-08-16 06:00:00,전주,5,나우캐스트,93.5291748046875,100.0,5,6.4708251953125
2026-08-16 06:00:00,전주,5,ECMWF,100.0,100.0,33,0.0
2026-08-16 06:00:00,전주,5,GFS,100.0,100.0,27,0.0
2026-08-16 06:00:00,강릉,5,나우캐스트,94.08610534667967,100.0,5,5.9138946533203125
2026-08-16 06:00:00,강릉,5,ECMWF,100.0,100.0,33,0.0
2026-08-16 06:00:00,강릉,5,GFS,100.0,100.0,27,0.0
2026-08-16 06:00:00,제주,5,나우캐스트,91.54553985595705,100.0,5,8.454460144042969
2026-08-16 06:00:00,제주,5,ECMWF,99.0,100.0,33,1.0
2026-08-16 06:00:00,제주,5,GFS,100.0,100.0,27,0.0
2026-08-16 03:00:00,서울,1,나우캐스트,95.63716888427734,100.0,1,4.362831115722656
2026-08-16 03:00:00,서울,1,ECMWF,80.0,100.0,30,20.0
2026-08-16 03:00:00,서울,1,GFS,100.0,100.0,24,0.0
2026-08-16 03:00:00,대전,1,나우캐스트,96.7529754638672,100.0,1,3.2470245361328125
2026-08-16 03:00:00,대전,1,ECMWF,100.0,100.0,30,0.0
2026-08-16 03:00:00,대전,1,GFS,100.0,100.0,24,0.0
2026-08-16 03:00:00,대구,1,나우캐스트,96.94966888427734,100.0,1,3.050331115722656
2026-08-16 03:00:00,대구,1,ECMWF,100.0,100.0,30,0.0
2026-08-16 03:00:00,대구,1,GFS,100.0,100.0,24,0.0
2026-08-16 03:00:00,광주,1,나우캐스트,95.12303924560548,100.0,1,4.876960754394531
2026-08-16 03:00:00,광주,1,ECMWF,100.0,100.0,30,0.0
2026-08-16 03:00:00,광주,1,GFS,100.0,100.0,24,0.0
2026-08-16 03:00:00,부산,1,나우캐스트,94.1091766357422,100.0,1,5.8908233642578125
2026-08-16 03:00:00,부산,1,ECMWF,100.0,100.0,30,0.0
2026-08-16 03:00:00,부산,1,GFS,100.0,100.0,24,0.0
2026-08-16 03:00:00,인천,1,나우캐스트,93.7302474975586,100.0,1,6.269752502441406
2026-08-16 03:00:00,인천,1,ECMWF,98.0,100.0,30,2.0
2026-08-16 03:00:00,인천,1,GFS,100.0,100.0,24,0.0
2026-08-16 03:00:00,수원,1,나우캐스트,93.61992645263672,100.0,1,6.380073547363281
2026-08-16 03:00:00,수원,1,ECMWF,98.0,100.0,30,2.0
2026-08-16 03:00:00,수원,1,GFS,100.0,100.0,24,0.0
2026-08-16 03:00:00,전주,1,나우캐스트,98.21556091308594,100.0,1,1.7844390869140625
2026-08-16 03:00:00,전주,1,ECMWF,100.0,100.0,30,0.0
2026-08-16 03:00:00,전주,1,GFS,98.0,100.0,24,2.0
2026-08-16 03:00:00,강릉,1,나우캐스트,96.15996551513672,90.0,1,6.159965515136719
2026-08-16 03:00:00,강릉,1,ECMWF,100.0,90.0,30,10.0
2026-08-16 03:00:00,강릉,1,GFS,96.0,90.0,24,6.0
2026-08-16 03:00:00,제주,1,나우캐스트,90.4985580444336,100.0,1,9.501441955566406
2026-08-16 03:00:00,제주,1,ECMWF,99.0,100.0,30,1.0
2026-08-16 03:00:00,제주,1,GFS,100.0,100.0,24,0.0
2026-08-16 06:00:00,서울,4,나우캐스트,94.2720947265625,100.0,4,5.7279052734375
2026-08-16 06:00:00,서울,4,ECMWF,98.0,100.0,33,2.0
2026-08-16 06:00:00,서울,4,GFS,100.0,100.0,27,0.0
2026-08-16 06:00:00,대전,4,나우캐스트,95.77263641357422,100.0,4,4.227363586425781
2026-08-16 06:00:00,대전,4,ECMWF,100.0,100.0,33,0.0
2026-08-16 06:00:00,대전,4,GFS,100.0,100.0,27,0.0
2026-08-16 06:00:00,대구,4,나우캐스트,95.65799713134766,100.0,4,4.342002868652344
2026-08-16 06:00:00,대구,4,ECMWF,100.0,100.0,33,0.0
2026-08-16 06:00:00,대구,4,GFS,100.0,100.0,27,0.0
2026-08-16 06:00:00,광주,4,나우캐스트,93.65226745605467,100.0,4,6.3477325439453125
2026-08-16 06:00:00,광주,4,ECMWF,99.0,100.0,33,1.0
2026-08-16 06:00:00,광주,4,GFS,100.0,100.0,27,0.0
2026-08-16 06:00:00,부산,4,나우캐스트,94.44387817382812,100.0,4,5.556121826171875
2026-08-16 06:00:00,부산,4,ECMWF,100.0,100.0,33,0.0
2026-08-16 06:00:00,부산,4,GFS,100.0,100.0,27,0.0
2026-08-16 06:00:00,인천,4,나우캐스트,93.610595703125,100.0,4,6.389404296875
2026-08-16 06:00:00,인천,4,ECMWF,92.0,100.0,33,8.0
2026-08-16 06:00:00,인천,4,GFS,100.0,100.0,27,0.0
2026-08-16 06:00:00,수원,4,나우캐스트,94.47869873046876,100.0,4,5.52130126953125
2026-08-16 06:00:00,수원,4,ECMWF,100.0,100.0,33,0.0
2026-08-16 06:00:00,수원,4,GFS,100.0,100.0,27,0.0
2026-08-16 06:00:00,전주,4,나우캐스트,95.58808135986328,100.0,4,4.411918640136719
2026-08-16 06:00:00,전주,4,ECMWF,100.0,100.0,33,0.0
2026-08-16 06:00:00,전주,4,GFS,100.0,100.0,27,0.0
2026-08-16 06:00:00,강릉,4,나우캐스트,95.4068832397461,100.0,4,4.593116760253906
2026-08-16 06:00:00,강릉,4,ECMWF,100.0,100.0,33,0.0
2026-08-16 06:00:00,강릉,4,GFS,100.0,100.0,27,0.0
2026-08-16 06:00:00,제주,4,나우캐스트,91.09996032714844,100.0,4,8.900039672851562
2026-08-16 06:00:00,제주,4,ECMWF,99.0,100.0,33,1.0
2026-08-16 06:00:00,제주,4,GFS,100.0,100.0,27,0.0
2026-08-16 06:00:00,서울,3,나우캐스트,95.19807434082033,100.0,3,4.801925659179688
2026-08-16 06:00:00,서울,3,ECMWF,98.0,100.0,33,2.0
2026-08-16 06:00:00,서울,3,GFS,100.0,100.0,27,0.0
2026-08-16 06:00:00,대전,3,나우캐스트,95.30769348144533,100.0,3,4.692306518554688
2026-08-16 06:00:00,대전,3,ECMWF,100.0,100.0,33,0.0
2026-08-16 06:00:00,대전,3,GFS,100.0,100.0,27,0.0
2026-08-16 06:00:00,대구,3,나우캐스트,95.21907043457033,100.0,3,4.780929565429688
2026-08-16 06:00:00,대구,3,ECMWF,100.0,100.0,33,0.0
2026-08-16 06:00:00,대구,3,GFS,100.0,100.0,27,0.0
2026-08-16 06:00:00,광주,3,나우캐스트,93.9229965209961,100.0,3,6.077003479003906
2026-08-16 06:00:00,광주,3,ECMWF,99.0,100.0,33,1.0
2026-08-16 06:00:00,광주,3,GFS,100.0,100.0,27,0.0
2026-08-16 06:00:00,부산,3,나우캐스트,95.06987762451172,100.0,3,4.930122375488281
2026-08-16 06:00:00,부산,3,ECMWF,100.0,100.0,33,0.0
2026-08-16 06:00:00,부산,3,GFS,100.0,100.0,27,0.0
2026-08-16 06:00:00,인천,3,나우캐스트,94.86138153076172,100.0,3,5.138618469238281
2026-08-16 06:00:00,인천,3,ECMWF,92.0,100.0,33,8.0
2026-08-16 06:00:00,인천,3,GFS,100.0,100.0,27,0.0
2026-08-16 06:00:00,수원,3,나우캐스트,96.25885772705078,100.0,3,3.7411422729492183
2026-08-16 06:00:00,수원,3,ECMWF,100.0,100.0,33,0.0
2026-08-16 06:00:00,수원,3,GFS,100.0,100.0,27,0.0
2026-08-16 06:00:00,전주,3,나우캐스트,93.96683502197266,100.0,3,6.033164978027344
2026-08-16 06:00:00,전주,3,ECMWF,100.0,100.0,33,0.0
2026-08-16 06:00:00,전주,3,GFS,100.0,100.0,27,0.0
2026-08-16 06:00:00,강릉,3,나우캐스트,92.1977081298828,100.0,3,7.8022918701171875
2026-08-16 06:00:00,강릉,3,ECMWF,100.0,100.0,33,0.0
2026-08-16 06:00:00,강릉,3,GFS,100.0,100.0,27,0.0
2026-08-16 06:00:00,제주,3,나우캐스트,93.4246826171875,100.0,3,6.5753173828125
2026-08-16 06:00:00,제주,3,ECMWF,99.0,100.0,33,1.0
2026-08-16 06:00:00,제주,3,GFS,100.0,100.0,27,0.0
2026-08-16 09:00:00,서울,6,나우캐스트,95.02947998046876,100.0,6,4.97052001953125
2026-08-16 09:00:00,서울,6,ECMWF,91.0,100.0,36,9.0
2026-08-16 09:00:00,서울,6,GFS,100.0,100.0,30,0.0
2026-08-16 09:00:00,대전,6,나우캐스트,92.65503692626952,100.0,6,7.344963073730469
2026-08-16 09:00:00,대전,6,ECMWF,100.0,100.0,36,0.0
2026-08-16 09:00:00,대전,6,GFS,100.0,100.0,30,0.0
2026-08-16 09:00:00,대구,6,나우캐스트,94.87346649169922,100.0,6,5.126533508300781
2026-08-16 09:00:00,대구,6,ECMWF,100.0,100.0,36,0.0
2026-08-16 09:00:00,대구,6,GFS,100.0,100.0,30,0.0
2026-08-16 09:00:00,광주,6,나우캐스트,92.57050323486328,100.0,6,7.429496765136719
2026-08-16 09:00:00,광주,6,ECMWF,100.0,100.0,36,0.0
2026-08-16 09:00:00,광주,6,GFS,100.0,100.0,30,0.0
2026-08-16 09:00:00,부산,6,나우캐스트,95.04013061523438,100.0,6,4.959869384765625
2026-08-16 09:00:00,부산,6,ECMWF,100.0,100.0,36,0.0
2026-08-16 09:00:00,부산,6,GFS,100.0,100.0,30,0.0
2026-08-16 09:00:00,인천,6,나우캐스트,94.58877563476562,90.0,6,4.588775634765625
2026-08-16 09:00:00,인천,6,ECMWF,78.0,90.0,36,12.0
2026-08-16 09:00:00,인천,6,GFS,100.0,90.0,30,10.0
2026-08-16 09:00:00,수원,6,나우캐스트,94.44528198242188,90.0,6,4.445281982421875
2026-08-16 09:00:00,수원,6,ECMWF,100.0,90.0,36,10.0
2026-08-16 09:00:00,수원,6,GFS,100.0,90.0,30,10.0
2026-08-16 09:00:00,전주,6,나우캐스트,92.23865509033205,100.0,6,7.761344909667969
2026-08-16 09:00:00,전주,6,ECMWF,99.0,100.0,36,1.0
2026-08-16 09:00:00,전주,6,GFS,100.0,100.0,30,0.0
2026-08-16 09:00:00,강릉,6,나우캐스트,94.51380920410156,100.0,6,5.4861907958984375
2026-08-16 09:00:00,강릉,6,ECMWF,100.0,100.0,36,0.0
2026-08-16 09:00:00,강릉,6,GFS,100.0,100.0,30,0.0
2026-08-16 09:00:00,제주,6,나우캐스트,92.53010559082033,80.0,6,12.530105590820312
2026-08-16 09:00:00,제주,6,ECMWF,100.0,80.0,36,20.0
2026-08-16 09:00:00,제주,6,GFS,100.0,80.0,30,20.0
2026-08-16 06:00:00,서울,2,나우캐스트,96.3751220703125,100.0,2,3.6248779296875
2026-08-16 06:00:00,서울,2,ECMWF,98.0,100.0,33,2.0
2026-08-16 06:00:00,서울,2,GFS,100.0,100.0,27,0.0
2026-08-16 06:00:00,대전,2,나우캐스트,95.40133666992188,100.0,2,4.598663330078125
2026-08-16 06:00:00,대전,2,ECMWF,100.0,100.0,33,0.0
2026-08-16 06:00:00,대전,2,GFS,100.0,100.0,27,0.0
2026-08-16 06:00:00,대구,2,나우캐스트,94.89816284179688,100.0,2,5.101837158203125
2026-08-16 06:00:00,대구,2,ECMWF,100.0,100.0,33,0.0
2026-08-16 06:00:00,대구,2,GFS,100.0,100.0,27,0.0
2026-08-16 06:00:00,광주,2,나우캐스트,93.27240753173828,100.0,2,6.727592468261719
2026-08-16 06:00:00,광주,2,ECMWF,99.0,100.0,33,1.0
2026-08-16 06:00:00,광주,2,GFS,100.0,100.0,27,0.0
2026-08-16 06:00:00,부산,2,나우캐스트,93.99002075195312,100.0,2,6.009979248046875
2026-08-16 06:00:00,부산,2,ECMWF,100.0,100.0,33,0.0
2026-08-16 06:00:00,부산,2,GFS,100.0,100.0,27,0.0
2026-08-16 06:00:00,인천,2,나우캐스트,95.59309387207033,100.0,2,4.406906127929688
2026-08-16 06:00:00,인천,2,ECMWF,92.0,100.0,33,8.0
2026-08-16 06:00:00,인천,2,GFS,100.0,100.0,27,0.0
2026-08-16 06:00:00,수원,2,나우캐스트,97.93984985351562,100.0,2,2.060150146484375
2026-08-16 06:00:00,수원,2,ECMWF,100.0,100.0,33,0.0
2026-08-16 06:00:00,수원,2,GFS,100.0,100.0,27,0.0
2026-08-16 06:00:00,전주,2,나우캐스트,94.48493957519533,100.0,2,5.515060424804688
2026-08-16 06:00:00,전주,2,ECMWF,100.0,100.0,33,0.0
2026-08-16 06:00:00,전주,2,GFS,100.0,100.0,27,0.0
2026-08-16 06:00:00,강릉,2,나우캐스트,93.64533996582033,100.0,2,6.354660034179688
2026-08-16 06:00:00,강릉,2,ECMWF,100.0,100.0,33,0.0
2026-08-16 06:00:00,강릉,2,GFS,100.0,100.0,27,0.0
2026-08-16 06:00:00,제주,2,나우캐스트,82.18307495117188,100.0,2,17.816925048828125
2026-08-16 06:00:00,제주,2,ECMWF,99.0,100.0,33,1.0
2026-08-16 06:00:00,제주,2,GFS,100.0,100.0,27,0.0
2026-08-16 09:00:00,서울,5,나우캐스트,95.3626708984375,100.0,5,4.6373291015625
2026-08-16 09:00:00,서울,5,ECMWF,91.0,100.0,36,9.0
2026-08-16 09:00:00,서울,5,GFS,100.0,100.0,30,0.0
2026-08-16 09:00:00,대전,5,나우캐스트,93.63306427001952,100.0,5,6.366935729980469
2026-08-16 09:00:00,대전,5,ECMWF,100.0,100.0,36,0.0
2026-08-16 09:00:00,대전,5,GFS,100.0,100.0,30,0.0
2026-08-16 09:00:00,대구,5,나우캐스트,94.32278442382812,100.0,5,5.677215576171875
2026-08-16 09:00:00,대구,5,ECMWF,100.0,100.0,36,0.0
2026-08-16 09:00:00,대구,5,GFS,100.0,100.0,30,0.0
2026-08-16 09:00:00,광주,5,나우캐스트,92.47154235839844,100.0,5,7.528457641601562
2026-08-16 09:00:00,광주,5,ECMWF,100.0,100.0,36,0.0
2026-08-16 09:00:00,광주,5,GFS,100.0,100.0,30,0.0
2026-08-16 09:00:00,부산,5,나우캐스트,94.09349822998048,100.0,5,5.906501770019531
2026-08-16 09:00:00,부산,5,ECMWF,100.0,100.0,36,0.0
2026-08-16 09:00:00,부산,5,GFS,100.0,100.0,30,0.0
2026-08-16 09:00:00,인천,5,나우캐스트,94.6793441772461,90.0,5,4.679344177246094
2026-08-16 09:00:00,인천,5,ECMWF,78.0,90.0,36,12.0
2026-08-16 09:00:00,인천,5,GFS,100.0,90.0,30,10.0
2026-08-16 09:00:00,수원,5,나우캐스트,95.66357421875,90.0,5,5.66357421875
2026-08-16 09:00:00,수원,5,ECMWF,100.0,90.0,36,10.0
2026-08-16 09:00:00,수원,5,GFS,100.0,90.0,30,10.0
2026-08-16 09:00:00,전주,5,나우캐스트,92.41006469726562,100.0,5,7.589935302734375
2026-08-16 09:00:00,전주,5,ECMWF,99.0,100.0,36,1.0
2026-08-16 09:00:00,전주,5,GFS,100.0,100.0,30,0.0
2026-08-16 09:00:00,강릉,5,나우캐스트,95.34603881835938,100.0,5,4.653961181640625
2026-08-16 09:00:00,강릉,5,ECMWF,100.0,100.0,36,0.0
2026-08-16 09:00:00,강릉,5,GFS,100.0,100.0,30,0.0
2026-08-16 09:00:00,제주,5,나우캐스트,86.63636779785156,80.0,5,6.6363677978515625
2026-08-16 09:00:00,제주,5,ECMWF,100.0,80.0,36,20.0
2026-08-16 09:00:00,제주,5,GFS,100.0,80.0,30,20.0
2026-08-16 06:00:00,서울,1,나우캐스트,97.30359649658205,100.0,1,2.6964035034179688
2026-08-16 06:00:00,서울,1,ECMWF,98.0,100.0,33,2.0
2026-08-16 06:00:00,서울,1,GFS,100.0,100.0,27,0.0
2026-08-16 06:00:00,대전,1,나우캐스트,94.116943359375,100.0,1,5.883056640625
2026-08-16 06:00:00,대전,1,ECMWF,100.0,100.0,33,0.0
2026-08-16 06:00:00,대전,1,GFS,100.0,100.0,27,0.0
2026-08-16 06:00:00,대구,1,나우캐스트,93.55136108398438,100.0,1,6.448638916015625
2026-08-16 06:00:00,대구,1,ECMWF,100.0,100.0,33,0.0
2026-08-16 06:00:00,대구,1,GFS,100.0,100.0,27,0.0
2026-08-16 06:00:00,광주,1,나우캐스트,95.03170013427734,100.0,1,4.968299865722656
2026-08-16 06:00:00,광주,1,ECMWF,99.0,100.0,33,1.0
2026-08-16 06:00:00,광주,1,GFS,100.0,100.0,27,0.0
2026-08-16 06:00:00,부산,1,나우캐스트,93.32493591308594,100.0,1,6.675064086914063
2026-08-16 06:00:00,부산,1,ECMWF,100.0,100.0,33,0.0
2026-08-16 06:00:00,부산,1,GFS,100.0,100.0,27,0.0
2026-08-16 06:00:00,인천,1,나우캐스트,95.22588348388672,100.0,1,4.774116516113281
2026-08-16 06:00:00,인천,1,ECMWF,92.0,100.0,33,8.0
2026-08-16 06:00:00,인천,1,GFS,100.0,100.0,27,0.0
2026-08-16 06:00:00,수원,1,나우캐스트,98.45225524902344,100.0,1,1.5477447509765625
2026-08-16 06:00:00,수원,1,ECMWF,100.0,100.0,33,0.0
2026-08-16 06:00:00,수원,1,GFS,100.0,100.0,27,0.0
2026-08-16 06:00:00,전주,1,나우캐스트,94.41566467285156,100.0,1,5.5843353271484375
2026-08-16 06:00:00,전주,1,ECMWF,100.0,100.0,33,0.0
2026-08-16 06:00:00,전주,1,GFS,100.0,100.0,27,0.0
2026-08-16 06:00:00,강릉,1,나우캐스트,94.43643188476562,100.0,1,5.563568115234375
2026-08-16 06:00:00,강릉,1,ECMWF,100.0,100.0,33,0.0
2026-08-16 06:00:00,강릉,1,GFS,100.0,100.0,27,0.0
2026-08-16 06:00:00,제주,1,나우캐스트,81.49827575683594,100.0,1,18.501724243164062
2026-08-16 06:00:00,제주,1,ECMWF,99.0,100.0,33,1.0
2026-08-16 06:00:00,제주,1,GFS,100.0,100.0,27,0.0
2026-08-16 09:00:00,서울,4,나우캐스트,94.86779022216795,100.0,4,5.132209777832031
2026-08-16 09:00:00,서울,4,ECMWF,91.0,100.0,36,9.0
2026-08-16 09:00:00,서울,4,GFS,100.0,100.0,30,0.0
2026-08-16 09:00:00,대전,4,나우캐스트,92.20352172851562,100.0,4,7.796478271484375
2026-08-16 09:00:00,대전,4,ECMWF,100.0,100.0,36,0.0
2026-08-16 09:00:00,대전,4,GFS,100.0,100.0,30,0.0
2026-08-16 09:00:00,대구,4,나우캐스트,94.24494171142578,100.0,4,5.755058288574219
2026-08-16 09:00:00,대구,4,ECMWF,100.0,100.0,36,0.0
2026-08-16 09:00:00,대구,4,GFS,100.0,100.0,30,0.0
2026-08-16 09:00:00,광주,4,나우캐스트,91.095947265625,100.0,4,8.904052734375
2026-08-16 09:00:00,광주,4,ECMWF,100.0,100.0,36,0.0
2026-08-16 09:00:00,광주,4,GFS,100.0,100.0,30,0.0
2026-08-16 09:00:00,부산,4,나우캐스트,93.48654174804688,100.0,4,6.513458251953125
2026-08-16 09:00:00,부산,4,ECMWF,100.0,100.0,36,0.0
2026-08-16 09:00:00,부산,4,GFS,100.0,100.0,30,0.0
2026-08-16 09:00:00,인천,4,나우캐스트,93.61903381347656,90.0,4,3.6190338134765625
2026-08-16 09:00:00,인천,4,ECMWF,78.0,90.0,36,12.0
2026-08-16 09:00:00,인천,4,GFS,100.0,90.0,30,10.0
2026-08-16 09:00:00,수원,4,나우캐스트,95.23578643798828,90.0,4,5.235786437988281
2026-08-16 09:00:00,수원,4,ECMWF,100.0,90.0,36,10.0
2026-08-16 09:00:00,수원,4,GFS,100.0,90.0,30,10.0
2026-08-16 09:00:00,전주,4,나우캐스트,91.62753295898438,100.0,4,8.372467041015625
2026-08-16 09:00:00,전주,4,ECMWF,99.0,100.0,36,1.0
2026-08-16 09:00:00,전주,4,GFS,100.0,100.0,30,0.0
2026-08-16 09:00:00,강릉,4,나우캐스트,94.645751953125,100.0,4,5.354248046875
2026-08-16 09:00:00,강릉,4,ECMWF,100.0,100.0,36,0.0
2026-08-16 09:00:00,강릉,4,GFS,100.0,100.0,30,0.0
2026-08-16 09:00:00,제주,4,나우캐스트,86.03081512451172,80.0,4,6.030815124511719
2026-08-16 09:00:00,제주,4,ECMWF,100.0,80.0,36,20.0
2026-08-16 09:00:00,제주,4,GFS,100.0,80.0,30,20.0
2026-08-16 09:00:00,서울,3,나우캐스트,94.66886901855467,100.0,3,5.3311309814453125
2026-08-16 09:00:00,서울,3,ECMWF,91.0,100.0,36,9.0
2026-08-16 09:00:00,서울,3,GFS,100.0,100.0,30,0.0
2026-08-16 09:00:00,대전,3,나우캐스트,92.88634490966795,100.0,3,7.113655090332031
2026-08-16 09:00:00,대전,3,ECMWF,100.0,100.0,36,0.0
2026-08-16 09:00:00,대전,3,GFS,100.0,100.0,30,0.0
2026-08-16 09:00:00,대구,3,나우캐스트,95.13853454589844,100.0,3,4.8614654541015625
2026-08-16 09:00:00,대구,3,ECMWF,100.0,100.0,36,0.0
2026-08-16 09:00:00,대구,3,GFS,100.0,100.0,30,0.0
2026-08-16 09:00:00,광주,3,나우캐스트,93.14147186279295,100.0,3,6.858528137207031
2026-08-16 09:00:00,광주,3,ECMWF,100.0,100.0,36,0.0
2026-08-16 09:00:00,광주,3,GFS,100.0,100.0,30,0.0
2026-08-16 09:00:00,부산,3,나우캐스트,93.14447021484376,100.0,3,6.85552978515625
2026-08-16 09:00:00,부산,3,ECMWF,100.0,100.0,36,0.0
2026-08-16 09:00:00,부산,3,GFS,100.0,100.0,30,0.0
2026-08-16 09:00:00,인천,3,나우캐스트,92.54104614257812,90.0,3,2.541046142578125
2026-08-16 09:00:00,인천,3,ECMWF,78.0,90.0,36,12.0
2026-08-16 09:00:00,인천,3,GFS,100.0,90.0,30,10.0
2026-08-16 09:00:00,수원,3,나우캐스트,95.21961975097656,90.0,3,5.2196197509765625
2026-08-16 09:00:00,수원,3,ECMWF,100.0,90.0,36,10.0
2026-08-16 09:00:00,수원,3,GFS,100.0,90.0,30,10.0
2026-08-16 09:00:00,전주,3,나우캐스트,92.67543029785156,100.0,3,7.324569702148437
2026-08-16 09:00:00,전주,3,ECMWF,99.0,100.0,36,1.0
2026-08-16 09:00:00,전주,3,GFS,100.0,100.0,30,0.0
2026-08-16 09:00:00,강릉,3,나우캐스트,95.0587921142578,100.0,3,4.941207885742188
2026-08-16 09:00:00,강릉,3,ECMWF,100.0,100.0,36,0.0
2026-08-16 09:00:00,강릉,3,GFS,100.0,100.0,30,0.0
2026-08-16 09:00:00,제주,3,나우캐스트,91.65929412841795,80.0,3,11.659294128417969
2026-08-16 09:00:00,제주,3,ECMWF,100.0,80.0,36,20.0
2026-08-16 09:00:00,제주,3,GFS,100.0,80.0,30,20.0
2026-08-16 12:00:00,서울,6,나우캐스트,91.8015594482422,100.0,6,8.198440551757812
2026-08-16 12:00:00,서울,6,ECMWF,66.0,100.0,39,34.0
2026-08-16 12:00:00,서울,6,GFS,71.0,100.0,33,29.0
2026-08-16 12:00:00,대전,6,나우캐스트,90.09209442138672,80.0,6,10.09209442138672
2026-08-16 12:00:00,대전,6,ECMWF,100.0,80.0,39,20.0
2026-08-16 12:00:00,대전,6,GFS,100.0,80.0,33,20.0
2026-08-16 12:00:00,대구,6,나우캐스트,94.55894470214844,100.0,6,5.4410552978515625
2026-08-16 12:00:00,대구,6,ECMWF,100.0,100.0,39,0.0
2026-08-16 12:00:00,대구,6,GFS,100.0,100.0,33,0.0
2026-08-16 12:00:00,광주,6,나우캐스트,89.6990737915039,80.0,6,9.699073791503906
2026-08-16 12:00:00,광주,6,ECMWF,76.0,80.0,39,4.0
2026-08-16 12:00:00,광주,6,GFS,100.0,80.0,33,20.0
2026-08-16 12:00:00,부산,6,나우캐스트,93.83204650878906,100.0,6,6.1679534912109375
2026-08-16 12:00:00,부산,6,ECMWF,100.0,100.0,39,0.0
2026-08-16 12:00:00,부산,6,GFS,100.0,100.0,33,0.0
2026-08-16 12:00:00,인천,6,나우캐스트,87.81925964355469,90.0,6,2.1807403564453125
2026-08-16 12:00:00,인천,6,ECMWF,98.0,90.0,39,8.0
2026-08-16 12:00:00,인천,6,GFS,48.0,90.0,33,42.0
2026-08-16 12:00:00,수원,6,나우캐스트,90.60455322265624,90.0,6,0.60455322265625
2026-08-16 12:00:00,수원,6,ECMWF,100.0,90.0,39,10.0
2026-08-16 12:00:00,수원,6,GFS,57.0,90.0,33,33.0
2026-08-16 12:00:00,전주,6,나우캐스트,89.89363098144531,90.0,6,0.1063690185546875
2026-08-16 12:00:00,전주,6,ECMWF,98.0,90.0,39,8.0
2026-08-16 12:00:00,전주,6,GFS,100.0,90.0,33,10.0
2026-08-16 12:00:00,강릉,6,나우캐스트,94.55492401123048,100.0,6,5.445075988769531
2026-08-16 12:00:00,강릉,6,ECMWF,100.0,100.0,39,0.0
2026-08-16 12:00:00,강릉,6,GFS,100.0,100.0,33,0.0
2026-08-16 12:00:00,제주,6,나우캐스트,89.01889038085938,100.0,6,10.981109619140623
2026-08-16 12:00:00,제주,6,ECMWF,100.0,100.0,39,0.0
2026-08-16 12:00:00,제주,6,GFS,100.0,100.0,33,0.0
2026-08-16 09:00:00,서울,2,나우캐스트,91.44174194335938,100.0,2,8.558258056640625
2026-08-16 09:00:00,서울,2,ECMWF,91.0,100.0,36,9.0
2026-08-16 09:00:00,서울,2,GFS,100.0,100.0,30,0.0
2026-08-16 09:00:00,대전,2,나우캐스트,93.71334838867188,100.0,2,6.286651611328125
2026-08-16 09:00:00,대전,2,ECMWF,100.0,100.0,36,0.0
2026-08-16 09:00:00,대전,2,GFS,100.0,100.0,30,0.0
2026-08-16 09:00:00,대구,2,나우캐스트,96.5225067138672,100.0,2,3.4774932861328125
2026-08-16 09:00:00,대구,2,ECMWF,100.0,100.0,36,0.0
2026-08-16 09:00:00,대구,2,GFS,100.0,100.0,30,0.0
2026-08-16 09:00:00,광주,2,나우캐스트,93.91380310058594,100.0,2,6.086196899414063
2026-08-16 09:00:00,광주,2,ECMWF,100.0,100.0,36,0.0
2026-08-16 09:00:00,광주,2,GFS,100.0,100.0,30,0.0
2026-08-16 09:00:00,부산,2,나우캐스트,94.45587921142578,100.0,2,5.544120788574219
2026-08-16 09:00:00,부산,2,ECMWF,100.0,100.0,36,0.0
2026-08-16 09:00:00,부산,2,GFS,100.0,100.0,30,0.0
2026-08-16 09:00:00,인천,2,나우캐스트,90.1884765625,90.0,2,0.1884765625
2026-08-16 09:00:00,인천,2,ECMWF,78.0,90.0,36,12.0
2026-08-16 09:00:00,인천,2,GFS,100.0,90.0,30,10.0
2026-08-16 09:00:00,수원,2,나우캐스트,91.4736785888672,90.0,2,1.4736785888671875
2026-08-16 09:00:00,수원,2,ECMWF,100.0,90.0,36,10.0
2026-08-16 09:00:00,수원,2,GFS,100.0,90.0,30,10.0
2026-08-16 09:00:00,전주,2,나우캐스트,92.84595489501952,100.0,2,7.154045104980469
2026-08-16 09:00:00,전주,2,ECMWF,99.0,100.0,36,1.0
2026-08-16 09:00:00,전주,2,GFS,100.0,100.0,30,0.0
2026-08-16 09:00:00,강릉,2,나우캐스트,95.78157806396484,100.0,2,4.218421936035156
2026-08-16 09:00:00,강릉,2,ECMWF,100.0,100.0,36,0.0
2026-08-16 09:00:00,강릉,2,GFS,100.0,100.0,30,0.0
2026-08-16 09:00:00,제주,2,나우캐스트,91.60713958740234,80.0,2,11.607139587402344
2026-08-16 09:00:00,제주,2,ECMWF,100.0,80.0,36,20.0
2026-08-16 09:00:00,제주,2,GFS,100.0,80.0,30,20.0
2026-08-16 12:00:00,서울,5,나우캐스트,90.15276336669922,100.0,5,9.84723663330078
2026-08-16 12:00:00,서울,5,ECMWF,66.0,100.0,39,34.0
2026-08-16 12:00:00,서울,5,GFS,71.0,100.0,33,29.0
2026-08-16 12:00:00,대전,5,나우캐스트,91.3544921875,80.0,5,11.3544921875
2026-08-16 12:00:00,대전,5,ECMWF,100.0,80.0,39,20.0
2026-08-16 12:00:00,대전,5,GFS,100.0,80.0,33,20.0
2026-08-16 12:00:00,대구,5,나우캐스트,95.4577865600586,100.0,5,4.542213439941406
2026-08-16 12:00:00,대구,5,ECMWF,100.0,100.0,39,0.0
2026-08-16 12:00:00,대구,5,GFS,100.0,100.0,33,0.0
2026-08-16 12:00:00,광주,5,나우캐스트,89.70999145507812,80.0,5,9.709991455078123
2026-08-16 12:00:00,광주,5,ECMWF,76.0,80.0,39,4.0
2026-08-16 12:00:00,광주,5,GFS,100.0,80.0,33,20.0
2026-08-16 12:00:00,부산,5,나우캐스트,95.19493103027344,100.0,5,4.8050689697265625
2026-08-16 12:00:00,부산,5,ECMWF,100.0,100.0,39,0.0
2026-08-16 12:00:00,부산,5,GFS,100.0,100.0,33,0.0
2026-08-16 12:00:00,인천,5,나우캐스트,87.25770568847656,90.0,5,2.742294311523437
2026-08-16 12:00:00,인천,5,ECMWF,98.0,90.0,39,8.0
2026-08-16 12:00:00,인천,5,GFS,48.0,90.0,33,42.0
2026-08-16 12:00:00,수원,5,나우캐스트,90.37689971923828,90.0,5,0.3768997192382812
2026-08-16 12:00:00,수원,5,ECMWF,100.0,90.0,39,10.0
2026-08-16 12:00:00,수원,5,GFS,57.0,90.0,33,33.0
2026-08-16 12:00:00,전주,5,나우캐스트,88.88662719726562,90.0,5,1.113372802734375
2026-08-16 12:00:00,전주,5,ECMWF,98.0,90.0,39,8.0
2026-08-16 12:00:00,전주,5,GFS,100.0,90.0,33,10.0
2026-08-16 12:00:00,강릉,5,나우캐스트,94.58478546142578,100.0,5,5.415214538574219
2026-08-16 12:00:00,강릉,5,ECMWF,100.0,100.0,39,0.0
2026-08-16 12:00:00,강릉,5,GFS,100.0,100.0,33,0.0
2026-08-16 12:00:00,제주,5,나우캐스트,91.83040618896484,100.0,5,8.169593811035156
2026-08-16 12:00:00,제주,5,ECMWF,100.0,100.0,39,0.0
2026-08-16 12:00:00,제주,5,GFS,100.0,100.0,33,0.0
2026-08-16 09:00:00,서울,1,나우캐스트,91.7879638671875,100.0,1,8.2120361328125
2026-08-16 09:00:00,서울,1,ECMWF,91.0,100.0,36,9.0
2026-08-16 09:00:00,서울,1,GFS,100.0,100.0,30,0.0
2026-08-16 09:00:00,대전,1,나우캐스트,94.12130737304688,100.0,1,5.878692626953125
2026-08-16 09:00:00,대전,1,ECMWF,100.0,100.0,36,0.0
2026-08-16 09:00:00,대전,1,GFS,100.0,100.0,30,0.0
2026-08-16 09:00:00,대구,1,나우캐스트,93.9514617919922,100.0,1,6.0485382080078125
2026-08-16 09:00:00,대구,1,ECMWF,100.0,100.0,36,0.0
2026-08-16 09:00:00,대구,1,GFS,100.0,100.0,30,0.0
2026-08-16 09:00:00,광주,1,나우캐스트,95.86134338378906,100.0,1,4.1386566162109375
2026-08-16 09:00:00,광주,1,ECMWF,100.0,100.0,36,0.0
2026-08-16 09:00:00,광주,1,GFS,100.0,100.0,30,0.0
2026-08-16 09:00:00,부산,1,나우캐스트,92.0281219482422,100.0,1,7.971878051757812
2026-08-16 09:00:00,부산,1,ECMWF,100.0,100.0,36,0.0
2026-08-16 09:00:00,부산,1,GFS,100.0,100.0,30,0.0
2026-08-16 09:00:00,인천,1,나우캐스트,86.95641326904297,90.0,1,3.0435867309570312
2026-08-16 09:00:00,인천,1,ECMWF,78.0,90.0,36,12.0
2026-08-16 09:00:00,인천,1,GFS,100.0,90.0,30,10.0
2026-08-16 09:00:00,수원,1,나우캐스트,94.73125457763672,90.0,1,4.731254577636719
2026-08-16 09:00:00,수원,1,ECMWF,100.0,90.0,36,10.0
2026-08-16 09:00:00,수원,1,GFS,100.0,90.0,30,10.0
2026-08-16 09:00:00,전주,1,나우캐스트,93.74560546875,100.0,1,6.25439453125
2026-08-16 09:00:00,전주,1,ECMWF,99.0,100.0,36,1.0
2026-08-16 09:00:00,전주,1,GFS,100.0,100.0,30,0.0
2026-08-16 09:00:00,강릉,1,나우캐스트,95.56893920898438,100.0,1,4.431060791015625
2026-08-16 09:00:00,강릉,1,ECMWF,100.0,100.0,36,0.0
2026-08-16 09:00:00,강릉,1,GFS,100.0,100.0,30,0.0
2026-08-16 09:00:00,제주,1,나우캐스트,83.7879867553711,80.0,1,3.7879867553710938
2026-08-16 09:00:00,제주,1,ECMWF,100.0,80.0,36,20.0
2026-08-16 09:00:00,제주,1,GFS,100.0,80.0,30,20.0
2026-08-16 12:00:00,서울,4,나우캐스트,90.9517059326172,100.0,4,9.048294067382812
2026-08-16 12:00:00,서울,4,ECMWF,66.0,100.0,39,34.0
2026-08-16 12:00:00,서울,4,GFS,71.0,100.0,33,29.0
2026-08-16 12:00:00,대전,4,나우캐스트,90.97116088867188,80.0,4,10.971160888671877
2026-08-16 12:00:00,대전,4,ECMWF,100.0,80.0,39,20.0
2026-08-16 12:00:00,대전,4,GFS,100.0,80.0,33,20.0
2026-08-16 12:00:00,대구,4,나우캐스트,94.25349426269533,100.0,4,5.746505737304688
2026-08-16 12:00:00,대구,4,ECMWF,100.0,100.0,39,0.0
2026-08-16 12:00:00,대구,4,GFS,100.0,100.0,33,0.0
2026-08-16 12:00:00,광주,4,나우캐스트,89.44317626953125,80.0,4,9.44317626953125
2026-08-16 12:00:00,광주,4,ECMWF,76.0,80.0,39,4.0
2026-08-16 12:00:00,광주,4,GFS,100.0,80.0,33,20.0
2026-08-16 12:00:00,부산,4,나우캐스트,94.44296264648438,100.0,4,5.557037353515625
2026-08-16 12:00:00,부산,4,ECMWF,100.0,100.0,39,0.0
2026-08-16 12:00:00,부산,4,GFS,100.0,100.0,33,0.0
2026-08-16 12:00:00,인천,4,나우캐스트,90.41934967041016,90.0,4,0.4193496704101562
2026-08-16 12:00:00,인천,4,ECMWF,98.0,90.0,39,8.0
2026-08-16 12:00:00,인천,4,GFS,48.0,90.0,33,42.0
2026-08-16 12:00:00,수원,4,나우캐스트,91.62615203857422,90.0,4,1.6261520385742188
2026-08-16 12:00:00,수원,4,ECMWF,100.0,90.0,39,10.0
2026-08-16 12:00:00,수원,4,GFS,57.0,90.0,33,33.0
2026-08-16 12:00:00,전주,4,나우캐스트,90.40819549560548,90.0,4,0.4081954956054687
2026-08-16 12:00:00,전주,4,ECMWF,98.0,90.0,39,8.0
2026-08-16 12:00:00,전주,4,GFS,100.0,90.0,33,10.0
2026-08-16 12:00:00,강릉,4,나우캐스트,93.6690902709961,100.0,4,6.330909729003906
2026-08-16 12:00:00,강릉,4,ECMWF,100.0,100.0,39,0.0
2026-08-16 12:00:00,강릉,4,GFS,100.0,100.0,33,0.0
2026-08-16 12:00:00,제주,4,나우캐스트,88.19226837158203,100.0,4,11.807731628417969
2026-08-16 12:00:00,제주,4,ECMWF,100.0,100.0,39,0.0
2026-08-16 12:00:00,제주,4,GFS,100.0,100.0,33,0.0
2026-08-16 12:00:00,서울,3,나우캐스트,88.42445373535156,100.0,3,11.575546264648438
2026-08-16 12:00:00,서울,3,ECMWF,66.0,100.0,39,34.0
2026-08-16 12:00:00,서울,3,GFS,71.0,100.0,33,29.0
2026-08-16 12:00:00,대전,3,나우캐스트,83.9755859375,80.0,3,3.9755859375
2026-08-16 12:00:00,대전,3,ECMWF,100.0,80.0,39,20.0
2026-08-16 12:00:00,대전,3,GFS,100.0,80.0,33,20.0
2026-08-16 12:00:00,대구,3,나우캐스트,93.35076904296876,100.0,3,6.64923095703125
2026-08-16 12:00:00,대구,3,ECMWF,100.0,100.0,39,0.0
2026-08-16 12:00:00,대구,3,GFS,100.0,100.0,33,0.0
2026-08-16 12:00:00,광주,3,나우캐스트,85.36660766601562,80.0,3,5.366607666015625
2026-08-16 12:00:00,광주,3,ECMWF,76.0,80.0,39,4.0
2026-08-16 12:00:00,광주,3,GFS,100.0,80.0,33,20.0
2026-08-16 12:00:00,부산,3,나우캐스트,93.16371154785156,100.0,3,6.8362884521484375
2026-08-16 12:00:00,부산,3,ECMWF,100.0,100.0,39,0.0
2026-08-16 12:00:00,부산,3,GFS,100.0,100.0,33,0.0
2026-08-16 12:00:00,인천,3,나우캐스트,86.47206115722656,90.0,3,3.527938842773437
2026-08-16 12:00:00,인천,3,ECMWF,98.0,90.0,39,8.0
2026-08-16 12:00:00,인천,3,GFS,48.0,90.0,33,42.0
2026-08-16 12:00:00,수원,3,나우캐스트,88.04400634765625,90.0,3,1.95599365234375
2026-08-16 12:00:00,수원,3,ECMWF,100.0,90.0,39,10.0
2026-08-16 12:00:00,수원,3,GFS,57.0,90.0,33,33.0
2026-08-16 12:00:00,전주,3,나우캐스트,83.3115005493164,90.0,3,6.688499450683594
2026-08-16 12:00:00,전주,3,ECMWF,98.0,90.0,39,8.0
2026-08-16 12:00:00,전주,3,GFS,100.0,90.0,33,10.0
2026-08-16 12:00:00,강릉,3,나우캐스트,93.56588745117188,100.0,3,6.434112548828125
2026-08-16 12:00:00,강릉,3,ECMWF,100.0,100.0,39,0.0
2026-08-16 12:00:00,강릉,3,GFS,100.0,100.0,33,0.0
2026-08-16 12:00:00,제주,3,나우캐스트,91.51374053955078,100.0,3,8.486259460449219
2026-08-16 12:00:00,제주,3,ECMWF,100.0,100.0,39,0.0
2026-08-16 12:00:00,제주,3,GFS,100.0,100.0,33,0.0
2026-08-16 15:00:00,서울,6,나우캐스트,90.15997314453124,100.0,6,9.84002685546875
2026-08-16 15:00:00,서울,6,ECMWF,95.0,100.0,42,5.0
2026-08-16 15:00:00,서울,6,GFS,92.0,100.0,36,8.0
2026-08-16 15:00:00,대전,6,나우캐스트,84.30728149414062,90.0,6,5.692718505859375
2026-08-16 15:00:00,대전,6,ECMWF,99.0,90.0,42,9.0
2026-08-16 15:00:00,대전,6,GFS,100.0,90.0,36,10.0
2026-08-16 15:00:00,대구,6,나우캐스트,91.5807113647461,100.0,6,8.419288635253906
2026-08-16 15:00:00,대구,6,ECMWF,100.0,100.0,42,0.0
2026-08-16 15:00:00,대구,6,GFS,100.0,100.0,36,0.0
2026-08-16 15:00:00,광주,6,나우캐스트,86.29436492919922,90.0,6,3.705635070800781
2026-08-16 15:00:00,광주,6,ECMWF,84.0,90.0,42,6.0
2026-08-16 15:00:00,광주,6,GFS,100.0,90.0,36,10.0
2026-08-16 15:00:00,부산,6,나우캐스트,92.67816162109376,100.0,6,7.32183837890625
2026-08-16 15:00:00,부산,6,ECMWF,100.0,100.0,42,0.0
2026-08-16 15:00:00,부산,6,GFS,100.0,100.0,36,0.0
2026-08-16 15:00:00,인천,6,나우캐스트,89.0505599975586,100.0,6,10.949440002441406
2026-08-16 15:00:00,인천,6,ECMWF,32.0,100.0,42,68.0
2026-08-16 15:00:00,인천,6,GFS,62.0,100.0,36,38.0
2026-08-16 15:00:00,수원,6,나우캐스트,89.37053680419922,100.0,6,10.62946319580078
2026-08-16 15:00:00,수원,6,ECMWF,58.0,100.0,42,42.0
2026-08-16 15:00:00,수원,6,GFS,84.0,100.0,36,16.0
2026-08-16 15:00:00,전주,6,나우캐스트,85.0597915649414,100.0,6,14.940208435058594
2026-08-16 15:00:00,전주,6,ECMWF,88.0,100.0,42,12.0
2026-08-16 15:00:00,전주,6,GFS,100.0,100.0,36,0.0
2026-08-16 15:00:00,강릉,6,나우캐스트,92.0872039794922,90.0,6,2.0872039794921875
2026-08-16 15:00:00,강릉,6,ECMWF,100.0,90.0,42,10.0
2026-08-16 15:00:00,강릉,6,GFS,100.0,90.0,36,10.0
2026-08-16 15:00:00,제주,6,나우캐스트,90.30892181396484,100.0,6,9.691078186035156
2026-08-16 15:00:00,제주,6,ECMWF,100.0,100.0,42,0.0
2026-08-16 15:00:00,제주,6,GFS,100.0,100.0,36,0.0
2026-08-16 12:00:00,서울,2,나우캐스트,83.04217529296875,100.0,2,16.95782470703125
2026-08-16 12:00:00,서울,2,ECMWF,66.0,100.0,39,34.0
2026-08-16 12:00:00,서울,2,GFS,71.0,100.0,33,29.0
2026-08-16 12:00:00,대전,2,나우캐스트,86.72286987304688,80.0,2,6.722869873046875
2026-08-16 12:00:00,대전,2,ECMWF,100.0,80.0,39,20.0
2026-08-16 12:00:00,대전,2,GFS,100.0,80.0,33,20.0
2026-08-16 12:00:00,대구,2,나우캐스트,93.45126342773438,100.0,2,6.548736572265625
2026-08-16 12:00:00,대구,2,ECMWF,100.0,100.0,39,0.0
2026-08-16 12:00:00,대구,2,GFS,100.0,100.0,33,0.0
2026-08-16 12:00:00,광주,2,나우캐스트,88.40768432617188,80.0,2,8.407684326171875
2026-08-16 12:00:00,광주,2,ECMWF,76.0,80.0,39,4.0
2026-08-16 12:00:00,광주,2,GFS,100.0,80.0,33,20.0
2026-08-16 12:00:00,부산,2,나우캐스트,92.6179428100586,100.0,2,7.382057189941406
2026-08-16 12:00:00,부산,2,ECMWF,100.0,100.0,39,0.0
2026-08-16 12:00:00,부산,2,GFS,100.0,100.0,33,0.0
2026-08-16 12:00:00,인천,2,나우캐스트,79.98835754394531,90.0,2,10.011642456054688
2026-08-16 12:00:00,인천,2,ECMWF,98.0,90.0,39,8.0
2026-08-16 12:00:00,인천,2,GFS,48.0,90.0,33,42.0
2026-08-16 12:00:00,수원,2,나우캐스트,85.62181091308594,90.0,2,4.378189086914063
2026-08-16 12:00:00,수원,2,ECMWF,100.0,90.0,39,10.0
2026-08-16 12:00:00,수원,2,GFS,57.0,90.0,33,33.0
2026-08-16 12:00:00,전주,2,나우캐스트,86.7542495727539,90.0,2,3.2457504272460938
2026-08-16 12:00:00,전주,2,ECMWF,98.0,90.0,39,8.0
2026-08-16 12:00:00,전주,2,GFS,100.0,90.0,33,10.0
2026-08-16 12:00:00,강릉,2,나우캐스트,93.33773040771484,100.0,2,6.662269592285156
2026-08-16 12:00:00,강릉,2,ECMWF,100.0,100.0,39,0.0
2026-08-16 12:00:00,강릉,2,GFS,100.0,100.0,33,0.0
2026-08-16 12:00:00,제주,2,나우캐스트,90.44585418701172,100.0,2,9.55414581298828
2026-08-16 12:00:00,제주,2,ECMWF,100.0,100.0,39,0.0
2026-08-16 12:00:00,제주,2,GFS,100.0,100.0,33,0.0
2026-08-16 15:00:00,서울,5,나우캐스트,85.47097778320312,100.0,5,14.529022216796877
2026-08-16 15:00:00,서울,5,ECMWF,95.0,100.0,42,5.0
2026-08-16 15:00:00,서울,5,GFS,92.0,100.0,36,8.0
2026-08-16 15:00:00,대전,5,나우캐스트,86.12382507324219,90.0,5,3.876174926757813
2026-08-16 15:00:00,대전,5,ECMWF,99.0,90.0,42,9.0
2026-08-16 15:00:00,대전,5,GFS,100.0,90.0,36,10.0
2026-08-16 15:00:00,대구,5,나우캐스트,91.8693389892578,100.0,5,8.130661010742188
2026-08-16 15:00:00,대구,5,ECMWF,100.0,100.0,42,0.0
2026-08-16 15:00:00,대구,5,GFS,100.0,100.0,36,0.0
2026-08-16 15:00:00,광주,5,나우캐스트,88.29051208496094,90.0,5,1.7094879150390625
2026-08-16 15:00:00,광주,5,ECMWF,84.0,90.0,42,6.0
2026-08-16 15:00:00,광주,5,GFS,100.0,90.0,36,10.0
2026-08-16 15:00:00,부산,5,나우캐스트,92.43749237060548,100.0,5,7.562507629394531
2026-08-16 15:00:00,부산,5,ECMWF,100.0,100.0,42,0.0
2026-08-16 15:00:00,부산,5,GFS,100.0,100.0,36,0.0
2026-08-16 15:00:00,인천,5,나우캐스트,83.51171875,100.0,5,16.48828125
2026-08-16 15:00:00,인천,5,ECMWF,32.0,100.0,42,68.0
2026-08-16 15:00:00,인천,5,GFS,62.0,100.0,36,38.0
2026-08-16 15:00:00,수원,5,나우캐스트,86.6920166015625,100.0,5,13.3079833984375
2026-08-16 15:00:00,수원,5,ECMWF,58.0,100.0,42,42.0
2026-08-16 15:00:00,수원,5,GFS,84.0,100.0,36,16.0
2026-08-16 15:00:00,전주,5,나우캐스트,88.31149291992188,100.0,5,11.688507080078123
2026-08-16 15:00:00,전주,5,ECMWF,88.0,100.0,42,12.0
2026-08-16 15:00:00,전주,5,GFS,100.0,100.0,36,0.0
2026-08-16 15:00:00,강릉,5,나우캐스트,91.30860900878906,90.0,5,1.3086090087890625
2026-08-16 15:00:00,강릉,5,ECMWF,100.0,90.0,42,10.0
2026-08-16 15:00:00,강릉,5,GFS,100.0,90.0,36,10.0
2026-08-16 15:00:00,제주,5,나우캐스트,87.59154510498047,100.0,5,12.408454895019531
2026-08-16 15:00:00,제주,5,ECMWF,100.0,100.0,42,0.0
2026-08-16 15:00:00,제주,5,GFS,100.0,100.0,36,0.0
2026-08-16 12:00:00,서울,1,나우캐스트,90.58657836914062,100.0,1,9.413421630859377
2026-08-16 12:00:00,서울,1,ECMWF,66.0,100.0,39,34.0
2026-08-16 12:00:00,서울,1,GFS,71.0,100.0,33,29.0
2026-08-16 12:00:00,대전,1,나우캐스트,86.64824676513672,80.0,1,6.648246765136719
2026-08-16 12:00:00,대전,1,ECMWF,100.0,80.0,39,20.0
2026-08-16 12:00:00,대전,1,GFS,100.0,80.0,33,20.0
2026-08-16 12:00:00,대구,1,나우캐스트,93.4785385131836,100.0,1,6.521461486816406
2026-08-16 12:00:00,대구,1,ECMWF,100.0,100.0,39,0.0
2026-08-16 12:00:00,대구,1,GFS,100.0,100.0,33,0.0
2026-08-16 12:00:00,광주,1,나우캐스트,77.29380798339844,80.0,1,2.7061920166015625
2026-08-16 12:00:00,광주,1,ECMWF,76.0,80.0,39,4.0
2026-08-16 12:00:00,광주,1,GFS,100.0,80.0,33,20.0
2026-08-16 12:00:00,부산,1,나우캐스트,94.3637924194336,100.0,1,5.636207580566406
2026-08-16 12:00:00,부산,1,ECMWF,100.0,100.0,39,0.0
2026-08-16 12:00:00,부산,1,GFS,100.0,100.0,33,0.0
2026-08-16 12:00:00,인천,1,나우캐스트,92.42525482177734,90.0,1,2.425254821777344
2026-08-16 12:00:00,인천,1,ECMWF,98.0,90.0,39,8.0
2026-08-16 12:00:00,인천,1,GFS,48.0,90.0,33,42.0
2026-08-16 12:00:00,수원,1,나우캐스트,94.23346710205078,90.0,1,4.233467102050781
2026-08-16 12:00:00,수원,1,ECMWF,100.0,90.0,39,10.0
2026-08-16 12:00:00,수원,1,GFS,57.0,90.0,33,33.0
2026-08-16 12:00:00,전주,1,나우캐스트,86.5758285522461,90.0,1,3.4241714477539062
2026-08-16 12:00:00,전주,1,ECMWF,98.0,90.0,39,8.0
2026-08-16 12:00:00,전주,1,GFS,100.0,90.0,33,10.0
2026-08-16 12:00:00,강릉,1,나우캐스트,94.77165222167967,100.0,1,5.2283477783203125
2026-08-16 12:00:00,강릉,1,ECMWF,100.0,100.0,39,0.0
2026-08-16 12:00:00,강릉,1,GFS,100.0,100.0,33,0.0
2026-08-16 12:00:00,제주,1,나우캐스트,90.6809310913086,100.0,1,9.319068908691406
2026-08-16 12:00:00,제주,1,ECMWF,100.0,100.0,39,0.0
2026-08-16 12:00:00,제주,1,GFS,100.0,100.0,33,0.0
2026-08-16 15:00:00,서울,4,나우캐스트,95.29320526123048,100.0,4,4.706794738769531
2026-08-16 15:00:00,서울,4,ECMWF,95.0,100.0,42,5.0
2026-08-16 15:00:00,서울,4,GFS,92.0,100.0,36,8.0
2026-08-16 15:00:00,대전,4,나우캐스트,88.48466491699219,90.0,4,1.5153350830078125
2026-08-16 15:00:00,대전,4,ECMWF,99.0,90.0,42,9.0
2026-08-16 15:00:00,대전,4,GFS,100.0,90.0,36,10.0
2026-08-16 15:00:00,대구,4,나우캐스트,92.27542114257812,100.0,4,7.724578857421875
2026-08-16 15:00:00,대구,4,ECMWF,100.0,100.0,42,0.0
2026-08-16 15:00:00,대구,4,GFS,100.0,100.0,36,0.0
2026-08-16 15:00:00,광주,4,나우캐스트,86.95291137695312,90.0,4,3.047088623046875
2026-08-16 15:00:00,광주,4,ECMWF,84.0,90.0,42,6.0
2026-08-16 15:00:00,광주,4,GFS,100.0,90.0,36,10.0
2026-08-16 15:00:00,부산,4,나우캐스트,93.83860778808594,100.0,4,6.161392211914063
2026-08-16 15:00:00,부산,4,ECMWF,100.0,100.0,42,0.0
2026-08-16 15:00:00,부산,4,GFS,100.0,100.0,36,0.0
2026-08-16 15:00:00,인천,4,나우캐스트,94.89769744873048,100.0,4,5.102302551269531
2026-08-16 15:00:00,인천,4,ECMWF,32.0,100.0,42,68.0
2026-08-16 15:00:00,인천,4,GFS,62.0,100.0,36,38.0
2026-08-16 15:00:00,수원,4,나우캐스트,93.85563659667967,100.0,4,6.1443634033203125
2026-08-16 15:00:00,수원,4,ECMWF,58.0,100.0,42,42.0
2026-08-16 15:00:00,수원,4,GFS,84.0,100.0,36,16.0
2026-08-16 15:00:00,전주,4,나우캐스트,87.96238708496094,100.0,4,12.037612915039062
2026-08-16 15:00:00,전주,4,ECMWF,88.0,100.0,42,12.0
2026-08-16 15:00:00,전주,4,GFS,100.0,100.0,36,0.0
2026-08-16 15:00:00,강릉,4,나우캐스트,93.62824249267578,90.0,4,3.628242492675781
2026-08-16 15:00:00,강릉,4,ECMWF,100.0,90.0,42,10.0
2026-08-16 15:00:00,강릉,4,GFS,100.0,90.0,36,10.0
2026-08-16 15:00:00,제주,4,나우캐스트,91.46168518066406,100.0,4,8.538314819335938
2026-08-16 15:00:00,제주,4,ECMWF,100.0,100.0,42,0.0
2026-08-16 15:00:00,제주,4,GFS,100.0,100.0,36,0.0
2026-08-16 15:00:00,서울,3,나우캐스트,94.27315521240234,100.0,3,5.726844787597656
2026-08-16 15:00:00,서울,3,ECMWF,95.0,100.0,42,5.0
2026-08-16 15:00:00,서울,3,GFS,92.0,100.0,36,8.0
2026-08-16 15:00:00,대전,3,나우캐스트,86.59778594970703,90.0,3,3.4022140502929688
2026-08-16 15:00:00,대전,3,ECMWF,99.0,90.0,42,9.0
2026-08-16 15:00:00,대전,3,GFS,100.0,90.0,36,10.0
2026-08-16 15:00:00,대구,3,나우캐스트,94.42528533935548,100.0,3,5.574714660644531
2026-08-16 15:00:00,대구,3,ECMWF,100.0,100.0,42,0.0
2026-08-16 15:00:00,대구,3,GFS,100.0,100.0,36,0.0
2026-08-16 15:00:00,광주,3,나우캐스트,89.16096496582031,90.0,3,0.8390350341796875
2026-08-16 15:00:00,광주,3,ECMWF,84.0,90.0,42,6.0
2026-08-16 15:00:00,광주,3,GFS,100.0,90.0,36,10.0
2026-08-16 15:00:00,부산,3,나우캐스트,95.47586059570312,100.0,3,4.524139404296875
2026-08-16 15:00:00,부산,3,ECMWF,100.0,100.0,42,0.0
2026-08-16 15:00:00,부산,3,GFS,100.0,100.0,36,0.0
2026-08-16 15:00:00,인천,3,나우캐스트,93.68971252441406,100.0,3,6.3102874755859375
2026-08-16 15:00:00,인천,3,ECMWF,32.0,100.0,42,68.0
2026-08-16 15:00:00,인천,3,GFS,62.0,100.0,36,38.0
2026-08-16 15:00:00,수원,3,나우캐스트,91.15228271484376,100.0,3,8.84771728515625
2026-08-16 15:00:00,수원,3,ECMWF,58.0,100.0,42,42.0
2026-08-16 15:00:00,수원,3,GFS,84.0,100.0,36,16.0
2026-08-16 15:00:00,전주,3,나우캐스트,86.69745635986328,100.0,3,13.30254364013672
2026-08-16 15:00:00,전주,3,ECMWF,88.0,100.0,42,12.0
2026-08-16 15:00:00,전주,3,GFS,100.0,100.0,36,0.0
2026-08-16 15:00:00,강릉,3,나우캐스트,93.6547393798828,90.0,3,3.654739379882813
2026-08-16 15:00:00,강릉,3,ECMWF,100.0,90.0,42,10.0
2026-08-16 15:00:00,강릉,3,GFS,100.0,90.0,36,10.0
2026-08-16 15:00:00,제주,3,나우캐스트,94.8946533203125,100.0,3,5.1053466796875
2026-08-16 15:00:00,제주,3,ECMWF,100.0,100.0,42,0.0
2026-08-16 15:00:00,제주,3,GFS,100.0,100.0,36,0.0
2026-08-16 18:00:00,서울,6,나우캐스트,89.77970886230469,90.0,6,0.2202911376953125
2026-08-16 18:00:00,서울,6,ECMWF,43.0,90.0,45,47.0
2026-08-16 18:00:00,서울,6,GFS,34.0,90.0,39,56.0
2026-08-16 18:00:00,대전,6,나우캐스트,90.6371841430664,80.0,6,10.637184143066406
2026-08-16 18:00:00,대전,6,ECMWF,100.0,80.0,45,20.0
2026-08-16 18:00:00,대전,6,GFS,100.0,80.0,39,20.0
2026-08-16 18:00:00,대구,6,나우캐스트,93.48963165283205,100.0,6,6.510368347167969
2026-08-16 18:00:00,대구,6,ECMWF,100.0,100.0,45,0.0
2026-08-16 18:00:00,대구,6,GFS,100.0,100.0,39,0.0
2026-08-16 18:00:00,광주,6,나우캐스트,90.38375854492188,70.0,6,20.383758544921875
2026-08-16 18:00:00,광주,6,ECMWF,100.0,70.0,45,30.0
2026-08-16 18:00:00,광주,6,GFS,100.0,70.0,39,30.0
2026-08-16 18:00:00,부산,6,나우캐스트,93.98445129394533,100.0,6,6.015548706054688
2026-08-16 18:00:00,부산,6,ECMWF,100.0,100.0,45,0.0
2026-08-16 18:00:00,부산,6,GFS,100.0,100.0,39,0.0
2026-08-16 18:00:00,인천,6,나우캐스트,88.78108215332031,80.0,6,8.781082153320312
2026-08-16 18:00:00,인천,6,ECMWF,83.0,80.0,45,3.0
2026-08-16 18:00:00,인천,6,GFS,4.0,80.0,39,76.0
2026-08-16 18:00:00,수원,6,나우캐스트,87.24740600585938,80.0,6,7.247406005859375
2026-08-16 18:00:00,수원,6,ECMWF,91.0,80.0,45,11.0
2026-08-16 18:00:00,수원,6,GFS,22.0,80.0,39,58.0
2026-08-16 18:00:00,전주,6,나우캐스트,90.53299713134766,80.0,6,10.532997131347656
2026-08-16 18:00:00,전주,6,ECMWF,98.0,80.0,45,18.0
2026-08-16 18:00:00,전주,6,GFS,99.0,80.0,39,19.0
2026-08-16 18:00:00,강릉,6,나우캐스트,91.74774932861328,90.0,6,1.7477493286132812
2026-08-16 18:00:00,강릉,6,ECMWF,99.0,90.0,45,9.0
2026-08-16 18:00:00,강릉,6,GFS,100.0,90.0,39,10.0
2026-08-16 18:00:00,제주,6,나우캐스트,92.812744140625,80.0,6,12.812744140625
2026-08-16 18:00:00,제주,6,ECMWF,100.0,80.0,45,20.0
2026-08-16 18:00:00,제주,6,GFS,76.0,80.0,39,4.0
2026-08-16 15:00:00,서울,2,나우캐스트,94.91817474365234,100.0,2,5.081825256347656
2026-08-16 15:00:00,서울,2,ECMWF,95.0,100.0,42,5.0
2026-08-16 15:00:00,서울,2,GFS,92.0,100.0,36,8.0
2026-08-16 15:00:00,대전,2,나우캐스트,85.94541931152344,90.0,2,4.0545806884765625
2026-08-16 15:00:00,대전,2,ECMWF,99.0,90.0,42,9.0
2026-08-16 15:00:00,대전,2,GFS,100.0,90.0,36,10.0
2026-08-16 15:00:00,대구,2,나우캐스트,95.30953979492188,100.0,2,4.690460205078125
2026-08-16 15:00:00,대구,2,ECMWF,100.0,100.0,42,0.0
2026-08-16 15:00:00,대구,2,GFS,100.0,100.0,36,0.0
2026-08-16 15:00:00,광주,2,나우캐스트,90.94638061523438,90.0,2,0.946380615234375
2026-08-16 15:00:00,광주,2,ECMWF,84.0,90.0,42,6.0
2026-08-16 15:00:00,광주,2,GFS,100.0,90.0,36,10.0
2026-08-16 15:00:00,부산,2,나우캐스트,96.33206176757812,100.0,2,3.667938232421875
2026-08-16 15:00:00,부산,2,ECMWF,100.0,100.0,42,0.0
2026-08-16 15:00:00,부산,2,GFS,100.0,100.0,36,0.0
2026-08-16 15:00:00,인천,2,나우캐스트,97.07675170898438,100.0,2,2.923248291015625
2026-08-16 15:00:00,인천,2,ECMWF,32.0,100.0,42,68.0
2026-08-16 15:00:00,인천,2,GFS,62.0,100.0,36,38.0
2026-08-16 15:00:00,수원,2,나우캐스트,92.75251770019533,100.0,2,7.247482299804687
2026-08-16 15:00:00,수원,2,ECMWF,58.0,100.0,42,42.0
2026-08-16 15:00:00,수원,2,GFS,84.0,100.0,36,16.0
2026-08-16 15:00:00,전주,2,나우캐스트,85.55174255371094,100.0,2,14.448257446289062
2026-08-16 15:00:00,전주,2,ECMWF,88.0,100.0,42,12.0
2026-08-16 15:00:00,전주,2,GFS,100.0,100.0,36,0.0
2026-08-16 15:00:00,강릉,2,나우캐스트,91.956298828125,90.0,2,1.956298828125
2026-08-16 15:00:00,강릉,2,ECMWF,100.0,90.0,42,10.0
2026-08-16 15:00:00,강릉,2,GFS,100.0,90.0,36,10.0
2026-08-16 15:00:00,제주,2,나우캐스트,95.28489685058594,100.0,2,4.715103149414063
2026-08-16 15:00:00,제주,2,ECMWF,100.0,100.0,42,0.0
2026-08-16 15:00:00,제주,2,GFS,100.0,100.0,36,0.0
2026-08-16 18:00:00,서울,5,나우캐스트,94.97427368164062,90.0,5,4.974273681640625
2026-08-16 18:00:00,서울,5,ECMWF,43.0,90.0,45,47.0
2026-08-16 18:00:00,서울,5,GFS,34.0,90.0,39,56.0
2026-08-16 18:00:00,대전,5,나우캐스트,90.4480972290039,80.0,5,10.448097229003906
2026-08-16 18:00:00,대전,5,ECMWF,100.0,80.0,45,20.0
2026-08-16 18:00:00,대전,5,GFS,100.0,80.0,39,20.0
2026-08-16 18:00:00,대구,5,나우캐스트,93.59852600097656,100.0,5,6.4014739990234375
2026-08-16 18:00:00,대구,5,ECMWF,100.0,100.0,45,0.0
2026-08-16 18:00:00,대구,5,GFS,100.0,100.0,39,0.0
2026-08-16 18:00:00,광주,5,나우캐스트,90.02708435058594,70.0,5,20.027084350585938
2026-08-16 18:00:00,광주,5,ECMWF,100.0,70.0,45,30.0
2026-08-16 18:00:00,광주,5,GFS,100.0,70.0,39,30.0
2026-08-16 18:00:00,부산,5,나우캐스트,94.75631713867188,100.0,5,5.243682861328125
2026-08-16 18:00:00,부산,5,ECMWF,100.0,100.0,45,0.0
2026-08-16 18:00:00,부산,5,GFS,100.0,100.0,39,0.0
2026-08-16 18:00:00,인천,5,나우캐스트,95.38151550292967,80.0,5,15.381515502929688
2026-08-16 18:00:00,인천,5,ECMWF,83.0,80.0,45,3.0
2026-08-16 18:00:00,인천,5,GFS,4.0,80.0,39,76.0
2026-08-16 18:00:00,수원,5,나우캐스트,94.5526885986328,80.0,5,14.552688598632812
2026-08-16 18:00:00,수원,5,ECMWF,91.0,80.0,45,11.0
2026-08-16 18:00:00,수원,5,GFS,22.0,80.0,39,58.0
2026-08-16 18:00:00,전주,5,나우캐스트,87.658203125,80.0,5,7.658203125
2026-08-16 18:00:00,전주,5,ECMWF,98.0,80.0,45,18.0
2026-08-16 18:00:00,전주,5,GFS,99.0,80.0,39,19.0
2026-08-16 18:00:00,강릉,5,나우캐스트,91.39395141601562,90.0,5,1.393951416015625
2026-08-16 18:00:00,강릉,5,ECMWF,99.0,90.0,45,9.0
2026-08-16 18:00:00,강릉,5,GFS,100.0,90.0,39,10.0
2026-08-16 18:00:00,제주,5,나우캐스트,93.291748046875,80.0,5,13.291748046875
2026-08-16 18:00:00,제주,5,ECMWF,100.0,80.0,45,20.0
2026-08-16 18:00:00,제주,5,GFS,76.0,80.0,39,4.0
2026-08-16 15:00:00,서울,1,나우캐스트,99.60383605957033,100.0,1,0.3961639404296875
2026-08-16 15:00:00,서울,1,ECMWF,95.0,100.0,42,5.0
2026-08-16 15:00:00,서울,1,GFS,92.0,100.0,36,8.0
2026-08-16 15:00:00,대전,1,나우캐스트,74.5582046508789,90.0,1,15.441795349121094
2026-08-16 15:00:00,대전,1,ECMWF,99.0,90.0,42,9.0
2026-08-16 15:00:00,대전,1,GFS,100.0,90.0,36,10.0
2026-08-16 15:00:00,대구,1,나우캐스트,95.0869598388672,100.0,1,4.9130401611328125
2026-08-16 15:00:00,대구,1,ECMWF,100.0,100.0,42,0.0
2026-08-16 15:00:00,대구,1,GFS,100.0,100.0,36,0.0
2026-08-16 15:00:00,광주,1,나우캐스트,90.41505432128906,90.0,1,0.4150543212890625
2026-08-16 15:00:00,광주,1,ECMWF,84.0,90.0,42,6.0
2026-08-16 15:00:00,광주,1,GFS,100.0,90.0,36,10.0
2026-08-16 15:00:00,부산,1,나우캐스트,96.4167022705078,100.0,1,3.5832977294921875
2026-08-16 15:00:00,부산,1,ECMWF,100.0,100.0,42,0.0
2026-08-16 15:00:00,부산,1,GFS,100.0,100.0,36,0.0
2026-08-16 15:00:00,인천,1,나우캐스트,99.76461791992188,100.0,1,0.235382080078125
2026-08-16 15:00:00,인천,1,ECMWF,32.0,100.0,42,68.0
2026-08-16 15:00:00,인천,1,GFS,62.0,100.0,36,38.0
2026-08-16 15:00:00,수원,1,나우캐스트,99.29943084716795,100.0,1,0.7005691528320312
2026-08-16 15:00:00,수원,1,ECMWF,58.0,100.0,42,42.0
2026-08-16 15:00:00,수원,1,GFS,84.0,100.0,36,16.0
2026-08-16 15:00:00,전주,1,나우캐스트,78.19295501708984,100.0,1,21.80704498291016
2026-08-16 15:00:00,전주,1,ECMWF,88.0,100.0,42,12.0
2026-08-16 15:00:00,전주,1,GFS,100.0,100.0,36,0.0
2026-08-16 15:00:00,강릉,1,나우캐스트,93.51017761230467,90.0,1,3.5101776123046875
2026-08-16 15:00:00,강릉,1,ECMWF,100.0,90.0,42,10.0
2026-08-16 15:00:00,강릉,1,GFS,100.0,90.0,36,10.0
2026-08-16 15:00:00,제주,1,나우캐스트,97.83430480957033,100.0,1,2.1656951904296875
2026-08-16 15:00:00,제주,1,ECMWF,100.0,100.0,42,0.0
2026-08-16 15:00:00,제주,1,GFS,100.0,100.0,36,0.0
2026-08-16 18:00:00,서울,4,나우캐스트,98.67218017578124,90.0,4,8.67218017578125
2026-08-16 18:00:00,서울,4,ECMWF,43.0,90.0,45,47.0
2026-08-16 18:00:00,서울,4,GFS,34.0,90.0,39,56.0
2026-08-16 18:00:00,대전,4,나우캐스트,91.88043975830078,80.0,4,11.88043975830078
2026-08-16 18:00:00,대전,4,ECMWF,100.0,80.0,45,20.0
2026-08-16 18:00:00,대전,4,GFS,100.0,80.0,39,20.0
2026-08-16 18:00:00,대구,4,나우캐스트,93.87271881103516,100.0,4,6.127281188964844
2026-08-16 18:00:00,대구,4,ECMWF,100.0,100.0,45,0.0
2026-08-16 18:00:00,대구,4,GFS,100.0,100.0,39,0.0
2026-08-16 18:00:00,광주,4,나우캐스트,86.68645477294922,70.0,4,16.68645477294922
2026-08-16 18:00:00,광주,4,ECMWF,100.0,70.0,45,30.0
2026-08-16 18:00:00,광주,4,GFS,100.0,70.0,39,30.0
2026-08-16 18:00:00,부산,4,나우캐스트,94.73741149902344,100.0,4,5.2625885009765625
2026-08-16 18:00:00,부산,4,ECMWF,100.0,100.0,45,0.0
2026-08-16 18:00:00,부산,4,GFS,100.0,100.0,39,0.0
2026-08-16 18:00:00,인천,4,나우캐스트,98.48733520507812,80.0,4,18.487335205078125
2026-08-16 18:00:00,인천,4,ECMWF,83.0,80.0,45,3.0
2026-08-16 18:00:00,인천,4,GFS,4.0,80.0,39,76.0
2026-08-16 18:00:00,수원,4,나우캐스트,98.45285034179688,80.0,4,18.452850341796875
2026-08-16 18:00:00,수원,4,ECMWF,91.0,80.0,45,11.0
2026-08-16 18:00:00,수원,4,GFS,22.0,80.0,39,58.0
2026-08-16 18:00:00,전주,4,나우캐스트,87.55575561523438,80.0,4,7.555755615234375
2026-08-16 18:00:00,전주,4,ECMWF,98.0,80.0,45,18.0
2026-08-16 18:00:00,전주,4,GFS,99.0,80.0,39,19.0
2026-08-16 18:00:00,강릉,4,나우캐스트,93.80335998535156,90.0,4,3.8033599853515625
2026-08-16 18:00:00,강릉,4,ECMWF,99.0,90.0,45,9.0
2026-08-16 18:00:00,강릉,4,GFS,100.0,90.0,39,10.0
2026-08-16 18:00:00,제주,4,나우캐스트,92.47981262207033,80.0,4,12.479812622070312
2026-08-16 18:00:00,제주,4,ECMWF,100.0,80.0,45,20.0
2026-08-16 18:00:00,제주,4,GFS,76.0,80.0,39,4.0
2026-08-16 18:00:00,서울,3,나우캐스트,98.88604736328124,90.0,3,8.88604736328125
2026-08-16 18:00:00,서울,3,ECMWF,43.0,90.0,45,47.0
2026-08-16 18:00:00,서울,3,GFS,34.0,90.0,39,56.0
2026-08-16 18:00:00,대전,3,나우캐스트,88.46742248535156,80.0,3,8.467422485351562
2026-08-16 18:00:00,대전,3,ECMWF,100.0,80.0,45,20.0
2026-08-16 18:00:00,대전,3,GFS,100.0,80.0,39,20.0
2026-08-16 18:00:00,대구,3,나우캐스트,93.91024780273438,100.0,3,6.089752197265625
2026-08-16 18:00:00,대구,3,ECMWF,100.0,100.0,45,0.0
2026-08-16 18:00:00,대구,3,GFS,100.0,100.0,39,0.0
2026-08-16 18:00:00,광주,3,나우캐스트,84.87553405761719,70.0,3,14.875534057617188
2026-08-16 18:00:00,광주,3,ECMWF,100.0,70.0,45,30.0
2026-08-16 18:00:00,광주,3,GFS,100.0,70.0,39,30.0
2026-08-16 18:00:00,부산,3,나우캐스트,95.09719848632812,100.0,3,4.902801513671875
2026-08-16 18:00:00,부산,3,ECMWF,100.0,100.0,45,0.0
2026-08-16 18:00:00,부산,3,GFS,100.0,100.0,39,0.0
2026-08-16 18:00:00,인천,3,나우캐스트,98.75601196289062,80.0,3,18.756011962890625
2026-08-16 18:00:00,인천,3,ECMWF,83.0,80.0,45,3.0
2026-08-16 18:00:00,인천,3,GFS,4.0,80.0,39,76.0
2026-08-16 18:00:00,수원,3,나우캐스트,98.19515991210938,80.0,3,18.19515991210937
2026-08-16 18:00:00,수원,3,ECMWF,91.0,80.0,45,11.0
2026-08-16 18:00:00,수원,3,GFS,22.0,80.0,39,58.0
2026-08-16 18:00:00,전주,3,나우캐스트,87.70527648925781,80.0,3,7.705276489257812
2026-08-16 18:00:00,전주,3,ECMWF,98.0,80.0,45,18.0
2026-08-16 18:00:00,전주,3,GFS,99.0,80.0,39,19.0
2026-08-16 18:00:00,강릉,3,나우캐스트,87.88412475585938,90.0,3,2.115875244140625
2026-08-16 18:00:00,강릉,3,ECMWF,99.0,90.0,45,9.0
2026-08-16 18:00:00,강릉,3,GFS,100.0,90.0,39,10.0
2026-08-16 18:00:00,제주,3,나우캐스트,90.85604858398438,80.0,3,10.856048583984377
2026-08-16 18:00:00,제주,3,ECMWF,100.0,80.0,45,20.0
2026-08-16 18:00:00,제주,3,GFS,76.0,80.0,39,4.0
2026-08-16 21:00:00,서울,6,나우캐스트,95.73350524902344,50.0,6,45.73350524902344
2026-08-16 21:00:00,서울,6,ECMWF,100.0,50.0,0,50.0
2026-08-16 21:00:00,서울,6,GFS,9.0,50.0,42,41.0
2026-08-16 21:00:00,대전,6,나우캐스트,90.61278533935548,80.0,6,10.612785339355469
2026-08-16 21:00:00,대전,6,ECMWF,70.0,80.0,0,10.0
2026-08-16 21:00:00,대전,6,GFS,100.0,80.0,42,20.0
2026-08-16 21:00:00,대구,6,나우캐스트,93.25984191894533,100.0,6,6.740158081054688
2026-08-16 21:00:00,대구,6,ECMWF,100.0,100.0,0,0.0
2026-08-16 21:00:00,대구,6,GFS,100.0,100.0,42,0.0
2026-08-16 21:00:00,광주,6,나우캐스트,81.97590637207031,90.0,6,8.024093627929688
2026-08-16 21:00:00,광주,6,ECMWF,62.0,90.0,0,28.0
2026-08-16 21:00:00,광주,6,GFS,45.0,90.0,42,45.0
2026-08-16 21:00:00,부산,6,나우캐스트,93.55303192138672,100.0,6,6.446968078613281
2026-08-16 21:00:00,부산,6,ECMWF,100.0,100.0,0,0.0
2026-08-16 21:00:00,부산,6,GFS,100.0,100.0,42,0.0
2026-08-16 21:00:00,인천,6,나우캐스트,95.3475112915039,90.0,6,5.347511291503906
2026-08-16 21:00:00,인천,6,ECMWF,100.0,90.0,0,10.0
2026-08-16 21:00:00,인천,6,GFS,1.0,90.0,42,89.0
2026-08-16 21:00:00,수원,6,나우캐스트,94.8966827392578,60.0,6,34.89668273925781
2026-08-16 21:00:00,수원,6,ECMWF,73.0,60.0,0,13.0
2026-08-16 21:00:00,수원,6,GFS,14.0,60.0,42,46.0
2026-08-16 21:00:00,전주,6,나우캐스트,87.06824493408203,80.0,6,7.068244934082031
2026-08-16 21:00:00,전주,6,ECMWF,80.0,80.0,0,0.0
2026-08-16 21:00:00,전주,6,GFS,85.0,80.0,42,5.0
2026-08-16 21:00:00,강릉,6,나우캐스트,90.83939361572266,90.0,6,0.8393936157226562
2026-08-16 21:00:00,강릉,6,ECMWF,100.0,90.0,0,10.0
2026-08-16 21:00:00,강릉,6,GFS,19.0,90.0,42,71.0
2026-08-16 21:00:00,제주,6,나우캐스트,88.36469268798828,100.0,6,11.63530731201172
2026-08-16 21:00:00,제주,6,ECMWF,98.0,100.0,0,2.0
2026-08-16 21:00:00,제주,6,GFS,100.0,100.0,42,0.0
2026-08-16 18:00:00,서울,2,나우캐스트,99.43212890625,90.0,2,9.43212890625
2026-08-16 18:00:00,서울,2,ECMWF,43.0,90.0,45,47.0
2026-08-16 18:00:00,서울,2,GFS,34.0,90.0,39,56.0
2026-08-16 18:00:00,대전,2,나우캐스트,80.38688659667969,80.0,2,0.3868865966796875
2026-08-16 18:00:00,대전,2,ECMWF,100.0,80.0,45,20.0
2026-08-16 18:00:00,대전,2,GFS,100.0,80.0,39,20.0
2026-08-16 18:00:00,대구,2,나우캐스트,94.87528228759766,100.0,2,5.124717712402344
2026-08-16 18:00:00,대구,2,ECMWF,100.0,100.0,45,0.0
2026-08-16 18:00:00,대구,2,GFS,100.0,100.0,39,0.0
2026-08-16 18:00:00,광주,2,나우캐스트,80.95201110839844,70.0,2,10.952011108398438
2026-08-16 18:00:00,광주,2,ECMWF,100.0,70.0,45,30.0
2026-08-16 18:00:00,광주,2,GFS,100.0,70.0,39,30.0
2026-08-16 18:00:00,부산,2,나우캐스트,96.48062133789062,100.0,2,3.519378662109375
2026-08-16 18:00:00,부산,2,ECMWF,100.0,100.0,45,0.0
2026-08-16 18:00:00,부산,2,GFS,100.0,100.0,39,0.0
2026-08-16 18:00:00,인천,2,나우캐스트,98.98165893554688,80.0,2,18.981658935546875
2026-08-16 18:00:00,인천,2,ECMWF,83.0,80.0,45,3.0
2026-08-16 18:00:00,인천,2,GFS,4.0,80.0,39,76.0
2026-08-16 18:00:00,수원,2,나우캐스트,99.10176849365234,80.0,2,19.101768493652344
2026-08-16 18:00:00,수원,2,ECMWF,91.0,80.0,45,11.0
2026-08-16 18:00:00,수원,2,GFS,22.0,80.0,39,58.0
2026-08-16 18:00:00,전주,2,나우캐스트,83.17195892333984,80.0,2,3.171958923339844
2026-08-16 18:00:00,전주,2,ECMWF,98.0,80.0,45,18.0
2026-08-16 18:00:00,전주,2,GFS,99.0,80.0,39,19.0
2026-08-16 18:00:00,강릉,2,나우캐스트,85.24896240234375,90.0,2,4.75103759765625
2026-08-16 18:00:00,강릉,2,ECMWF,99.0,90.0,45,9.0
2026-08-16 18:00:00,강릉,2,GFS,100.0,90.0,39,10.0
2026-08-16 18:00:00,제주,2,나우캐스트,87.26586151123047,80.0,2,7.265861511230469
2026-08-16 18:00:00,제주,2,ECMWF,100.0,80.0,45,20.0
2026-08-16 18:00:00,제주,2,GFS,76.0,80.0,39,4.0
2026-08-16 21:00:00,서울,5,나우캐스트,96.29359436035156,50.0,5,46.29359436035156
2026-08-16 21:00:00,서울,5,ECMWF,100.0,50.0,0,50.0
2026-08-16 21:00:00,서울,5,GFS,9.0,50.0,42,41.0
2026-08-16 21:00:00,대전,5,나우캐스트,85.96143341064453,80.0,5,5.961433410644531
2026-08-16 21:00:00,대전,5,ECMWF,70.0,80.0,0,10.0
2026-08-16 21:00:00,대전,5,GFS,100.0,80.0,42,20.0
2026-08-16 21:00:00,대구,5,나우캐스트,91.61314392089844,100.0,5,8.386856079101562
2026-08-16 21:00:00,대구,5,ECMWF,100.0,100.0,0,0.0
2026-08-16 21:00:00,대구,5,GFS,100.0,100.0,42,0.0
2026-08-16 21:00:00,광주,5,나우캐스트,84.7742691040039,90.0,5,5.225730895996094
2026-08-16 21:00:00,광주,5,ECMWF,62.0,90.0,0,28.0
2026-08-16 21:00:00,광주,5,GFS,45.0,90.0,42,45.0
2026-08-16 21:00:00,부산,5,나우캐스트,93.65704345703124,100.0,5,6.34295654296875
2026-08-16 21:00:00,부산,5,ECMWF,100.0,100.0,0,0.0
2026-08-16 21:00:00,부산,5,GFS,100.0,100.0,42,0.0
2026-08-16 21:00:00,인천,5,나우캐스트,95.49056243896484,90.0,5,5.490562438964844
2026-08-16 21:00:00,인천,5,ECMWF,100.0,90.0,0,10.0
2026-08-16 21:00:00,인천,5,GFS,1.0,90.0,42,89.0
2026-08-16 21:00:00,수원,5,나우캐스트,94.35147857666016,60.0,5,34.35147857666016
2026-08-16 21:00:00,수원,5,ECMWF,73.0,60.0,0,13.0
2026-08-16 21:00:00,수원,5,GFS,14.0,60.0,42,46.0
2026-08-16 21:00:00,전주,5,나우캐스트,86.82736206054688,80.0,5,6.827362060546875
2026-08-16 21:00:00,전주,5,ECMWF,80.0,80.0,0,0.0
2026-08-16 21:00:00,전주,5,GFS,85.0,80.0,42,5.0
2026-08-16 21:00:00,강릉,5,나우캐스트,90.5462875366211,90.0,5,0.5462875366210938
2026-08-16 21:00:00,강릉,5,ECMWF,100.0,90.0,0,10.0
2026-08-16 21:00:00,강릉,5,GFS,19.0,90.0,42,71.0
2026-08-16 21:00:00,제주,5,나우캐스트,88.75392150878906,100.0,5,11.246078491210938
2026-08-16 21:00:00,제주,5,ECMWF,98.0,100.0,0,2.0
2026-08-16 21:00:00,제주,5,GFS,100.0,100.0,42,0.0
2026-08-16 18:00:00,서울,1,나우캐스트,99.44600677490234,90.0,1,9.446006774902344
2026-08-16 18:00:00,서울,1,ECMWF,43.0,90.0,45,47.0
2026-08-16 18:00:00,서울,1,GFS,34.0,90.0,39,56.0
2026-08-16 18:00:00,대전,1,나우캐스트,78.31536865234375,80.0,1,1.68463134765625
2026-08-16 18:00:00,대전,1,ECMWF,100.0,80.0,45,20.0
2026-08-16 18:00:00,대전,1,GFS,100.0,80.0,39,20.0
2026-08-16 18:00:00,대구,1,나우캐스트,95.1238021850586,100.0,1,4.876197814941406
2026-08-16 18:00:00,대구,1,ECMWF,100.0,100.0,45,0.0
2026-08-16 18:00:00,대구,1,GFS,100.0,100.0,39,0.0
2026-08-16 18:00:00,광주,1,나우캐스트,80.41993713378906,70.0,1,10.419937133789062
2026-08-16 18:00:00,광주,1,ECMWF,100.0,70.0,45,30.0
2026-08-16 18:00:00,광주,1,GFS,100.0,70.0,39,30.0
2026-08-16 18:00:00,부산,1,나우캐스트,95.83660888671876,100.0,1,4.16339111328125
2026-08-16 18:00:00,부산,1,ECMWF,100.0,100.0,45,0.0
2026-08-16 18:00:00,부산,1,GFS,100.0,100.0,39,0.0
2026-08-16 18:00:00,인천,1,나우캐스트,99.31047058105467,80.0,1,19.310470581054688
2026-08-16 18:00:00,인천,1,ECMWF,83.0,80.0,45,3.0
2026-08-16 18:00:00,인천,1,GFS,4.0,80.0,39,76.0
2026-08-16 18:00:00,수원,1,나우캐스트,95.39905548095705,80.0,1,15.399055480957031
2026-08-16 18:00:00,수원,1,ECMWF,91.0,80.0,45,11.0
2026-08-16 18:00:00,수원,1,GFS,22.0,80.0,39,58.0
2026-08-16 18:00:00,전주,1,나우캐스트,80.70075225830078,80.0,1,0.7007522583007812
2026-08-16 18:00:00,전주,1,ECMWF,98.0,80.0,45,18.0
2026-08-16 18:00:00,전주,1,GFS,99.0,80.0,39,19.0
2026-08-16 18:00:00,강릉,1,나우캐스트,76.09126281738281,90.0,1,13.908737182617188
2026-08-16 18:00:00,강릉,1,ECMWF,99.0,90.0,45,9.0
2026-08-16 18:00:00,강릉,1,GFS,100.0,90.0,39,10.0
2026-08-16 18:00:00,제주,1,나우캐스트,80.4927749633789,80.0,1,0.4927749633789062
2026-08-16 18:00:00,제주,1,ECMWF,100.0,80.0,45,20.0
2026-08-16 18:00:00,제주,1,GFS,76.0,80.0,39,4.0
2026-08-16 21:00:00,서울,4,나우캐스트,95.76258850097656,50.0,4,45.76258850097656
2026-08-16 21:00:00,서울,4,ECMWF,100.0,50.0,0,50.0
2026-08-16 21:00:00,서울,4,GFS,9.0,50.0,42,41.0
2026-08-16 21:00:00,대전,4,나우캐스트,81.63196563720703,80.0,4,1.6319656372070312
2026-08-16 21:00:00,대전,4,ECMWF,70.0,80.0,0,10.0
2026-08-16 21:00:00,대전,4,GFS,100.0,80.0,42,20.0
2026-08-16 21:00:00,대구,4,나우캐스트,91.3557357788086,100.0,4,8.644264221191406
2026-08-16 21:00:00,대구,4,ECMWF,100.0,100.0,0,0.0
2026-08-16 21:00:00,대구,4,GFS,100.0,100.0,42,0.0
2026-08-16 21:00:00,광주,4,나우캐스트,81.06855773925781,90.0,4,8.931442260742188
2026-08-16 21:00:00,광주,4,ECMWF,62.0,90.0,0,28.0
2026-08-16 21:00:00,광주,4,GFS,45.0,90.0,42,45.0
2026-08-16 21:00:00,부산,4,나우캐스트,93.57723236083984,100.0,4,6.422767639160156
2026-08-16 21:00:00,부산,4,ECMWF,100.0,100.0,0,0.0
2026-08-16 21:00:00,부산,4,GFS,100.0,100.0,42,0.0
2026-08-16 21:00:00,인천,4,나우캐스트,94.83159637451172,90.0,4,4.831596374511719
2026-08-16 21:00:00,인천,4,ECMWF,100.0,90.0,0,10.0
2026-08-16 21:00:00,인천,4,GFS,1.0,90.0,42,89.0
2026-08-16 21:00:00,수원,4,나우캐스트,90.58413696289062,60.0,4,30.584136962890625
2026-08-16 21:00:00,수원,4,ECMWF,73.0,60.0,0,13.0
2026-08-16 21:00:00,수원,4,GFS,14.0,60.0,42,46.0
2026-08-16 21:00:00,전주,4,나우캐스트,72.87124633789062,80.0,4,7.128753662109375
2026-08-16 21:00:00,전주,4,ECMWF,80.0,80.0,0,0.0
2026-08-16 21:00:00,전주,4,GFS,85.0,80.0,42,5.0
2026-08-16 21:00:00,강릉,4,나우캐스트,85.79046630859375,90.0,4,4.20953369140625
2026-08-16 21:00:00,강릉,4,ECMWF,100.0,90.0,0,10.0
2026-08-16 21:00:00,강릉,4,GFS,19.0,90.0,42,71.0
2026-08-16 21:00:00,제주,4,나우캐스트,80.75507354736328,100.0,4,19.24492645263672
2026-08-16 21:00:00,제주,4,ECMWF,98.0,100.0,0,2.0
2026-08-16 21:00:00,제주,4,GFS,100.0,100.0,42,0.0
2026-08-16 21:00:00,서울,3,나우캐스트,90.33963775634766,50.0,3,40.339637756347656
2026-08-16 21:00:00,서울,3,ECMWF,100.0,50.0,0,50.0
2026-08-16 21:00:00,서울,3,GFS,9.0,50.0,42,41.0
2026-08-16 21:00:00,대전,3,나우캐스트,80.0809326171875,80.0,3,0.0809326171875
2026-08-16 21:00:00,대전,3,ECMWF,70.0,80.0,0,10.0
2026-08-16 21:00:00,대전,3,GFS,100.0,80.0,42,20.0
2026-08-16 21:00:00,대구,3,나우캐스트,91.05523681640624,100.0,3,8.94476318359375
2026-08-16 21:00:00,대구,3,ECMWF,100.0,100.0,0,0.0
2026-08-16 21:00:00,대구,3,GFS,100.0,100.0,42,0.0
2026-08-16 21:00:00,광주,3,나우캐스트,81.92736053466797,90.0,3,8.072639465332031
2026-08-16 21:00:00,광주,3,ECMWF,62.0,90.0,0,28.0
2026-08-16 21:00:00,광주,3,GFS,45.0,90.0,42,45.0
2026-08-16 21:00:00,부산,3,나우캐스트,94.04551696777344,100.0,3,5.9544830322265625
2026-08-16 21:00:00,부산,3,ECMWF,100.0,100.0,0,0.0
2026-08-16 21:00:00,부산,3,GFS,100.0,100.0,42,0.0
2026-08-16 21:00:00,인천,3,나우캐스트,85.34320068359375,90.0,3,4.65679931640625
2026-08-16 21:00:00,인천,3,ECMWF,100.0,90.0,0,10.0
2026-08-16 21:00:00,인천,3,GFS,1.0,90.0,42,89.0
2026-08-16 21:00:00,수원,3,나우캐스트,78.02326202392578,60.0,3,18.02326202392578
2026-08-16 21:00:00,수원,3,ECMWF,73.0,60.0,0,13.0
2026-08-16 21:00:00,수원,3,GFS,14.0,60.0,42,46.0
2026-08-16 21:00:00,전주,3,나우캐스트,83.36027526855469,80.0,3,3.3602752685546875
2026-08-16 21:00:00,전주,3,ECMWF,80.0,80.0,0,0.0
2026-08-16 21:00:00,전주,3,GFS,85.0,80.0,42,5.0
2026-08-16 21:00:00,강릉,3,나우캐스트,86.32089233398438,90.0,3,3.679107666015625
2026-08-16 21:00:00,강릉,3,ECMWF,100.0,90.0,0,10.0
2026-08-16 21:00:00,강릉,3,GFS,19.0,90.0,42,71.0
2026-08-16 21:00:00,제주,3,나우캐스트,84.579833984375,100.0,3,15.420166015625
2026-08-16 21:00:00,제주,3,ECMWF,98.0,100.0,0,2.0
2026-08-16 21:00:00,제주,3,GFS,100.0,100.0,42,0.0
2026-08-17 00:00:00,서울,6,나우캐스트,88.78890991210938,60.0,6,28.78890991210937
2026-08-17 00:00:00,서울,6,ECMWF,98.0,60.0,3,38.0
2026-08-17 00:00:00,서울,6,GFS,8.0,60.0,45,52.0
2026-08-17 00:00:00,대전,6,나우캐스트,83.66863250732422,90.0,6,6.331367492675781
2026-08-17 00:00:00,대전,6,ECMWF,52.0,90.0,3,38.0
2026-08-17 00:00:00,대전,6,GFS,100.0,90.0,45,10.0
2026-08-17 00:00:00,대구,6,나우캐스트,88.03929901123047,100.0,6,11.960700988769531
2026-08-17 00:00:00,대구,6,ECMWF,100.0,100.0,3,0.0
2026-08-17 00:00:00,대구,6,GFS,47.0,100.0,45,53.0
2026-08-17 00:00:00,광주,6,나우캐스트,84.44973754882812,90.0,6,5.550262451171875
2026-08-17 00:00:00,광주,6,ECMWF,100.0,90.0,3,10.0
2026-08-17 00:00:00,광주,6,GFS,81.0,90.0,45,9.0
2026-08-17 00:00:00,부산,6,나우캐스트,90.40579223632812,100.0,6,9.594207763671877
2026-08-17 00:00:00,부산,6,ECMWF,100.0,100.0,3,0.0
2026-08-17 00:00:00,부산,6,GFS,100.0,100.0,45,0.0
2026-08-17 00:00:00,인천,6,나우캐스트,82.87760162353516,60.0,6,22.87760162353516
2026-08-17 00:00:00,인천,6,ECMWF,98.0,60.0,3,38.0
2026-08-17 00:00:00,인천,6,GFS,26.0,60.0,45,34.0
2026-08-17 00:00:00,수원,6,나우캐스트,77.94184112548828,80.0,6,2.0581588745117188
2026-08-17 00:00:00,수원,6,ECMWF,100.0,80.0,3,20.0
2026-08-17 00:00:00,수원,6,GFS,0.0,80.0,45,80.0
2026-08-17 00:00:00,전주,6,나우캐스트,83.98100280761719,90.0,6,6.0189971923828125
2026-08-17 00:00:00,전주,6,ECMWF,80.0,90.0,3,10.0
2026-08-17 00:00:00,전주,6,GFS,54.0,90.0,45,36.0
2026-08-17 00:00:00,강릉,6,나우캐스트,91.15364074707033,80.0,6,11.153640747070312
2026-08-17 00:00:00,강릉,6,ECMWF,72.0,80.0,3,8.0
2026-08-17 00:00:00,강릉,6,GFS,2.0,80.0,45,78.0
2026-08-17 00:00:00,제주,6,나우캐스트,82.9876708984375,100.0,6,17.0123291015625
2026-08-17 00:00:00,제주,6,ECMWF,100.0,100.0,3,0.0
2026-08-17 00:00:00,제주,6,GFS,25.0,100.0,45,75.0
2026-08-16 21:00:00,서울,2,나우캐스트,93.7379379272461,50.0,2,43.737937927246094
2026-08-16 21:00:00,서울,2,ECMWF,100.0,50.0,0,50.0
2026-08-16 21:00:00,서울,2,GFS,9.0,50.0,42,41.0
2026-08-16 21:00:00,대전,2,나우캐스트,78.54096221923828,80.0,2,1.4590377807617188
2026-08-16 21:00:00,대전,2,ECMWF,70.0,80.0,0,10.0
2026-08-16 21:00:00,대전,2,GFS,100.0,80.0,42,20.0
2026-08-16 21:00:00,대구,2,나우캐스트,90.66502380371094,100.0,2,9.334976196289062
2026-08-16 21:00:00,대구,2,ECMWF,100.0,100.0,0,0.0
2026-08-16 21:00:00,대구,2,GFS,100.0,100.0,42,0.0
2026-08-16 21:00:00,광주,2,나우캐스트,81.69711303710938,90.0,2,8.302886962890625
2026-08-16 21:00:00,광주,2,ECMWF,62.0,90.0,0,28.0
2026-08-16 21:00:00,광주,2,GFS,45.0,90.0,42,45.0
2026-08-16 21:00:00,부산,2,나우캐스트,93.4949951171875,100.0,2,6.5050048828125
2026-08-16 21:00:00,부산,2,ECMWF,100.0,100.0,0,0.0
2026-08-16 21:00:00,부산,2,GFS,100.0,100.0,42,0.0
2026-08-16 21:00:00,인천,2,나우캐스트,95.4402084350586,90.0,2,5.440208435058594
2026-08-16 21:00:00,인천,2,ECMWF,100.0,90.0,0,10.0
2026-08-16 21:00:00,인천,2,GFS,1.0,90.0,42,89.0
2026-08-16 21:00:00,수원,2,나우캐스트,91.83815002441406,60.0,2,31.838150024414062
2026-08-16 21:00:00,수원,2,ECMWF,73.0,60.0,0,13.0
2026-08-16 21:00:00,수원,2,GFS,14.0,60.0,42,46.0
2026-08-16 21:00:00,전주,2,나우캐스트,79.5066146850586,80.0,2,0.4933853149414062
2026-08-16 21:00:00,전주,2,ECMWF,80.0,80.0,0,0.0
2026-08-16 21:00:00,전주,2,GFS,85.0,80.0,42,5.0
2026-08-16 21:00:00,강릉,2,나우캐스트,85.30748748779297,90.0,2,4.692512512207031
2026-08-16 21:00:00,강릉,2,ECMWF,100.0,90.0,0,10.0
2026-08-16 21:00:00,강릉,2,GFS,19.0,90.0,42,71.0
2026-08-16 21:00:00,제주,2,나우캐스트,80.0251693725586,100.0,2,19.974830627441406
2026-08-16 21:00:00,제주,2,ECMWF,98.0,100.0,0,2.0
2026-08-16 21:00:00,제주,2,GFS,100.0,100.0,42,0.0
2026-08-17 00:00:00,서울,5,나우캐스트,88.31484985351562,60.0,5,28.314849853515625
2026-08-17 00:00:00,서울,5,ECMWF,98.0,60.0,3,38.0
2026-08-17 00:00:00,서울,5,GFS,8.0,60.0,45,52.0
2026-08-17 00:00:00,대전,5,나우캐스트,86.27859497070312,90.0,5,3.721405029296875
2026-08-17 00:00:00,대전,5,ECMWF,52.0,90.0,3,38.0
2026-08-17 00:00:00,대전,5,GFS,100.0,90.0,45,10.0
2026-08-17 00:00:00,대구,5,나우캐스트,87.92791748046875,100.0,5,12.07208251953125
2026-08-17 00:00:00,대구,5,ECMWF,100.0,100.0,3,0.0
2026-08-17 00:00:00,대구,5,GFS,47.0,100.0,45,53.0
2026-08-17 00:00:00,광주,5,나우캐스트,85.93229675292969,90.0,5,4.0677032470703125
2026-08-17 00:00:00,광주,5,ECMWF,100.0,90.0,3,10.0
2026-08-17 00:00:00,광주,5,GFS,81.0,90.0,45,9.0
2026-08-17 00:00:00,부산,5,나우캐스트,91.35465240478516,100.0,5,8.645347595214844
2026-08-17 00:00:00,부산,5,ECMWF,100.0,100.0,3,0.0
2026-08-17 00:00:00,부산,5,GFS,100.0,100.0,45,0.0
2026-08-17 00:00:00,인천,5,나우캐스트,85.93610382080078,60.0,5,25.93610382080078
2026-08-17 00:00:00,인천,5,ECMWF,98.0,60.0,3,38.0
2026-08-17 00:00:00,인천,5,GFS,26.0,60.0,45,34.0
2026-08-17 00:00:00,수원,5,나우캐스트,85.20674133300781,80.0,5,5.2067413330078125
2026-08-17 00:00:00,수원,5,ECMWF,100.0,80.0,3,20.0
2026-08-17 00:00:00,수원,5,GFS,0.0,80.0,45,80.0
2026-08-17 00:00:00,전주,5,나우캐스트,83.2875747680664,90.0,5,6.712425231933594
2026-08-17 00:00:00,전주,5,ECMWF,80.0,90.0,3,10.0
2026-08-17 00:00:00,전주,5,GFS,54.0,90.0,45,36.0
2026-08-17 00:00:00,강릉,5,나우캐스트,87.50717163085938,80.0,5,7.507171630859375
2026-08-17 00:00:00,강릉,5,ECMWF,72.0,80.0,3,8.0
2026-08-17 00:00:00,강릉,5,GFS,2.0,80.0,45,78.0
2026-08-17 00:00:00,제주,5,나우캐스트,81.96102905273438,100.0,5,18.038970947265625
2026-08-17 00:00:00,제주,5,ECMWF,100.0,100.0,3,0.0
2026-08-17 00:00:00,제주,5,GFS,25.0,100.0,45,75.0
2026-08-16 21:00:00,서울,1,나우캐스트,44.29557037353516,50.0,1,5.704429626464844
2026-08-16 21:00:00,서울,1,ECMWF,100.0,50.0,0,50.0
2026-08-16 21:00:00,서울,1,GFS,9.0,50.0,42,41.0
2026-08-16 21:00:00,대전,1,나우캐스트,80.05157470703125,80.0,1,0.05157470703125
2026-08-16 21:00:00,대전,1,ECMWF,70.0,80.0,0,10.0
2026-08-16 21:00:00,대전,1,GFS,100.0,80.0,42,20.0
2026-08-16 21:00:00,대구,1,나우캐스트,94.79412078857422,100.0,1,5.205879211425781
2026-08-16 21:00:00,대구,1,ECMWF,100.0,100.0,0,0.0
2026-08-16 21:00:00,대구,1,GFS,100.0,100.0,42,0.0
2026-08-16 21:00:00,광주,1,나우캐스트,86.629150390625,90.0,1,3.370849609375
2026-08-16 21:00:00,광주,1,ECMWF,62.0,90.0,0,28.0
2026-08-16 21:00:00,광주,1,GFS,45.0,90.0,42,45.0
2026-08-16 21:00:00,부산,1,나우캐스트,95.28582763671876,100.0,1,4.71417236328125
2026-08-16 21:00:00,부산,1,ECMWF,100.0,100.0,0,0.0
2026-08-16 21:00:00,부산,1,GFS,100.0,100.0,42,0.0
2026-08-16 21:00:00,인천,1,나우캐스트,87.07088470458984,90.0,1,2.929115295410156
2026-08-16 21:00:00,인천,1,ECMWF,100.0,90.0,0,10.0
2026-08-16 21:00:00,인천,1,GFS,1.0,90.0,42,89.0
2026-08-16 21:00:00,수원,1,나우캐스트,90.8891143798828,60.0,1,30.88911437988281
2026-08-16 21:00:00,수원,1,ECMWF,73.0,60.0,0,13.0
2026-08-16 21:00:00,수원,1,GFS,14.0,60.0,42,46.0
2026-08-16 21:00:00,전주,1,나우캐스트,83.33841705322266,80.0,1,3.338417053222656
2026-08-16 21:00:00,전주,1,ECMWF,80.0,80.0,0,0.0
2026-08-16 21:00:00,전주,1,GFS,85.0,80.0,42,5.0
2026-08-16 21:00:00,강릉,1,나우캐스트,86.35795593261719,90.0,1,3.642044067382813
2026-08-16 21:00:00,강릉,1,ECMWF,100.0,90.0,0,10.0
2026-08-16 21:00:00,강릉,1,GFS,19.0,90.0,42,71.0
2026-08-16 21:00:00,제주,1,나우캐스트,90.00550842285156,100.0,1,9.994491577148438
2026-08-16 21:00:00,제주,1,ECMWF,98.0,100.0,0,2.0
2026-08-16 21:00:00,제주,1,GFS,100.0,100.0,42,0.0
2026-08-17 00:00:00,서울,4,나우캐스트,86.88963317871094,60.0,4,26.889633178710938
2026-08-17 00:00:00,서울,4,ECMWF,98.0,60.0,3,38.0
2026-08-17 00:00:00,서울,4,GFS,8.0,60.0,45,52.0
2026-08-17 00:00:00,대전,4,나우캐스트,87.40968322753906,90.0,4,2.590316772460937
2026-08-17 00:00:00,대전,4,ECMWF,52.0,90.0,3,38.0
2026-08-17 00:00:00,대전,4,GFS,100.0,90.0,45,10.0
2026-08-17 00:00:00,대구,4,나우캐스트,90.86907958984376,100.0,4,9.13092041015625
2026-08-17 00:00:00,대구,4,ECMWF,100.0,100.0,3,0.0
2026-08-17 00:00:00,대구,4,GFS,47.0,100.0,45,53.0
2026-08-17 00:00:00,광주,4,나우캐스트,87.04800415039062,90.0,4,2.951995849609375
2026-08-17 00:00:00,광주,4,ECMWF,100.0,90.0,3,10.0
2026-08-17 00:00:00,광주,4,GFS,81.0,90.0,45,9.0
2026-08-17 00:00:00,부산,4,나우캐스트,93.52581787109376,100.0,4,6.47418212890625
2026-08-17 00:00:00,부산,4,ECMWF,100.0,100.0,3,0.0
2026-08-17 00:00:00,부산,4,GFS,100.0,100.0,45,0.0
2026-08-17 00:00:00,인천,4,나우캐스트,90.33061981201172,60.0,4,30.33061981201172
2026-08-17 00:00:00,인천,4,ECMWF,98.0,60.0,3,38.0
2026-08-17 00:00:00,인천,4,GFS,26.0,60.0,45,34.0
2026-08-17 00:00:00,수원,4,나우캐스트,91.14733123779295,80.0,4,11.147331237792969
2026-08-17 00:00:00,수원,4,ECMWF,100.0,80.0,3,20.0
2026-08-17 00:00:00,수원,4,GFS,0.0,80.0,45,80.0
2026-08-17 00:00:00,전주,4,나우캐스트,86.2607650756836,90.0,4,3.7392349243164062
2026-08-17 00:00:00,전주,4,ECMWF,80.0,90.0,3,10.0
2026-08-17 00:00:00,전주,4,GFS,54.0,90.0,45,36.0
2026-08-17 00:00:00,강릉,4,나우캐스트,88.98033142089844,80.0,4,8.980331420898438
2026-08-17 00:00:00,강릉,4,ECMWF,72.0,80.0,3,8.0
2026-08-17 00:00:00,강릉,4,GFS,2.0,80.0,45,78.0
2026-08-17 00:00:00,제주,4,나우캐스트,85.53546905517578,100.0,4,14.46453094482422
2026-08-17 00:00:00,제주,4,ECMWF,100.0,100.0,3,0.0
2026-08-17 00:00:00,제주,4,GFS,25.0,100.0,45,75.0
2026-08-17 00:00:00,서울,3,나우캐스트,89.33535766601562,60.0,3,29.335357666015625
2026-08-17 00:00:00,서울,3,ECMWF,98.0,60.0,3,38.0
2026-08-17 00:00:00,서울,3,GFS,8.0,60.0,45,52.0
2026-08-17 00:00:00,대전,3,나우캐스트,85.70360565185547,90.0,3,4.296394348144531
2026-08-17 00:00:00,대전,3,ECMWF,52.0,90.0,3,38.0
2026-08-17 00:00:00,대전,3,GFS,100.0,90.0,45,10.0
2026-08-17 00:00:00,대구,3,나우캐스트,93.5280990600586,100.0,3,6.471900939941406
2026-08-17 00:00:00,대구,3,ECMWF,100.0,100.0,3,0.0
2026-08-17 00:00:00,대구,3,GFS,47.0,100.0,45,53.0
2026-08-17 00:00:00,광주,3,나우캐스트,88.66971588134766,90.0,3,1.3302841186523438
2026-08-17 00:00:00,광주,3,ECMWF,100.0,90.0,3,10.0
2026-08-17 00:00:00,광주,3,GFS,81.0,90.0,45,9.0
2026-08-17 00:00:00,부산,3,나우캐스트,95.1851577758789,100.0,3,4.814842224121094
2026-08-17 00:00:00,부산,3,ECMWF,100.0,100.0,3,0.0
2026-08-17 00:00:00,부산,3,GFS,100.0,100.0,45,0.0
2026-08-17 00:00:00,인천,3,나우캐스트,93.78069305419922,60.0,3,33.78069305419922
2026-08-17 00:00:00,인천,3,ECMWF,98.0,60.0,3,38.0
2026-08-17 00:00:00,인천,3,GFS,26.0,60.0,45,34.0
2026-08-17 00:00:00,수원,3,나우캐스트,91.2447738647461,80.0,3,11.244773864746094
2026-08-17 00:00:00,수원,3,ECMWF,100.0,80.0,3,20.0
2026-08-17 00:00:00,수원,3,GFS,0.0,80.0,45,80.0
2026-08-17 00:00:00,전주,3,나우캐스트,88.12692260742188,90.0,3,1.873077392578125
2026-08-17 00:00:00,전주,3,ECMWF,80.0,90.0,3,10.0
2026-08-17 00:00:00,전주,3,GFS,54.0,90.0,45,36.0
2026-08-17 00:00:00,강릉,3,나우캐스트,88.0982437133789,80.0,3,8.098243713378906
2026-08-17 00:00:00,강릉,3,ECMWF,72.0,80.0,3,8.0
2026-08-17 00:00:00,강릉,3,GFS,2.0,80.0,45,78.0
2026-08-17 00:00:00,제주,3,나우캐스트,89.9174575805664,100.0,3,10.082542419433594
2026-08-17 00:00:00,제주,3,ECMWF,100.0,100.0,3,0.0
2026-08-17 00:00:00,제주,3,GFS,25.0,100.0,45,75.0
2026-08-17 03:00:00,서울,6,나우캐스트,89.93128967285156,60.0,6,29.93128967285156
2026-08-17 03:00:00,서울,6,ECMWF,64.0,60.0,6,4.0
2026-08-17 03:00:00,서울,6,GFS,5.0,60.0,48,55.0
2026-08-17 03:00:00,대전,6,나우캐스트,88.66070556640625,60.0,6,28.66070556640625
2026-08-17 03:00:00,대전,6,ECMWF,77.0,60.0,6,17.0
2026-08-17 03:00:00,대전,6,GFS,100.0,60.0,48,40.0
2026-08-17 03:00:00,대구,6,나우캐스트,90.91056060791016,100.0,6,9.089439392089844
2026-08-17 03:00:00,대구,6,ECMWF,91.0,100.0,6,9.0
2026-08-17 03:00:00,대구,6,GFS,77.0,100.0,48,23.0
2026-08-17 03:00:00,광주,6,나우캐스트,90.53671264648438,100.0,6,9.463287353515623
2026-08-17 03:00:00,광주,6,ECMWF,99.0,100.0,6,1.0
2026-08-17 03:00:00,광주,6,GFS,100.0,100.0,48,0.0
2026-08-17 03:00:00,부산,6,나우캐스트,93.28772735595705,100.0,6,6.712272644042969
2026-08-17 03:00:00,부산,6,ECMWF,100.0,100.0,6,0.0
2026-08-17 03:00:00,부산,6,GFS,100.0,100.0,48,0.0
2026-08-17 03:00:00,인천,6,나우캐스트,92.59539031982422,60.0,6,32.59539031982422
2026-08-17 03:00:00,인천,6,ECMWF,48.0,60.0,6,12.0
2026-08-17 03:00:00,인천,6,GFS,12.0,60.0,48,48.0
2026-08-17 03:00:00,수원,6,나우캐스트,88.79681396484375,80.0,6,8.79681396484375
2026-08-17 03:00:00,수원,6,ECMWF,69.0,80.0,6,11.0
2026-08-17 03:00:00,수원,6,GFS,5.0,80.0,48,75.0
2026-08-17 03:00:00,전주,6,나우캐스트,88.74832153320312,60.0,6,28.748321533203125
2026-08-17 03:00:00,전주,6,ECMWF,62.0,60.0,6,2.0
2026-08-17 03:00:00,전주,6,GFS,40.0,60.0,48,20.0
2026-08-17 03:00:00,강릉,6,나우캐스트,89.98886108398438,80.0,6,9.988861083984377
2026-08-17 03:00:00,강릉,6,ECMWF,95.0,80.0,6,15.0
2026-08-17 03:00:00,강릉,6,GFS,0.0,80.0,48,80.0
2026-08-17 03:00:00,제주,6,나우캐스트,86.9066162109375,100.0,6,13.0933837890625
2026-08-17 03:00:00,제주,6,ECMWF,84.0,100.0,6,16.0
2026-08-17 03:00:00,제주,6,GFS,22.0,100.0,48,78.0
2026-08-17 00:00:00,서울,2,나우캐스트,93.0669174194336,60.0,2,33.066917419433594
2026-08-17 00:00:00,서울,2,ECMWF,98.0,60.0,3,38.0
2026-08-17 00:00:00,서울,2,GFS,8.0,60.0,45,52.0
2026-08-17 00:00:00,대전,2,나우캐스트,87.50466918945312,90.0,2,2.495330810546875
2026-08-17 00:00:00,대전,2,ECMWF,52.0,90.0,3,38.0
2026-08-17 00:00:00,대전,2,GFS,100.0,90.0,45,10.0
2026-08-17 00:00:00,대구,2,나우캐스트,96.44261169433594,100.0,2,3.5573883056640625
2026-08-17 00:00:00,대구,2,ECMWF,100.0,100.0,3,0.0
2026-08-17 00:00:00,대구,2,GFS,47.0,100.0,45,53.0
2026-08-17 00:00:00,광주,2,나우캐스트,81.98423767089844,90.0,2,8.015762329101562
2026-08-17 00:00:00,광주,2,ECMWF,100.0,90.0,3,10.0
2026-08-17 00:00:00,광주,2,GFS,81.0,90.0,45,9.0
2026-08-17 00:00:00,부산,2,나우캐스트,96.88435363769533,100.0,2,3.1156463623046875
2026-08-17 00:00:00,부산,2,ECMWF,100.0,100.0,3,0.0
2026-08-17 00:00:00,부산,2,GFS,100.0,100.0,45,0.0
2026-08-17 00:00:00,인천,2,나우캐스트,87.4440689086914,60.0,2,27.444068908691406
2026-08-17 00:00:00,인천,2,ECMWF,98.0,60.0,3,38.0
2026-08-17 00:00:00,인천,2,GFS,26.0,60.0,45,34.0
2026-08-17 00:00:00,수원,2,나우캐스트,93.3906707763672,80.0,2,13.390670776367188
2026-08-17 00:00:00,수원,2,ECMWF,100.0,80.0,3,20.0
2026-08-17 00:00:00,수원,2,GFS,0.0,80.0,45,80.0
2026-08-17 00:00:00,전주,2,나우캐스트,87.61953735351562,90.0,2,2.380462646484375
2026-08-17 00:00:00,전주,2,ECMWF,80.0,90.0,3,10.0
2026-08-17 00:00:00,전주,2,GFS,54.0,90.0,45,36.0
2026-08-17 00:00:00,강릉,2,나우캐스트,86.39582061767578,80.0,2,6.395820617675781
2026-08-17 00:00:00,강릉,2,ECMWF,72.0,80.0,3,8.0
2026-08-17 00:00:00,강릉,2,GFS,2.0,80.0,45,78.0
2026-08-17 00:00:00,제주,2,나우캐스트,91.04861450195312,100.0,2,8.951385498046875
2026-08-17 00:00:00,제주,2,ECMWF,100.0,100.0,3,0.0
2026-08-17 00:00:00,제주,2,GFS,25.0,100.0,45,75.0
2026-08-17 03:00:00,서울,5,나우캐스트,91.67610168457033,60.0,5,31.676101684570312
2026-08-17 03:00:00,서울,5,ECMWF,64.0,60.0,6,4.0
2026-08-17 03:00:00,서울,5,GFS,5.0,60.0,48,55.0
2026-08-17 03:00:00,대전,5,나우캐스트,89.92464447021484,60.0,5,29.924644470214844
2026-08-17 03:00:00,대전,5,ECMWF,77.0,60.0,6,17.0
2026-08-17 03:00:00,대전,5,GFS,100.0,60.0,48,40.0
2026-08-17 03:00:00,대구,5,나우캐스트,93.1379623413086,100.0,5,6.862037658691406
2026-08-17 03:00:00,대구,5,ECMWF,91.0,100.0,6,9.0
2026-08-17 03:00:00,대구,5,GFS,77.0,100.0,48,23.0
2026-08-17 03:00:00,광주,5,나우캐스트,88.41172790527344,100.0,5,11.588272094726562
2026-08-17 03:00:00,광주,5,ECMWF,99.0,100.0,6,1.0
2026-08-17 03:00:00,광주,5,GFS,100.0,100.0,48,0.0
2026-08-17 03:00:00,부산,5,나우캐스트,94.19525146484376,100.0,5,5.80474853515625
2026-08-17 03:00:00,부산,5,ECMWF,100.0,100.0,6,0.0
2026-08-17 03:00:00,부산,5,GFS,100.0,100.0,48,0.0
2026-08-17 03:00:00,인천,5,나우캐스트,87.79793548583984,60.0,5,27.797935485839844
2026-08-17 03:00:00,인천,5,ECMWF,48.0,60.0,6,12.0
2026-08-17 03:00:00,인천,5,GFS,12.0,60.0,48,48.0
2026-08-17 03:00:00,수원,5,나우캐스트,91.61849975585938,80.0,5,11.618499755859377
2026-08-17 03:00:00,수원,5,ECMWF,69.0,80.0,6,11.0
2026-08-17 03:00:00,수원,5,GFS,5.0,80.0,48,75.0
2026-08-17 03:00:00,전주,5,나우캐스트,86.28459167480469,60.0,5,26.284591674804688
2026-08-17 03:00:00,전주,5,ECMWF,62.0,60.0,6,2.0
2026-08-17 03:00:00,전주,5,GFS,40.0,60.0,48,20.0
2026-08-17 03:00:00,강릉,5,나우캐스트,89.12239074707031,80.0,5,9.122390747070312
2026-08-17 03:00:00,강릉,5,ECMWF,95.0,80.0,6,15.0
2026-08-17 03:00:00,강릉,5,GFS,0.0,80.0,48,80.0
2026-08-17 03:00:00,제주,5,나우캐스트,91.50537872314452,100.0,5,8.494621276855469
2026-08-17 03:00:00,제주,5,ECMWF,84.0,100.0,6,16.0
2026-08-17 03:00:00,제주,5,GFS,22.0,100.0,48,78.0
2026-08-17 00:00:00,서울,1,나우캐스트,78.27149963378906,60.0,1,18.271499633789062
2026-08-17 00:00:00,서울,1,ECMWF,98.0,60.0,3,38.0
2026-08-17 00:00:00,서울,1,GFS,8.0,60.0,45,52.0
2026-08-17 00:00:00,대전,1,나우캐스트,88.17083740234375,90.0,1,1.82916259765625
2026-08-17 00:00:00,대전,1,ECMWF,52.0,90.0,3,38.0
2026-08-17 00:00:00,대전,1,GFS,100.0,90.0,45,10.0
2026-08-17 00:00:00,대구,1,나우캐스트,93.54499816894533,100.0,1,6.455001831054688
2026-08-17 00:00:00,대구,1,ECMWF,100.0,100.0,3,0.0
2026-08-17 00:00:00,대구,1,GFS,47.0,100.0,45,53.0
2026-08-17 00:00:00,광주,1,나우캐스트,91.54053497314452,90.0,1,1.5405349731445312
2026-08-17 00:00:00,광주,1,ECMWF,100.0,90.0,3,10.0
2026-08-17 00:00:00,광주,1,GFS,81.0,90.0,45,9.0
2026-08-17 00:00:00,부산,1,나우캐스트,96.59632873535156,100.0,1,3.403671264648437
2026-08-17 00:00:00,부산,1,ECMWF,100.0,100.0,3,0.0
2026-08-17 00:00:00,부산,1,GFS,100.0,100.0,45,0.0
2026-08-17 00:00:00,인천,1,나우캐스트,87.56646728515625,60.0,1,27.56646728515625
2026-08-17 00:00:00,인천,1,ECMWF,98.0,60.0,3,38.0
2026-08-17 00:00:00,인천,1,GFS,26.0,60.0,45,34.0
2026-08-17 00:00:00,수원,1,나우캐스트,97.39836120605467,80.0,1,17.398361206054688
2026-08-17 00:00:00,수원,1,ECMWF,100.0,80.0,3,20.0
2026-08-17 00:00:00,수원,1,GFS,0.0,80.0,45,80.0
2026-08-17 00:00:00,전주,1,나우캐스트,93.7637710571289,90.0,1,3.763771057128906
2026-08-17 00:00:00,전주,1,ECMWF,80.0,90.0,3,10.0
2026-08-17 00:00:00,전주,1,GFS,54.0,90.0,45,36.0
2026-08-17 00:00:00,강릉,1,나우캐스트,80.91485595703125,80.0,1,0.91485595703125
2026-08-17 00:00:00,강릉,1,ECMWF,72.0,80.0,3,8.0
2026-08-17 00:00:00,강릉,1,GFS,2.0,80.0,45,78.0
2026-08-17 00:00:00,제주,1,나우캐스트,90.95173645019533,100.0,1,9.048263549804688
2026-08-17 00:00:00,제주,1,ECMWF,100.0,100.0,3,0.0
2026-08-17 00:00:00,제주,1,GFS,25.0,100.0,45,75.0
2026-08-17 03:00:00,서울,4,나우캐스트,90.01226806640625,60.0,4,30.01226806640625
2026-08-17 03:00:00,서울,4,ECMWF,64.0,60.0,6,4.0
2026-08-17 03:00:00,서울,4,GFS,5.0,60.0,48,55.0
2026-08-17 03:00:00,대전,4,나우캐스트,91.59661102294922,60.0,4,31.59661102294922
2026-08-17 03:00:00,대전,4,ECMWF,77.0,60.0,6,17.0
2026-08-17 03:00:00,대전,4,GFS,100.0,60.0,48,40.0
2026-08-17 03:00:00,대구,4,나우캐스트,92.20567321777344,100.0,4,7.794326782226562
2026-08-17 03:00:00,대구,4,ECMWF,91.0,100.0,6,9.0
2026-08-17 03:00:00,대구,4,GFS,77.0,100.0,48,23.0
2026-08-17 03:00:00,광주,4,나우캐스트,90.4337921142578,100.0,4,9.566207885742188
2026-08-17 03:00:00,광주,4,ECMWF,99.0,100.0,6,1.0
2026-08-17 03:00:00,광주,4,GFS,100.0,100.0,48,0.0
2026-08-17 03:00:00,부산,4,나우캐스트,93.63825225830078,100.0,4,6.361747741699219
2026-08-17 03:00:00,부산,4,ECMWF,100.0,100.0,6,0.0
2026-08-17 03:00:00,부산,4,GFS,100.0,100.0,48,0.0
2026-08-17 03:00:00,인천,4,나우캐스트,90.42132568359376,60.0,4,30.42132568359375
2026-08-17 03:00:00,인천,4,ECMWF,48.0,60.0,6,12.0
2026-08-17 03:00:00,인천,4,GFS,12.0,60.0,48,48.0
2026-08-17 03:00:00,수원,4,나우캐스트,93.51168823242188,80.0,4,13.511688232421877
2026-08-17 03:00:00,수원,4,ECMWF,69.0,80.0,6,11.0
2026-08-17 03:00:00,수원,4,GFS,5.0,80.0,48,75.0
2026-08-17 03:00:00,전주,4,나우캐스트,87.08253479003906,60.0,4,27.082534790039062
2026-08-17 03:00:00,전주,4,ECMWF,62.0,60.0,6,2.0
2026-08-17 03:00:00,전주,4,GFS,40.0,60.0,48,20.0
2026-08-17 03:00:00,강릉,4,나우캐스트,88.53922271728516,80.0,4,8.539222717285156
2026-08-17 03:00:00,강릉,4,ECMWF,95.0,80.0,6,15.0
2026-08-17 03:00:00,강릉,4,GFS,0.0,80.0,48,80.0
2026-08-17 03:00:00,제주,4,나우캐스트,93.51441192626952,100.0,4,6.485588073730469
2026-08-17 03:00:00,제주,4,ECMWF,84.0,100.0,6,16.0
2026-08-17 03:00:00,제주,4,GFS,22.0,100.0,48,78.0
2026-08-17 03:00:00,서울,3,나우캐스트,96.3869171142578,60.0,3,36.38691711425781
2026-08-17 03:00:00,서울,3,ECMWF,64.0,60.0,6,4.0
2026-08-17 03:00:00,서울,3,GFS,5.0,60.0,48,55.0
2026-08-17 03:00:00,대전,3,나우캐스트,94.43850708007812,60.0,3,34.438507080078125
2026-08-17 03:00:00,대전,3,ECMWF,77.0,60.0,6,17.0
2026-08-17 03:00:00,대전,3,GFS,100.0,60.0,48,40.0
2026-08-17 03:00:00,대구,3,나우캐스트,95.37747955322266,100.0,3,4.622520446777344
2026-08-17 03:00:00,대구,3,ECMWF,91.0,100.0,6,9.0
2026-08-17 03:00:00,대구,3,GFS,77.0,100.0,48,23.0
2026-08-17 03:00:00,광주,3,나우캐스트,92.94815826416016,100.0,3,7.051841735839844
2026-08-17 03:00:00,광주,3,ECMWF,99.0,100.0,6,1.0
2026-08-17 03:00:00,광주,3,GFS,100.0,100.0,48,0.0
2026-08-17 03:00:00,부산,3,나우캐스트,94.62042236328124,100.0,3,5.37957763671875
2026-08-17 03:00:00,부산,3,ECMWF,100.0,100.0,6,0.0
2026-08-17 03:00:00,부산,3,GFS,100.0,100.0,48,0.0
2026-08-17 03:00:00,인천,3,나우캐스트,93.4755859375,60.0,3,33.4755859375
2026-08-17 03:00:00,인천,3,ECMWF,48.0,60.0,6,12.0
2026-08-17 03:00:00,인천,3,GFS,12.0,60.0,48,48.0
2026-08-17 03:00:00,수원,3,나우캐스트,95.87152099609376,80.0,3,15.87152099609375
2026-08-17 03:00:00,수원,3,ECMWF,69.0,80.0,6,11.0
2026-08-17 03:00:00,수원,3,GFS,5.0,80.0,48,75.0
2026-08-17 03:00:00,전주,3,나우캐스트,91.14176177978516,60.0,3,31.14176177978516
2026-08-17 03:00:00,전주,3,ECMWF,62.0,60.0,6,2.0
2026-08-17 03:00:00,전주,3,GFS,40.0,60.0,48,20.0
2026-08-17 03:00:00,강릉,3,나우캐스트,90.74789428710938,80.0,3,10.747894287109377
2026-08-17 03:00:00,강릉,3,ECMWF,95.0,80.0,6,15.0
2026-08-17 03:00:00,강릉,3,GFS,0.0,80.0,48,80.0
2026-08-17 03:00:00,제주,3,나우캐스트,95.59112548828124,100.0,3,4.40887451171875
2026-08-17 03:00:00,제주,3,ECMWF,84.0,100.0,6,16.0
2026-08-17 03:00:00,제주,3,GFS,22.0,100.0,48,78.0
2026-08-17 06:00:00,서울,6,나우캐스트,93.1117706298828,90.0,6,3.1117706298828125
2026-08-17 06:00:00,서울,6,ECMWF,24.0,90.0,9,66.0
2026-08-17 06:00:00,서울,6,GFS,0.0,90.0,51,90.0
2026-08-17 06:00:00,대전,6,나우캐스트,91.77391052246094,60.0,6,31.773910522460938
2026-08-17 06:00:00,대전,6,ECMWF,100.0,60.0,9,40.0
2026-08-17 06:00:00,대전,6,GFS,100.0,60.0,51,40.0
2026-08-17 06:00:00,대구,6,나우캐스트,91.73524475097656,100.0,6,8.264755249023438
2026-08-17 06:00:00,대구,6,ECMWF,100.0,100.0,9,0.0
2026-08-17 06:00:00,대구,6,GFS,100.0,100.0,51,0.0
2026-08-17 06:00:00,광주,6,나우캐스트,90.32371520996094,60.0,6,30.323715209960938
2026-08-17 06:00:00,광주,6,ECMWF,76.0,60.0,9,16.0
2026-08-17 06:00:00,광주,6,GFS,59.0,60.0,51,1.0
2026-08-17 06:00:00,부산,6,나우캐스트,92.8014678955078,100.0,6,7.198532104492188
2026-08-17 06:00:00,부산,6,ECMWF,100.0,100.0,9,0.0
2026-08-17 06:00:00,부산,6,GFS,100.0,100.0,51,0.0
2026-08-17 06:00:00,인천,6,나우캐스트,92.3548583984375,90.0,6,2.3548583984375
2026-08-17 06:00:00,인천,6,ECMWF,57.0,90.0,9,33.0
2026-08-17 06:00:00,인천,6,GFS,1.0,90.0,51,89.0
2026-08-17 06:00:00,수원,6,나우캐스트,93.44671630859376,60.0,6,33.44671630859375
2026-08-17 06:00:00,수원,6,ECMWF,100.0,60.0,9,40.0
2026-08-17 06:00:00,수원,6,GFS,18.0,60.0,51,42.0
2026-08-17 06:00:00,전주,6,나우캐스트,87.69355773925781,60.0,6,27.69355773925781
2026-08-17 06:00:00,전주,6,ECMWF,45.0,60.0,9,15.0
2026-08-17 06:00:00,전주,6,GFS,87.0,60.0,51,27.0
2026-08-17 06:00:00,강릉,6,나우캐스트,91.64729309082033,80.0,6,11.647293090820312
2026-08-17 06:00:00,강릉,6,ECMWF,100.0,80.0,9,20.0
2026-08-17 06:00:00,강릉,6,GFS,0.0,80.0,51,80.0
2026-08-17 06:00:00,제주,6,나우캐스트,93.16311645507812,80.0,6,13.163116455078123
2026-08-17 06:00:00,제주,6,ECMWF,95.0,80.0,9,15.0
2026-08-17 06:00:00,제주,6,GFS,11.0,80.0,51,69.0
2026-08-17 03:00:00,서울,2,나우캐스트,94.45819091796876,60.0,2,34.45819091796875
2026-08-17 03:00:00,서울,2,ECMWF,64.0,60.0,6,4.0
2026-08-17 03:00:00,서울,2,GFS,5.0,60.0,48,55.0
2026-08-17 03:00:00,대전,2,나우캐스트,92.94319915771484,60.0,2,32.943199157714844
2026-08-17 03:00:00,대전,2,ECMWF,77.0,60.0,6,17.0
2026-08-17 03:00:00,대전,2,GFS,100.0,60.0,48,40.0
2026-08-17 03:00:00,대구,2,나우캐스트,96.37598419189452,100.0,2,3.6240158081054688
2026-08-17 03:00:00,대구,2,ECMWF,91.0,100.0,6,9.0
2026-08-17 03:00:00,대구,2,GFS,77.0,100.0,48,23.0
2026-08-17 03:00:00,광주,2,나우캐스트,85.6684799194336,100.0,2,14.331520080566406
2026-08-17 03:00:00,광주,2,ECMWF,99.0,100.0,6,1.0
2026-08-17 03:00:00,광주,2,GFS,100.0,100.0,48,0.0
2026-08-17 03:00:00,부산,2,나우캐스트,95.67576599121094,100.0,2,4.324234008789063
2026-08-17 03:00:00,부산,2,ECMWF,100.0,100.0,6,0.0
2026-08-17 03:00:00,부산,2,GFS,100.0,100.0,48,0.0
2026-08-17 03:00:00,인천,2,나우캐스트,95.09475708007812,60.0,2,35.094757080078125
2026-08-17 03:00:00,인천,2,ECMWF,48.0,60.0,6,12.0
2026-08-17 03:00:00,인천,2,GFS,12.0,60.0,48,48.0
2026-08-17 03:00:00,수원,2,나우캐스트,97.30819702148438,80.0,2,17.308197021484375
2026-08-17 03:00:00,수원,2,ECMWF,69.0,80.0,6,11.0
2026-08-17 03:00:00,수원,2,GFS,5.0,80.0,48,75.0
2026-08-17 03:00:00,전주,2,나우캐스트,88.2804183959961,60.0,2,28.280418395996094
2026-08-17 03:00:00,전주,2,ECMWF,62.0,60.0,6,2.0
2026-08-17 03:00:00,전주,2,GFS,40.0,60.0,48,20.0
2026-08-17 03:00:00,강릉,2,나우캐스트,92.39554595947266,80.0,2,12.395545959472656
2026-08-17 03:00:00,강릉,2,ECMWF,95.0,80.0,6,15.0
2026-08-17 03:00:00,강릉,2,GFS,0.0,80.0,48,80.0
2026-08-17 03:00:00,제주,2,나우캐스트,97.1626968383789,100.0,2,2.8373031616210938
2026-08-17 03:00:00,제주,2,ECMWF,84.0,100.0,6,16.0
2026-08-17 03:00:00,제주,2,GFS,22.0,100.0,48,78.0
2026-08-17 06:00:00,서울,5,나우캐스트,92.64590454101562,90.0,5,2.645904541015625
2026-08-17 06:00:00,서울,5,ECMWF,24.0,90.0,9,66.0
2026-08-17 06:00:00,서울,5,GFS,0.0,90.0,51,90.0
2026-08-17 06:00:00,대전,5,나우캐스트,91.73871612548828,60.0,5,31.73871612548828
2026-08-17 06:00:00,대전,5,ECMWF,100.0,60.0,9,40.0
2026-08-17 06:00:00,대전,5,GFS,100.0,60.0,51,40.0
2026-08-17 06:00:00,대구,5,나우캐스트,93.60001373291016,100.0,5,6.399986267089844
2026-08-17 06:00:00,대구,5,ECMWF,100.0,100.0,9,0.0
2026-08-17 06:00:00,대구,5,GFS,100.0,100.0,51,0.0
2026-08-17 06:00:00,광주,5,나우캐스트,88.91900634765625,60.0,5,28.91900634765625
2026-08-17 06:00:00,광주,5,ECMWF,76.0,60.0,9,16.0
2026-08-17 06:00:00,광주,5,GFS,59.0,60.0,51,1.0
2026-08-17 06:00:00,부산,5,나우캐스트,94.24620819091795,100.0,5,5.753791809082031
2026-08-17 06:00:00,부산,5,ECMWF,100.0,100.0,9,0.0
2026-08-17 06:00:00,부산,5,GFS,100.0,100.0,51,0.0
2026-08-17 06:00:00,인천,5,나우캐스트,91.70980834960938,90.0,5,1.709808349609375
2026-08-17 06:00:00,인천,5,ECMWF,57.0,90.0,9,33.0
2026-08-17 06:00:00,인천,5,GFS,1.0,90.0,51,89.0
2026-08-17 06:00:00,수원,5,나우캐스트,93.76638793945312,60.0,5,33.766387939453125
2026-08-17 06:00:00,수원,5,ECMWF,100.0,60.0,9,40.0
2026-08-17 06:00:00,수원,5,GFS,18.0,60.0,51,42.0
2026-08-17 06:00:00,전주,5,나우캐스트,86.15414428710938,60.0,5,26.15414428710937
2026-08-17 06:00:00,전주,5,ECMWF,45.0,60.0,9,15.0
2026-08-17 06:00:00,전주,5,GFS,87.0,60.0,51,27.0
2026-08-17 06:00:00,강릉,5,나우캐스트,92.65534973144533,80.0,5,12.655349731445312
2026-08-17 06:00:00,강릉,5,ECMWF,100.0,80.0,9,20.0
2026-08-17 06:00:00,강릉,5,GFS,0.0,80.0,51,80.0
2026-08-17 06:00:00,제주,5,나우캐스트,94.3592529296875,80.0,5,14.3592529296875
2026-08-17 06:00:00,제주,5,ECMWF,95.0,80.0,9,15.0
2026-08-17 06:00:00,제주,5,GFS,11.0,80.0,51,69.0
2026-08-17 03:00:00,서울,1,나우캐스트,89.59764099121094,60.0,1,29.597640991210938
2026-08-17 03:00:00,서울,1,ECMWF,64.0,60.0,6,4.0
2026-08-17 03:00:00,서울,1,GFS,5.0,60.0,48,55.0
2026-08-17 03:00:00,대전,1,나우캐스트,91.22985076904295,60.0,1,31.22985076904297
2026-08-17 03:00:00,대전,1,ECMWF,77.0,60.0,6,17.0
2026-08-17 03:00:00,대전,1,GFS,100.0,60.0,48,40.0
2026-08-17 03:00:00,대구,1,나우캐스트,97.1870346069336,100.0,1,2.8129653930664062
2026-08-17 03:00:00,대구,1,ECMWF,91.0,100.0,6,9.0
2026-08-17 03:00:00,대구,1,GFS,77.0,100.0,48,23.0
2026-08-17 03:00:00,광주,1,나우캐스트,95.015869140625,100.0,1,4.984130859375
2026-08-17 03:00:00,광주,1,ECMWF,99.0,100.0,6,1.0
2026-08-17 03:00:00,광주,1,GFS,100.0,100.0,48,0.0
2026-08-17 03:00:00,부산,1,나우캐스트,97.6531219482422,100.0,1,2.3468780517578125
2026-08-17 03:00:00,부산,1,ECMWF,100.0,100.0,6,0.0
2026-08-17 03:00:00,부산,1,GFS,100.0,100.0,48,0.0
2026-08-17 03:00:00,인천,1,나우캐스트,94.4682159423828,60.0,1,34.46821594238281
2026-08-17 03:00:00,인천,1,ECMWF,48.0,60.0,6,12.0
2026-08-17 03:00:00,인천,1,GFS,12.0,60.0,48,48.0
2026-08-17 03:00:00,수원,1,나우캐스트,92.7348175048828,80.0,1,12.734817504882812
2026-08-17 03:00:00,수원,1,ECMWF,69.0,80.0,6,11.0
2026-08-17 03:00:00,수원,1,GFS,5.0,80.0,48,75.0
2026-08-17 03:00:00,전주,1,나우캐스트,90.66609191894533,60.0,1,30.666091918945312
2026-08-17 03:00:00,전주,1,ECMWF,62.0,60.0,6,2.0
2026-08-17 03:00:00,전주,1,GFS,40.0,60.0,48,20.0
2026-08-17 03:00:00,강릉,1,나우캐스트,91.01126861572266,80.0,1,11.011268615722656
2026-08-17 03:00:00,강릉,1,ECMWF,95.0,80.0,6,15.0
2026-08-17 03:00:00,강릉,1,GFS,0.0,80.0,48,80.0
2026-08-17 03:00:00,제주,1,나우캐스트,93.81681060791016,100.0,1,6.183189392089844
2026-08-17 03:00:00,제주,1,ECMWF,84.0,100.0,6,16.0
2026-08-17 03:00:00,제주,1,GFS,22.0,100.0,48,78.0
2026-08-17 06:00:00,서울,4,나우캐스트,93.1961441040039,90.0,4,3.1961441040039062
2026-08-17 06:00:00,서울,4,ECMWF,24.0,90.0,9,66.0
2026-08-17 06:00:00,서울,4,GFS,0.0,90.0,51,90.0
2026-08-17 06:00:00,대전,4,나우캐스트,94.52413940429688,60.0,4,34.524139404296875
2026-08-17 06:00:00,대전,4,ECMWF,100.0,60.0,9,40.0
2026-08-17 06:00:00,대전,4,GFS,100.0,60.0,51,40.0
2026-08-17 06:00:00,대구,4,나우캐스트,95.9202880859375,100.0,4,4.0797119140625
2026-08-17 06:00:00,대구,4,ECMWF,100.0,100.0,9,0.0
2026-08-17 06:00:00,대구,4,GFS,100.0,100.0,51,0.0
2026-08-17 06:00:00,광주,4,나우캐스트,93.0258331298828,60.0,4,33.02583312988281
2026-08-17 06:00:00,광주,4,ECMWF,76.0,60.0,9,16.0
2026-08-17 06:00:00,광주,4,GFS,59.0,60.0,51,1.0
2026-08-17 06:00:00,부산,4,나우캐스트,94.56478881835938,100.0,4,5.435211181640625
2026-08-17 06:00:00,부산,4,ECMWF,100.0,100.0,9,0.0
2026-08-17 06:00:00,부산,4,GFS,100.0,100.0,51,0.0
2026-08-17 06:00:00,인천,4,나우캐스트,93.77581787109376,90.0,4,3.77581787109375
2026-08-17 06:00:00,인천,4,ECMWF,57.0,90.0,9,33.0
2026-08-17 06:00:00,인천,4,GFS,1.0,90.0,51,89.0
2026-08-17 06:00:00,수원,4,나우캐스트,92.95661163330078,60.0,4,32.95661163330078
2026-08-17 06:00:00,수원,4,ECMWF,100.0,60.0,9,40.0
2026-08-17 06:00:00,수원,4,GFS,18.0,60.0,51,42.0
2026-08-17 06:00:00,전주,4,나우캐스트,93.61961364746094,60.0,4,33.61961364746094
2026-08-17 06:00:00,전주,4,ECMWF,45.0,60.0,9,15.0
2026-08-17 06:00:00,전주,4,GFS,87.0,60.0,51,27.0
2026-08-17 06:00:00,강릉,4,나우캐스트,91.32484436035156,80.0,4,11.324844360351562
2026-08-17 06:00:00,강릉,4,ECMWF,100.0,80.0,9,20.0
2026-08-17 06:00:00,강릉,4,GFS,0.0,80.0,51,80.0
2026-08-17 06:00:00,제주,4,나우캐스트,85.01805877685547,80.0,4,5.018058776855469
2026-08-17 06:00:00,제주,4,ECMWF,95.0,80.0,9,15.0
2026-08-17 06:00:00,제주,4,GFS,11.0,80.0,51,69.0
2026-08-17 06:00:00,서울,3,나우캐스트,94.71737670898438,90.0,3,4.717376708984375
2026-08-17 06:00:00,서울,3,ECMWF,24.0,90.0,9,66.0
2026-08-17 06:00:00,서울,3,GFS,0.0,90.0,51,90.0
2026-08-17 06:00:00,대전,3,나우캐스트,88.23719024658203,60.0,3,28.23719024658203
2026-08-17 06:00:00,대전,3,ECMWF,100.0,60.0,9,40.0
2026-08-17 06:00:00,대전,3,GFS,100.0,60.0,51,40.0
2026-08-17 06:00:00,대구,3,나우캐스트,95.35063934326172,100.0,3,4.649360656738281
2026-08-17 06:00:00,대구,3,ECMWF,100.0,100.0,9,0.0
2026-08-17 06:00:00,대구,3,GFS,100.0,100.0,51,0.0
2026-08-17 06:00:00,광주,3,나우캐스트,89.9619140625,60.0,3,29.9619140625
2026-08-17 06:00:00,광주,3,ECMWF,76.0,60.0,9,16.0
2026-08-17 06:00:00,광주,3,GFS,59.0,60.0,51,1.0
2026-08-17 06:00:00,부산,3,나우캐스트,95.07975769042967,100.0,3,4.9202423095703125
2026-08-17 06:00:00,부산,3,ECMWF,100.0,100.0,9,0.0
2026-08-17 06:00:00,부산,3,GFS,100.0,100.0,51,0.0
2026-08-17 06:00:00,인천,3,나우캐스트,91.72212982177734,90.0,3,1.7221298217773438
2026-08-17 06:00:00,인천,3,ECMWF,57.0,90.0,9,33.0
2026-08-17 06:00:00,인천,3,GFS,1.0,90.0,51,89.0
2026-08-17 06:00:00,수원,3,나우캐스트,93.83279418945312,60.0,3,33.832794189453125
2026-08-17 06:00:00,수원,3,ECMWF,100.0,60.0,9,40.0
2026-08-17 06:00:00,수원,3,GFS,18.0,60.0,51,42.0
2026-08-17 06:00:00,전주,3,나우캐스트,86.0325927734375,60.0,3,26.0325927734375
2026-08-17 06:00:00,전주,3,ECMWF,45.0,60.0,9,15.0
2026-08-17 06:00:00,전주,3,GFS,87.0,60.0,51,27.0
2026-08-17 06:00:00,강릉,3,나우캐스트,91.59986877441406,80.0,3,11.599868774414062
2026-08-17 06:00:00,강릉,3,ECMWF,100.0,80.0,9,20.0
2026-08-17 06:00:00,강릉,3,GFS,0.0,80.0,51,80.0
2026-08-17 06:00:00,제주,3,나우캐스트,78.7515640258789,80.0,3,1.2484359741210938
2026-08-17 06:00:00,제주,3,ECMWF,95.0,80.0,9,15.0
2026-08-17 06:00:00,제주,3,GFS,11.0,80.0,51,69.0
2026-08-17 09:00:00,서울,6,나우캐스트,90.64219665527344,90.0,6,0.6421966552734375
2026-08-17 09:00:00,서울,6,ECMWF,60.0,90.0,12,30.0
2026-08-17 09:00:00,서울,6,GFS,100.0,90.0,0,10.0
2026-08-17 09:00:00,대전,6,나우캐스트,85.24527740478516,70.0,6,15.245277404785156
2026-08-17 09:00:00,대전,6,ECMWF,36.0,70.0,12,34.0
2026-08-17 09:00:00,대전,6,GFS,76.0,70.0,0,6.0
2026-08-17 09:00:00,대구,6,나우캐스트,92.96685791015624,100.0,6,7.03314208984375
2026-08-17 09:00:00,대구,6,ECMWF,100.0,100.0,12,0.0
2026-08-17 09:00:00,대구,6,GFS,100.0,100.0,0,0.0
2026-08-17 09:00:00,광주,6,나우캐스트,85.92411804199219,60.0,6,25.924118041992188
2026-08-17 09:00:00,광주,6,ECMWF,56.0,60.0,12,4.0
2026-08-17 09:00:00,광주,6,GFS,42.0,60.0,0,18.0
2026-08-17 09:00:00,부산,6,나우캐스트,94.4866180419922,100.0,6,5.5133819580078125
2026-08-17 09:00:00,부산,6,ECMWF,100.0,100.0,12,0.0
2026-08-17 09:00:00,부산,6,GFS,100.0,100.0,0,0.0
2026-08-17 09:00:00,인천,6,나우캐스트,89.54452514648438,80.0,6,9.544525146484377
2026-08-17 09:00:00,인천,6,ECMWF,54.0,80.0,12,26.0
2026-08-17 09:00:00,인천,6,GFS,100.0,80.0,0,20.0
2026-08-17 09:00:00,수원,6,나우캐스트,89.894775390625,80.0,6,9.894775390625
2026-08-17 09:00:00,수원,6,ECMWF,87.0,80.0,12,7.0
2026-08-17 09:00:00,수원,6,GFS,100.0,80.0,0,20.0
2026-08-17 09:00:00,전주,6,나우캐스트,83.49528503417969,70.0,6,13.495285034179688
2026-08-17 09:00:00,전주,6,ECMWF,45.0,70.0,12,25.0
2026-08-17 09:00:00,전주,6,GFS,38.0,70.0,0,32.0
2026-08-17 09:00:00,강릉,6,나우캐스트,91.4111785888672,80.0,6,11.411178588867188
2026-08-17 09:00:00,강릉,6,ECMWF,71.0,80.0,12,9.0
2026-08-17 09:00:00,강릉,6,GFS,98.0,80.0,0,18.0
2026-08-17 09:00:00,제주,6,나우캐스트,77.7464370727539,60.0,6,17.746437072753906
2026-08-17 09:00:00,제주,6,ECMWF,38.0,60.0,12,22.0
2026-08-17 09:00:00,제주,6,GFS,25.0,60.0,0,35.0
2026-08-17 06:00:00,서울,2,나우캐스트,97.74444580078124,90.0,2,7.74444580078125
2026-08-17 06:00:00,서울,2,ECMWF,24.0,90.0,9,66.0
2026-08-17 06:00:00,서울,2,GFS,0.0,90.0,51,90.0
2026-08-17 06:00:00,대전,2,나우캐스트,90.76929473876952,60.0,2,30.76929473876953
2026-08-17 06:00:00,대전,2,ECMWF,100.0,60.0,9,40.0
2026-08-17 06:00:00,대전,2,GFS,100.0,60.0,51,40.0
2026-08-17 06:00:00,대구,2,나우캐스트,96.65086364746094,100.0,2,3.3491363525390625
2026-08-17 06:00:00,대구,2,ECMWF,100.0,100.0,9,0.0
2026-08-17 06:00:00,대구,2,GFS,100.0,100.0,51,0.0
2026-08-17 06:00:00,광주,2,나우캐스트,85.49786376953125,60.0,2,25.49786376953125
2026-08-17 06:00:00,광주,2,ECMWF,76.0,60.0,9,16.0
2026-08-17 06:00:00,광주,2,GFS,59.0,60.0,51,1.0
2026-08-17 06:00:00,부산,2,나우캐스트,95.5982894897461,100.0,2,4.401710510253906
2026-08-17 06:00:00,부산,2,ECMWF,100.0,100.0,9,0.0
2026-08-17 06:00:00,부산,2,GFS,100.0,100.0,51,0.0
2026-08-17 06:00:00,인천,2,나우캐스트,95.75575256347656,90.0,2,5.7557525634765625
2026-08-17 06:00:00,인천,2,ECMWF,57.0,90.0,9,33.0
2026-08-17 06:00:00,인천,2,GFS,1.0,90.0,51,89.0
2026-08-17 06:00:00,수원,2,나우캐스트,94.41849517822266,60.0,2,34.418495178222656
2026-08-17 06:00:00,수원,2,ECMWF,100.0,60.0,9,40.0
2026-08-17 06:00:00,수원,2,GFS,18.0,60.0,51,42.0
2026-08-17 06:00:00,전주,2,나우캐스트,85.2403564453125,60.0,2,25.2403564453125
2026-08-17 06:00:00,전주,2,ECMWF,45.0,60.0,9,15.0
2026-08-17 06:00:00,전주,2,GFS,87.0,60.0,51,27.0
2026-08-17 06:00:00,강릉,2,나우캐스트,88.50537872314453,80.0,2,8.505378723144531
2026-08-17 06:00:00,강릉,2,ECMWF,100.0,80.0,9,20.0
2026-08-17 06:00:00,강릉,2,GFS,0.0,80.0,51,80.0
2026-08-17 06:00:00,제주,2,나우캐스트,88.38519287109375,80.0,2,8.38519287109375
2026-08-17 06:00:00,제주,2,ECMWF,95.0,80.0,9,15.0
2026-08-17 06:00:00,제주,2,GFS,11.0,80.0,51,69.0
2026-08-17 09:00:00,서울,5,나우캐스트,94.223876953125,90.0,5,4.223876953125
2026-08-17 09:00:00,서울,5,ECMWF,60.0,90.0,12,30.0
2026-08-17 09:00:00,서울,5,GFS,100.0,90.0,0,10.0
2026-08-17 09:00:00,대전,5,나우캐스트,87.92919921875,70.0,5,17.92919921875
2026-08-17 09:00:00,대전,5,ECMWF,36.0,70.0,12,34.0
2026-08-17 09:00:00,대전,5,GFS,76.0,70.0,0,6.0
2026-08-17 09:00:00,대구,5,나우캐스트,93.70197296142578,100.0,5,6.298027038574219
2026-08-17 09:00:00,대구,5,ECMWF,100.0,100.0,12,0.0
2026-08-17 09:00:00,대구,5,GFS,100.0,100.0,0,0.0
2026-08-17 09:00:00,광주,5,나우캐스트,88.22267150878906,60.0,5,28.222671508789062
2026-08-17 09:00:00,광주,5,ECMWF,56.0,60.0,12,4.0
2026-08-17 09:00:00,광주,5,GFS,42.0,60.0,0,18.0
2026-08-17 09:00:00,부산,5,나우캐스트,94.54208374023438,100.0,5,5.457916259765625
2026-08-17 09:00:00,부산,5,ECMWF,100.0,100.0,12,0.0
2026-08-17 09:00:00,부산,5,GFS,100.0,100.0,0,0.0
2026-08-17 09:00:00,인천,5,나우캐스트,91.7303237915039,80.0,5,11.730323791503906
2026-08-17 09:00:00,인천,5,ECMWF,54.0,80.0,12,26.0
2026-08-17 09:00:00,인천,5,GFS,100.0,80.0,0,20.0
2026-08-17 09:00:00,수원,5,나우캐스트,93.4443359375,80.0,5,13.4443359375
2026-08-17 09:00:00,수원,5,ECMWF,87.0,80.0,12,7.0
2026-08-17 09:00:00,수원,5,GFS,100.0,80.0,0,20.0
2026-08-17 09:00:00,전주,5,나우캐스트,87.52750396728516,70.0,5,17.527503967285156
2026-08-17 09:00:00,전주,5,ECMWF,45.0,70.0,12,25.0
2026-08-17 09:00:00,전주,5,GFS,38.0,70.0,0,32.0
2026-08-17 09:00:00,강릉,5,나우캐스트,92.56901550292967,80.0,5,12.569015502929688
2026-08-17 09:00:00,강릉,5,ECMWF,71.0,80.0,12,9.0
2026-08-17 09:00:00,강릉,5,GFS,98.0,80.0,0,18.0
2026-08-17 09:00:00,제주,5,나우캐스트,79.14912414550781,60.0,5,19.14912414550781
2026-08-17 09:00:00,제주,5,ECMWF,38.0,60.0,12,22.0
2026-08-17 09:00:00,제주,5,GFS,25.0,60.0,0,35.0
2026-08-17 06:00:00,서울,1,나우캐스트,95.64175415039062,90.0,1,5.641754150390625
2026-08-17 06:00:00,서울,1,ECMWF,24.0,90.0,9,66.0
2026-08-17 06:00:00,서울,1,GFS,0.0,90.0,51,90.0
2026-08-17 06:00:00,대전,1,나우캐스트,92.01007843017578,60.0,1,32.01007843017578
2026-08-17 06:00:00,대전,1,ECMWF,100.0,60.0,9,40.0
2026-08-17 06:00:00,대전,1,GFS,100.0,60.0,51,40.0
2026-08-17 06:00:00,대구,1,나우캐스트,96.3387680053711,100.0,1,3.661231994628906
2026-08-17 06:00:00,대구,1,ECMWF,100.0,100.0,9,0.0
2026-08-17 06:00:00,대구,1,GFS,100.0,100.0,51,0.0
2026-08-17 06:00:00,광주,1,나우캐스트,93.85317993164062,60.0,1,33.853179931640625
2026-08-17 06:00:00,광주,1,ECMWF,76.0,60.0,9,16.0
2026-08-17 06:00:00,광주,1,GFS,59.0,60.0,51,1.0
2026-08-17 06:00:00,부산,1,나우캐스트,96.4526824951172,100.0,1,3.5473175048828125
2026-08-17 06:00:00,부산,1,ECMWF,100.0,100.0,9,0.0
2026-08-17 06:00:00,부산,1,GFS,100.0,100.0,51,0.0
2026-08-17 06:00:00,인천,1,나우캐스트,97.83560180664062,90.0,1,7.835601806640625
2026-08-17 06:00:00,인천,1,ECMWF,57.0,90.0,9,33.0
2026-08-17 06:00:00,인천,1,GFS,1.0,90.0,51,89.0
2026-08-17 06:00:00,수원,1,나우캐스트,93.62849426269533,60.0,1,33.62849426269531
2026-08-17 06:00:00,수원,1,ECMWF,100.0,60.0,9,40.0
2026-08-17 06:00:00,수원,1,GFS,18.0,60.0,51,42.0
2026-08-17 06:00:00,전주,1,나우캐스트,87.94941711425781,60.0,1,27.94941711425781
2026-08-17 06:00:00,전주,1,ECMWF,45.0,60.0,9,15.0
2026-08-17 06:00:00,전주,1,GFS,87.0,60.0,51,27.0
2026-08-17 06:00:00,강릉,1,나우캐스트,86.35209655761719,80.0,1,6.352096557617188
2026-08-17 06:00:00,강릉,1,ECMWF,100.0,80.0,9,20.0
2026-08-17 06:00:00,강릉,1,GFS,0.0,80.0,51,80.0
2026-08-17 06:00:00,제주,1,나우캐스트,87.30743408203125,80.0,1,7.30743408203125
2026-08-17 06:00:00,제주,1,ECMWF,95.0,80.0,9,15.0
2026-08-17 06:00:00,제주,1,GFS,11.0,80.0,51,69.0
2026-08-17 09:00:00,서울,4,나우캐스트,95.20248413085938,90.0,4,5.202484130859375
2026-08-17 09:00:00,서울,4,ECMWF,60.0,90.0,12,30.0
2026-08-17 09:00:00,서울,4,GFS,100.0,90.0,0,10.0
2026-08-17 09:00:00,대전,4,나우캐스트,91.2374496459961,70.0,4,21.237449645996094
2026-08-17 09:00:00,대전,4,ECMWF,36.0,70.0,12,34.0
2026-08-17 09:00:00,대전,4,GFS,76.0,70.0,0,6.0
2026-08-17 09:00:00,대구,4,나우캐스트,94.00725555419922,100.0,4,5.992744445800781
2026-08-17 09:00:00,대구,4,ECMWF,100.0,100.0,12,0.0
2026-08-17 09:00:00,대구,4,GFS,100.0,100.0,0,0.0
2026-08-17 09:00:00,광주,4,나우캐스트,90.65216827392578,60.0,4,30.65216827392578
2026-08-17 09:00:00,광주,4,ECMWF,56.0,60.0,12,4.0
2026-08-17 09:00:00,광주,4,GFS,42.0,60.0,0,18.0
2026-08-17 09:00:00,부산,4,나우캐스트,94.47036743164062,100.0,4,5.529632568359375
2026-08-17 09:00:00,부산,4,ECMWF,100.0,100.0,12,0.0
2026-08-17 09:00:00,부산,4,GFS,100.0,100.0,0,0.0
2026-08-17 09:00:00,인천,4,나우캐스트,95.88319396972656,80.0,4,15.883193969726562
2026-08-17 09:00:00,인천,4,ECMWF,54.0,80.0,12,26.0
2026-08-17 09:00:00,인천,4,GFS,100.0,80.0,0,20.0
2026-08-17 09:00:00,수원,4,나우캐스트,93.46556091308594,80.0,4,13.465560913085938
2026-08-17 09:00:00,수원,4,ECMWF,87.0,80.0,12,7.0
2026-08-17 09:00:00,수원,4,GFS,100.0,80.0,0,20.0
2026-08-17 09:00:00,전주,4,나우캐스트,89.30882263183594,70.0,4,19.308822631835938
2026-08-17 09:00:00,전주,4,ECMWF,45.0,70.0,12,25.0
2026-08-17 09:00:00,전주,4,GFS,38.0,70.0,0,32.0
2026-08-17 09:00:00,강릉,4,나우캐스트,94.71134948730467,80.0,4,14.711349487304688
2026-08-17 09:00:00,강릉,4,ECMWF,71.0,80.0,12,9.0
2026-08-17 09:00:00,강릉,4,GFS,98.0,80.0,0,18.0
2026-08-17 09:00:00,제주,4,나우캐스트,79.65861511230469,60.0,4,19.658615112304688
2026-08-17 09:00:00,제주,4,ECMWF,38.0,60.0,12,22.0
2026-08-17 09:00:00,제주,4,GFS,25.0,60.0,0,35.0
2026-08-17 09:00:00,서울,3,나우캐스트,95.494140625,90.0,3,5.494140625
2026-08-17 09:00:00,서울,3,ECMWF,60.0,90.0,12,30.0
2026-08-17 09:00:00,서울,3,GFS,100.0,90.0,0,10.0
2026-08-17 09:00:00,대전,3,나우캐스트,93.11209869384766,70.0,3,23.112098693847656
2026-08-17 09:00:00,대전,3,ECMWF,36.0,70.0,12,34.0
2026-08-17 09:00:00,대전,3,GFS,76.0,70.0,0,6.0
2026-08-17 09:00:00,대구,3,나우캐스트,94.62034606933594,100.0,3,5.379653930664063
2026-08-17 09:00:00,대구,3,ECMWF,100.0,100.0,12,0.0
2026-08-17 09:00:00,대구,3,GFS,100.0,100.0,0,0.0
2026-08-17 09:00:00,광주,3,나우캐스트,84.72480773925781,60.0,3,24.72480773925781
2026-08-17 09:00:00,광주,3,ECMWF,56.0,60.0,12,4.0
2026-08-17 09:00:00,광주,3,GFS,42.0,60.0,0,18.0
2026-08-17 09:00:00,부산,3,나우캐스트,95.34788513183594,100.0,3,4.652114868164063
2026-08-17 09:00:00,부산,3,ECMWF,100.0,100.0,12,0.0
2026-08-17 09:00:00,부산,3,GFS,100.0,100.0,0,0.0
2026-08-17 09:00:00,인천,3,나우캐스트,92.52838134765624,80.0,3,12.52838134765625
2026-08-17 09:00:00,인천,3,ECMWF,54.0,80.0,12,26.0
2026-08-17 09:00:00,인천,3,GFS,100.0,80.0,0,20.0
2026-08-17 09:00:00,수원,3,나우캐스트,94.15882873535156,80.0,3,14.158828735351562
2026-08-17 09:00:00,수원,3,ECMWF,87.0,80.0,12,7.0
2026-08-17 09:00:00,수원,3,GFS,100.0,80.0,0,20.0
2026-08-17 09:00:00,전주,3,나우캐스트,90.14216613769533,70.0,3,20.142166137695312
2026-08-17 09:00:00,전주,3,ECMWF,45.0,70.0,12,25.0
2026-08-17 09:00:00,전주,3,GFS,38.0,70.0,0,32.0
2026-08-17 09:00:00,강릉,3,나우캐스트,90.98661041259766,80.0,3,10.986610412597656
2026-08-17 09:00:00,강릉,3,ECMWF,71.0,80.0,12,9.0
2026-08-17 09:00:00,강릉,3,GFS,98.0,80.0,0,18.0
2026-08-17 09:00:00,제주,3,나우캐스트,49.70701599121094,60.0,3,10.292984008789062
2026-08-17 09:00:00,제주,3,ECMWF,38.0,60.0,12,22.0
2026-08-17 09:00:00,제주,3,GFS,25.0,60.0,0,35.0
2026-08-17 12:00:00,서울,6,나우캐스트,86.09043884277344,90.0,6,3.9095611572265625
2026-08-17 12:00:00,서울,6,ECMWF,100.0,90.0,15,10.0
2026-08-17 12:00:00,서울,6,GFS,100.0,90.0,3,10.0
2026-08-17 12:00:00,대전,6,나우캐스트,88.72671508789062,100.0,6,11.273284912109377
2026-08-17 12:00:00,대전,6,ECMWF,52.0,100.0,15,48.0
2026-08-17 12:00:00,대전,6,GFS,53.0,100.0,3,47.0
2026-08-17 12:00:00,대구,6,나우캐스트,89.6622314453125,80.0,6,9.6622314453125
2026-08-17 12:00:00,대구,6,ECMWF,98.0,80.0,15,18.0
2026-08-17 12:00:00,대구,6,GFS,100.0,80.0,3,20.0
2026-08-17 12:00:00,광주,6,나우캐스트,69.39857482910156,90.0,6,20.60142517089844
2026-08-17 12:00:00,광주,6,ECMWF,100.0,90.0,15,10.0
2026-08-17 12:00:00,광주,6,GFS,36.0,90.0,3,54.0
2026-08-17 12:00:00,부산,6,나우캐스트,93.12388610839844,100.0,6,6.8761138916015625
2026-08-17 12:00:00,부산,6,ECMWF,98.0,100.0,15,2.0
2026-08-17 12:00:00,부산,6,GFS,100.0,100.0,3,0.0
2026-08-17 12:00:00,인천,6,나우캐스트,84.11552429199219,80.0,6,4.115524291992188
2026-08-17 12:00:00,인천,6,ECMWF,98.0,80.0,15,18.0
2026-08-17 12:00:00,인천,6,GFS,100.0,80.0,3,20.0
2026-08-17 12:00:00,수원,6,나우캐스트,88.05342102050781,90.0,6,1.9465789794921875
2026-08-17 12:00:00,수원,6,ECMWF,100.0,90.0,15,10.0
2026-08-17 12:00:00,수원,6,GFS,70.0,90.0,3,20.0
2026-08-17 12:00:00,전주,6,나우캐스트,80.32134246826172,80.0,6,0.3213424682617187
2026-08-17 12:00:00,전주,6,ECMWF,100.0,80.0,15,20.0
2026-08-17 12:00:00,전주,6,GFS,53.0,80.0,3,27.0
2026-08-17 12:00:00,강릉,6,나우캐스트,88.62677001953125,70.0,6,18.62677001953125
2026-08-17 12:00:00,강릉,6,ECMWF,48.0,70.0,15,22.0
2026-08-17 12:00:00,강릉,6,GFS,39.0,70.0,3,31.0
2026-08-17 12:00:00,제주,6,나우캐스트,51.81561279296875,70.0,6,18.18438720703125
2026-08-17 12:00:00,제주,6,ECMWF,84.0,70.0,15,14.0
2026-08-17 12:00:00,제주,6,GFS,44.0,70.0,3,26.0
2026-08-17 09:00:00,서울,2,나우캐스트,97.75929260253906,90.0,2,7.7592926025390625
2026-08-17 09:00:00,서울,2,ECMWF,60.0,90.0,12,30.0
2026-08-17 09:00:00,서울,2,GFS,100.0,90.0,0,10.0
2026-08-17 09:00:00,대전,2,나우캐스트,91.53290557861328,70.0,2,21.53290557861328
2026-08-17 09:00:00,대전,2,ECMWF,36.0,70.0,12,34.0
2026-08-17 09:00:00,대전,2,GFS,76.0,70.0,0,6.0
2026-08-17 09:00:00,대구,2,나우캐스트,95.78485107421876,100.0,2,4.21514892578125
2026-08-17 09:00:00,대구,2,ECMWF,100.0,100.0,12,0.0
2026-08-17 09:00:00,대구,2,GFS,100.0,100.0,0,0.0
2026-08-17 09:00:00,광주,2,나우캐스트,72.27783203125,60.0,2,12.27783203125
2026-08-17 09:00:00,광주,2,ECMWF,56.0,60.0,12,4.0
2026-08-17 09:00:00,광주,2,GFS,42.0,60.0,0,18.0
2026-08-17 09:00:00,부산,2,나우캐스트,98.28387451171876,100.0,2,1.71612548828125
2026-08-17 09:00:00,부산,2,ECMWF,100.0,100.0,12,0.0
2026-08-17 09:00:00,부산,2,GFS,100.0,100.0,0,0.0
2026-08-17 09:00:00,인천,2,나우캐스트,96.95304870605467,80.0,2,16.953048706054688
2026-08-17 09:00:00,인천,2,ECMWF,54.0,80.0,12,26.0
2026-08-17 09:00:00,인천,2,GFS,100.0,80.0,0,20.0
2026-08-17 09:00:00,수원,2,나우캐스트,98.10118865966795,80.0,2,18.10118865966797
2026-08-17 09:00:00,수원,2,ECMWF,87.0,80.0,12,7.0
2026-08-17 09:00:00,수원,2,GFS,100.0,80.0,0,20.0
2026-08-17 09:00:00,전주,2,나우캐스트,75.69316864013672,70.0,2,5.693168640136719
2026-08-17 09:00:00,전주,2,ECMWF,45.0,70.0,12,25.0
2026-08-17 09:00:00,전주,2,GFS,38.0,70.0,0,32.0
2026-08-17 09:00:00,강릉,2,나우캐스트,92.63533782958984,80.0,2,12.635337829589844
2026-08-17 09:00:00,강릉,2,ECMWF,71.0,80.0,12,9.0
2026-08-17 09:00:00,강릉,2,GFS,98.0,80.0,0,18.0
2026-08-17 09:00:00,제주,2,나우캐스트,62.4603385925293,60.0,2,2.460338592529297
2026-08-17 09:00:00,제주,2,ECMWF,38.0,60.0,12,22.0
2026-08-17 09:00:00,제주,2,GFS,25.0,60.0,0,35.0
2026-08-17 12:00:00,서울,5,나우캐스트,95.03410339355467,90.0,5,5.034103393554688
2026-08-17 12:00:00,서울,5,ECMWF,100.0,90.0,15,10.0
2026-08-17 12:00:00,서울,5,GFS,100.0,90.0,3,10.0
2026-08-17 12:00:00,대전,5,나우캐스트,90.3617172241211,100.0,5,9.638282775878906
2026-08-17 12:00:00,대전,5,ECMWF,52.0,100.0,15,48.0
2026-08-17 12:00:00,대전,5,GFS,53.0,100.0,3,47.0
2026-08-17 12:00:00,대구,5,나우캐스트,89.1666488647461,80.0,5,9.166648864746094
2026-08-17 12:00:00,대구,5,ECMWF,98.0,80.0,15,18.0
2026-08-17 12:00:00,대구,5,GFS,100.0,80.0,3,20.0
2026-08-17 12:00:00,광주,5,나우캐스트,66.1300048828125,90.0,5,23.8699951171875
2026-08-17 12:00:00,광주,5,ECMWF,100.0,90.0,15,10.0
2026-08-17 12:00:00,광주,5,GFS,36.0,90.0,3,54.0
2026-08-17 12:00:00,부산,5,나우캐스트,92.4952163696289,100.0,5,7.504783630371094
2026-08-17 12:00:00,부산,5,ECMWF,98.0,100.0,15,2.0
2026-08-17 12:00:00,부산,5,GFS,100.0,100.0,3,0.0
2026-08-17 12:00:00,인천,5,나우캐스트,93.63246154785156,80.0,5,13.632461547851562
2026-08-17 12:00:00,인천,5,ECMWF,98.0,80.0,15,18.0
2026-08-17 12:00:00,인천,5,GFS,100.0,80.0,3,20.0
2026-08-17 12:00:00,수원,5,나우캐스트,95.70965576171876,90.0,5,5.70965576171875
2026-08-17 12:00:00,수원,5,ECMWF,100.0,90.0,15,10.0
2026-08-17 12:00:00,수원,5,GFS,70.0,90.0,3,20.0
2026-08-17 12:00:00,전주,5,나우캐스트,69.46188354492188,80.0,5,10.538116455078123
2026-08-17 12:00:00,전주,5,ECMWF,100.0,80.0,15,20.0
2026-08-17 12:00:00,전주,5,GFS,53.0,80.0,3,27.0
2026-08-17 12:00:00,강릉,5,나우캐스트,91.74169921875,70.0,5,21.74169921875
2026-08-17 12:00:00,강릉,5,ECMWF,48.0,70.0,15,22.0
2026-08-17 12:00:00,강릉,5,GFS,39.0,70.0,3,31.0
2026-08-17 12:00:00,제주,5,나우캐스트,73.7669448852539,70.0,5,3.766944885253906
2026-08-17 12:00:00,제주,5,ECMWF,84.0,70.0,15,14.0
2026-08-17 12:00:00,제주,5,GFS,44.0,70.0,3,26.0
2026-08-17 09:00:00,서울,1,나우캐스트,99.34561157226562,90.0,1,9.345611572265623
2026-08-17 09:00:00,서울,1,ECMWF,60.0,90.0,12,30.0
2026-08-17 09:00:00,서울,1,GFS,100.0,90.0,0,10.0
2026-08-17 09:00:00,대전,1,나우캐스트,84.13190460205078,70.0,1,14.13190460205078
2026-08-17 09:00:00,대전,1,ECMWF,36.0,70.0,12,34.0
2026-08-17 09:00:00,대전,1,GFS,76.0,70.0,0,6.0
2026-08-17 09:00:00,대구,1,나우캐스트,89.62982177734375,100.0,1,10.37017822265625
2026-08-17 09:00:00,대구,1,ECMWF,100.0,100.0,12,0.0
2026-08-17 09:00:00,대구,1,GFS,100.0,100.0,0,0.0
2026-08-17 09:00:00,광주,1,나우캐스트,95.86387634277344,60.0,1,35.86387634277344
2026-08-17 09:00:00,광주,1,ECMWF,56.0,60.0,12,4.0
2026-08-17 09:00:00,광주,1,GFS,42.0,60.0,0,18.0
2026-08-17 09:00:00,부산,1,나우캐스트,97.5854034423828,100.0,1,2.4145965576171875
2026-08-17 09:00:00,부산,1,ECMWF,100.0,100.0,12,0.0
2026-08-17 09:00:00,부산,1,GFS,100.0,100.0,0,0.0
2026-08-17 09:00:00,인천,1,나우캐스트,98.26421356201172,80.0,1,18.26421356201172
2026-08-17 09:00:00,인천,1,ECMWF,54.0,80.0,12,26.0
2026-08-17 09:00:00,인천,1,GFS,100.0,80.0,0,20.0
2026-08-17 09:00:00,수원,1,나우캐스트,98.8114013671875,80.0,1,18.8114013671875
2026-08-17 09:00:00,수원,1,ECMWF,87.0,80.0,12,7.0
2026-08-17 09:00:00,수원,1,GFS,100.0,80.0,0,20.0
2026-08-17 09:00:00,전주,1,나우캐스트,83.55596160888672,70.0,1,13.55596160888672
2026-08-17 09:00:00,전주,1,ECMWF,45.0,70.0,12,25.0
2026-08-17 09:00:00,전주,1,GFS,38.0,70.0,0,32.0
2026-08-17 09:00:00,강릉,1,나우캐스트,80.11262512207031,80.0,1,0.1126251220703125
2026-08-17 09:00:00,강릉,1,ECMWF,71.0,80.0,12,9.0
2026-08-17 09:00:00,강릉,1,GFS,98.0,80.0,0,18.0
2026-08-17 09:00:00,제주,1,나우캐스트,91.09368896484376,60.0,1,31.09368896484375
2026-08-17 09:00:00,제주,1,ECMWF,38.0,60.0,12,22.0
2026-08-17 09:00:00,제주,1,GFS,25.0,60.0,0,35.0
2026-08-17 12:00:00,서울,4,나우캐스트,96.56226348876952,90.0,4,6.562263488769531
2026-08-17 12:00:00,서울,4,ECMWF,100.0,90.0,15,10.0
2026-08-17 12:00:00,서울,4,GFS,100.0,90.0,3,10.0
2026-08-17 12:00:00,대전,4,나우캐스트,88.2286605834961,100.0,4,11.771339416503906
2026-08-17 12:00:00,대전,4,ECMWF,52.0,100.0,15,48.0
2026-08-17 12:00:00,대전,4,GFS,53.0,100.0,3,47.0
2026-08-17 12:00:00,대구,4,나우캐스트,90.89612579345705,80.0,4,10.896125793457031
2026-08-17 12:00:00,대구,4,ECMWF,98.0,80.0,15,18.0
2026-08-17 12:00:00,대구,4,GFS,100.0,80.0,3,20.0
2026-08-17 12:00:00,광주,4,나우캐스트,77.96839904785156,90.0,4,12.031600952148438
2026-08-17 12:00:00,광주,4,ECMWF,100.0,90.0,15,10.0
2026-08-17 12:00:00,광주,4,GFS,36.0,90.0,3,54.0
2026-08-17 12:00:00,부산,4,나우캐스트,94.46319580078124,100.0,4,5.53680419921875
2026-08-17 12:00:00,부산,4,ECMWF,98.0,100.0,15,2.0
2026-08-17 12:00:00,부산,4,GFS,100.0,100.0,3,0.0
2026-08-17 12:00:00,인천,4,나우캐스트,93.62397003173828,80.0,4,13.62397003173828
2026-08-17 12:00:00,인천,4,ECMWF,98.0,80.0,15,18.0
2026-08-17 12:00:00,인천,4,GFS,100.0,80.0,3,20.0
2026-08-17 12:00:00,수원,4,나우캐스트,94.73277282714844,90.0,4,4.7327728271484375
2026-08-17 12:00:00,수원,4,ECMWF,100.0,90.0,15,10.0
2026-08-17 12:00:00,수원,4,GFS,70.0,90.0,3,20.0
2026-08-17 12:00:00,전주,4,나우캐스트,77.70276641845703,80.0,4,2.2972335815429688
2026-08-17 12:00:00,전주,4,ECMWF,100.0,80.0,15,20.0
2026-08-17 12:00:00,전주,4,GFS,53.0,80.0,3,27.0
2026-08-17 12:00:00,강릉,4,나우캐스트,93.47626495361328,70.0,4,23.47626495361328
2026-08-17 12:00:00,강릉,4,ECMWF,48.0,70.0,15,22.0
2026-08-17 12:00:00,강릉,4,GFS,39.0,70.0,3,31.0
2026-08-17 12:00:00,제주,4,나우캐스트,78.01671600341797,70.0,4,8.016716003417969
2026-08-17 12:00:00,제주,4,ECMWF,84.0,70.0,15,14.0
2026-08-17 12:00:00,제주,4,GFS,44.0,70.0,3,26.0
2026-08-17 12:00:00,서울,3,나우캐스트,96.8653335571289,90.0,3,6.865333557128906
2026-08-17 12:00:00,서울,3,ECMWF,100.0,90.0,15,10.0
2026-08-17 12:00:00,서울,3,GFS,100.0,90.0,3,10.0
2026-08-17 12:00:00,대전,3,나우캐스트,91.37728881835938,100.0,3,8.622711181640625
2026-08-17 12:00:00,대전,3,ECMWF,52.0,100.0,15,48.0
2026-08-17 12:00:00,대전,3,GFS,53.0,100.0,3,47.0
2026-08-17 12:00:00,대구,3,나우캐스트,94.52833557128906,80.0,3,14.528335571289062
2026-08-17 12:00:00,대구,3,ECMWF,98.0,80.0,15,18.0
2026-08-17 12:00:00,대구,3,GFS,100.0,80.0,3,20.0
2026-08-17 12:00:00,광주,3,나우캐스트,90.6986083984375,90.0,3,0.6986083984375
2026-08-17 12:00:00,광주,3,ECMWF,100.0,90.0,15,10.0
2026-08-17 12:00:00,광주,3,GFS,36.0,90.0,3,54.0
2026-08-17 12:00:00,부산,3,나우캐스트,95.1821060180664,100.0,3,4.817893981933594
2026-08-17 12:00:00,부산,3,ECMWF,98.0,100.0,15,2.0
2026-08-17 12:00:00,부산,3,GFS,100.0,100.0,3,0.0
2026-08-17 12:00:00,인천,3,나우캐스트,96.66817474365234,80.0,3,16.668174743652344
2026-08-17 12:00:00,인천,3,ECMWF,98.0,80.0,15,18.0
2026-08-17 12:00:00,인천,3,GFS,100.0,80.0,3,20.0
2026-08-17 12:00:00,수원,3,나우캐스트,96.0964584350586,90.0,3,6.096458435058594
2026-08-17 12:00:00,수원,3,ECMWF,100.0,90.0,15,10.0
2026-08-17 12:00:00,수원,3,GFS,70.0,90.0,3,20.0
2026-08-17 12:00:00,전주,3,나우캐스트,82.69602966308594,80.0,3,2.696029663085937
2026-08-17 12:00:00,전주,3,ECMWF,100.0,80.0,15,20.0
2026-08-17 12:00:00,전주,3,GFS,53.0,80.0,3,27.0
2026-08-17 12:00:00,강릉,3,나우캐스트,93.6965789794922,70.0,3,23.696578979492188
2026-08-17 12:00:00,강릉,3,ECMWF,48.0,70.0,15,22.0
2026-08-17 12:00:00,강릉,3,GFS,39.0,70.0,3,31.0
2026-08-17 12:00:00,제주,3,나우캐스트,65.330078125,70.0,3,4.669921875
2026-08-17 12:00:00,제주,3,ECMWF,84.0,70.0,15,14.0
2026-08-17 12:00:00,제주,3,GFS,44.0,70.0,3,26.0
2026-08-17 15:00:00,서울,6,나우캐스트,92.8231201171875,90.0,6,2.8231201171875
2026-08-17 15:00:00,서울,6,ECMWF,75.0,90.0,18,15.0
2026-08-17 15:00:00,서울,6,GFS,55.0,90.0,6,35.0
2026-08-17 15:00:00,대전,6,나우캐스트,87.67447662353516,80.0,6,7.674476623535156
2026-08-17 15:00:00,대전,6,ECMWF,83.0,80.0,18,3.0
2026-08-17 15:00:00,대전,6,GFS,46.0,80.0,6,34.0
2026-08-17 15:00:00,대구,6,나우캐스트,92.8558349609375,100.0,6,7.1441650390625
2026-08-17 15:00:00,대구,6,ECMWF,90.0,100.0,18,10.0
2026-08-17 15:00:00,대구,6,GFS,100.0,100.0,6,0.0
2026-08-17 15:00:00,광주,6,나우캐스트,68.23866271972656,90.0,6,21.76133728027344
2026-08-17 15:00:00,광주,6,ECMWF,99.0,90.0,18,9.0
2026-08-17 15:00:00,광주,6,GFS,23.0,90.0,6,67.0
2026-08-17 15:00:00,부산,6,나우캐스트,87.00912475585938,100.0,6,12.990875244140623
2026-08-17 15:00:00,부산,6,ECMWF,99.0,100.0,18,1.0
2026-08-17 15:00:00,부산,6,GFS,100.0,100.0,6,0.0
2026-08-17 15:00:00,인천,6,나우캐스트,91.8009796142578,90.0,6,1.8009796142578125
2026-08-17 15:00:00,인천,6,ECMWF,27.0,90.0,18,63.0
2026-08-17 15:00:00,인천,6,GFS,37.0,90.0,6,53.0
2026-08-17 15:00:00,수원,6,나우캐스트,92.6952667236328,100.0,6,7.3047332763671875
2026-08-17 15:00:00,수원,6,ECMWF,45.0,100.0,18,55.0
2026-08-17 15:00:00,수원,6,GFS,67.0,100.0,6,33.0
2026-08-17 15:00:00,전주,6,나우캐스트,68.42827606201172,60.0,6,8.428276062011719
2026-08-17 15:00:00,전주,6,ECMWF,43.0,60.0,18,17.0
2026-08-17 15:00:00,전주,6,GFS,34.0,60.0,6,26.0
2026-08-17 15:00:00,강릉,6,나우캐스트,94.11600494384766,80.0,6,14.116004943847656
2026-08-17 15:00:00,강릉,6,ECMWF,98.0,80.0,18,18.0
2026-08-17 15:00:00,강릉,6,GFS,46.0,80.0,6,34.0
2026-08-17 15:00:00,제주,6,나우캐스트,49.28050994873047,60.0,6,10.719490051269531
2026-08-17 15:00:00,제주,6,ECMWF,67.0,60.0,18,7.0
2026-08-17 15:00:00,제주,6,GFS,44.0,60.0,6,16.0
2026-08-17 12:00:00,서울,2,나우캐스트,95.11031341552734,90.0,2,5.110313415527344
2026-08-17 12:00:00,서울,2,ECMWF,100.0,90.0,15,10.0
2026-08-17 12:00:00,서울,2,GFS,100.0,90.0,3,10.0
2026-08-17 12:00:00,대전,2,나우캐스트,97.04908752441406,100.0,2,2.950912475585937
2026-08-17 12:00:00,대전,2,ECMWF,52.0,100.0,15,48.0
2026-08-17 12:00:00,대전,2,GFS,53.0,100.0,3,47.0
2026-08-17 12:00:00,대구,2,나우캐스트,96.82997131347656,80.0,2,16.829971313476562
2026-08-17 12:00:00,대구,2,ECMWF,98.0,80.0,15,18.0
2026-08-17 12:00:00,대구,2,GFS,100.0,80.0,3,20.0
2026-08-17 12:00:00,광주,2,나우캐스트,97.45658111572266,90.0,2,7.456581115722656
2026-08-17 12:00:00,광주,2,ECMWF,100.0,90.0,15,10.0
2026-08-17 12:00:00,광주,2,GFS,36.0,90.0,3,54.0
2026-08-17 12:00:00,부산,2,나우캐스트,96.97866821289062,100.0,2,3.021331787109375
2026-08-17 12:00:00,부산,2,ECMWF,98.0,100.0,15,2.0
2026-08-17 12:00:00,부산,2,GFS,100.0,100.0,3,0.0
2026-08-17 12:00:00,인천,2,나우캐스트,95.08728790283205,80.0,2,15.087287902832031
2026-08-17 12:00:00,인천,2,ECMWF,98.0,80.0,15,18.0
2026-08-17 12:00:00,인천,2,GFS,100.0,80.0,3,20.0
2026-08-17 12:00:00,수원,2,나우캐스트,97.467041015625,90.0,2,7.467041015625
2026-08-17 12:00:00,수원,2,ECMWF,100.0,90.0,15,10.0
2026-08-17 12:00:00,수원,2,GFS,70.0,90.0,3,20.0
2026-08-17 12:00:00,전주,2,나우캐스트,96.72907257080078,80.0,2,16.72907257080078
2026-08-17 12:00:00,전주,2,ECMWF,100.0,80.0,15,20.0
2026-08-17 12:00:00,전주,2,GFS,53.0,80.0,3,27.0
2026-08-17 12:00:00,강릉,2,나우캐스트,98.09034729003906,70.0,2,28.090347290039062
2026-08-17 12:00:00,강릉,2,ECMWF,48.0,70.0,15,22.0
2026-08-17 12:00:00,강릉,2,GFS,39.0,70.0,3,31.0
2026-08-17 12:00:00,제주,2,나우캐스트,44.03520965576172,70.0,2,25.96479034423828
2026-08-17 12:00:00,제주,2,ECMWF,84.0,70.0,15,14.0
2026-08-17 12:00:00,제주,2,GFS,44.0,70.0,3,26.0
2026-08-17 15:00:00,서울,5,나우캐스트,95.50119018554688,90.0,5,5.501190185546875
2026-08-17 15:00:00,서울,5,ECMWF,75.0,90.0,18,15.0
2026-08-17 15:00:00,서울,5,GFS,55.0,90.0,6,35.0
2026-08-17 15:00:00,대전,5,나우캐스트,93.2927703857422,80.0,5,13.292770385742188
2026-08-17 15:00:00,대전,5,ECMWF,83.0,80.0,18,3.0
2026-08-17 15:00:00,대전,5,GFS,46.0,80.0,6,34.0
2026-08-17 15:00:00,대구,5,나우캐스트,96.80511474609376,100.0,5,3.19488525390625
2026-08-17 15:00:00,대구,5,ECMWF,90.0,100.0,18,10.0
2026-08-17 15:00:00,대구,5,GFS,100.0,100.0,6,0.0
2026-08-17 15:00:00,광주,5,나우캐스트,89.9169921875,90.0,5,0.0830078125
2026-08-17 15:00:00,광주,5,ECMWF,99.0,90.0,18,9.0
2026-08-17 15:00:00,광주,5,GFS,23.0,90.0,6,67.0
2026-08-17 15:00:00,부산,5,나우캐스트,94.27709197998048,100.0,5,5.722908020019531
2026-08-17 15:00:00,부산,5,ECMWF,99.0,100.0,18,1.0
2026-08-17 15:00:00,부산,5,GFS,100.0,100.0,6,0.0
2026-08-17 15:00:00,인천,5,나우캐스트,94.65530395507812,90.0,5,4.655303955078125
2026-08-17 15:00:00,인천,5,ECMWF,27.0,90.0,18,63.0
2026-08-17 15:00:00,인천,5,GFS,37.0,90.0,6,53.0
2026-08-17 15:00:00,수원,5,나우캐스트,95.83290100097656,100.0,5,4.1670989990234375
2026-08-17 15:00:00,수원,5,ECMWF,45.0,100.0,18,55.0
2026-08-17 15:00:00,수원,5,GFS,67.0,100.0,6,33.0
2026-08-17 15:00:00,전주,5,나우캐스트,91.43462371826172,60.0,5,31.43462371826172
2026-08-17 15:00:00,전주,5,ECMWF,43.0,60.0,18,17.0
2026-08-17 15:00:00,전주,5,GFS,34.0,60.0,6,26.0
2026-08-17 15:00:00,강릉,5,나우캐스트,96.4479751586914,80.0,5,16.447975158691406
2026-08-17 15:00:00,강릉,5,ECMWF,98.0,80.0,18,18.0
2026-08-17 15:00:00,강릉,5,GFS,46.0,80.0,6,34.0
2026-08-17 15:00:00,제주,5,나우캐스트,59.36394500732422,60.0,5,0.6360549926757812
2026-08-17 15:00:00,제주,5,ECMWF,67.0,60.0,18,7.0
2026-08-17 15:00:00,제주,5,GFS,44.0,60.0,6,16.0
2026-08-17 12:00:00,서울,1,나우캐스트,98.60985565185548,90.0,1,8.609855651855469
2026-08-17 12:00:00,서울,1,ECMWF,100.0,90.0,15,10.0
2026-08-17 12:00:00,서울,1,GFS,100.0,90.0,3,10.0
2026-08-17 12:00:00,대전,1,나우캐스트,98.3623504638672,100.0,1,1.6376495361328125
2026-08-17 12:00:00,대전,1,ECMWF,52.0,100.0,15,48.0
2026-08-17 12:00:00,대전,1,GFS,53.0,100.0,3,47.0
2026-08-17 12:00:00,대구,1,나우캐스트,93.62612915039062,80.0,1,13.626129150390623
2026-08-17 12:00:00,대구,1,ECMWF,98.0,80.0,15,18.0
2026-08-17 12:00:00,대구,1,GFS,100.0,80.0,3,20.0
2026-08-17 12:00:00,광주,1,나우캐스트,99.10202026367188,90.0,1,9.102020263671877
2026-08-17 12:00:00,광주,1,ECMWF,100.0,90.0,15,10.0
2026-08-17 12:00:00,광주,1,GFS,36.0,90.0,3,54.0
2026-08-17 12:00:00,부산,1,나우캐스트,98.18067932128906,100.0,1,1.8193206787109373
2026-08-17 12:00:00,부산,1,ECMWF,98.0,100.0,15,2.0
2026-08-17 12:00:00,부산,1,GFS,100.0,100.0,3,0.0
2026-08-17 12:00:00,인천,1,나우캐스트,97.9628448486328,80.0,1,17.962844848632812
2026-08-17 12:00:00,인천,1,ECMWF,98.0,80.0,15,18.0
2026-08-17 12:00:00,인천,1,GFS,100.0,80.0,3,20.0
2026-08-17 12:00:00,수원,1,나우캐스트,99.4399642944336,90.0,1,9.439964294433594
2026-08-17 12:00:00,수원,1,ECMWF,100.0,90.0,15,10.0
2026-08-17 12:00:00,수원,1,GFS,70.0,90.0,3,20.0
2026-08-17 12:00:00,전주,1,나우캐스트,91.31707000732422,80.0,1,11.31707000732422
2026-08-17 12:00:00,전주,1,ECMWF,100.0,80.0,15,20.0
2026-08-17 12:00:00,전주,1,GFS,53.0,80.0,3,27.0
2026-08-17 12:00:00,강릉,1,나우캐스트,97.0331573486328,70.0,1,27.03315734863281
2026-08-17 12:00:00,강릉,1,ECMWF,48.0,70.0,15,22.0
2026-08-17 12:00:00,강릉,1,GFS,39.0,70.0,3,31.0
2026-08-17 12:00:00,제주,1,나우캐스트,75.35662841796875,70.0,1,5.35662841796875
2026-08-17 12:00:00,제주,1,ECMWF,84.0,70.0,15,14.0
2026-08-17 12:00:00,제주,1,GFS,44.0,70.0,3,26.0
2026-08-17 15:00:00,서울,4,나우캐스트,96.63406372070312,90.0,4,6.634063720703125
2026-08-17 15:00:00,서울,4,ECMWF,75.0,90.0,18,15.0
2026-08-17 15:00:00,서울,4,GFS,55.0,90.0,6,35.0
2026-08-17 15:00:00,대전,4,나우캐스트,95.48118591308594,80.0,4,15.481185913085938
2026-08-17 15:00:00,대전,4,ECMWF,83.0,80.0,18,3.0
2026-08-17 15:00:00,대전,4,GFS,46.0,80.0,6,34.0
2026-08-17 15:00:00,대구,4,나우캐스트,97.72225189208984,100.0,4,2.277748107910156
2026-08-17 15:00:00,대구,4,ECMWF,90.0,100.0,18,10.0
2026-08-17 15:00:00,대구,4,GFS,100.0,100.0,6,0.0
2026-08-17 15:00:00,광주,4,나우캐스트,90.20489501953124,90.0,4,0.20489501953125
2026-08-17 15:00:00,광주,4,ECMWF,99.0,90.0,18,9.0
2026-08-17 15:00:00,광주,4,GFS,23.0,90.0,6,67.0
2026-08-17 15:00:00,부산,4,나우캐스트,95.58522033691406,100.0,4,4.4147796630859375
2026-08-17 15:00:00,부산,4,ECMWF,99.0,100.0,18,1.0
2026-08-17 15:00:00,부산,4,GFS,100.0,100.0,6,0.0
2026-08-17 15:00:00,인천,4,나우캐스트,94.01676940917967,90.0,4,4.016769409179688
2026-08-17 15:00:00,인천,4,ECMWF,27.0,90.0,18,63.0
2026-08-17 15:00:00,인천,4,GFS,37.0,90.0,6,53.0
2026-08-17 15:00:00,수원,4,나우캐스트,97.52204132080078,100.0,4,2.4779586791992188
2026-08-17 15:00:00,수원,4,ECMWF,45.0,100.0,18,55.0
2026-08-17 15:00:00,수원,4,GFS,67.0,100.0,6,33.0
2026-08-17 15:00:00,전주,4,나우캐스트,87.23602294921875,60.0,4,27.23602294921875
2026-08-17 15:00:00,전주,4,ECMWF,43.0,60.0,18,17.0
2026-08-17 15:00:00,전주,4,GFS,34.0,60.0,6,26.0
2026-08-17 15:00:00,강릉,4,나우캐스트,97.8183364868164,80.0,4,17.818336486816406
2026-08-17 15:00:00,강릉,4,ECMWF,98.0,80.0,18,18.0
2026-08-17 15:00:00,강릉,4,GFS,46.0,80.0,6,34.0
2026-08-17 15:00:00,제주,4,나우캐스트,49.63614273071289,60.0,4,10.36385726928711
2026-08-17 15:00:00,제주,4,ECMWF,67.0,60.0,18,7.0
2026-08-17 15:00:00,제주,4,GFS,44.0,60.0,6,16.0
2026-08-17 15:00:00,서울,3,나우캐스트,98.8482666015625,90.0,3,8.8482666015625
2026-08-17 15:00:00,서울,3,ECMWF,75.0,90.0,18,15.0
2026-08-17 15:00:00,서울,3,GFS,55.0,90.0,6,35.0
2026-08-17 15:00:00,대전,3,나우캐스트,97.60002136230467,80.0,3,17.600021362304688
2026-08-17 15:00:00,대전,3,ECMWF,83.0,80.0,18,3.0
2026-08-17 15:00:00,대전,3,GFS,46.0,80.0,6,34.0
2026-08-17 15:00:00,대구,3,나우캐스트,97.55756378173828,100.0,3,2.4424362182617188
2026-08-17 15:00:00,대구,3,ECMWF,90.0,100.0,18,10.0
2026-08-17 15:00:00,대구,3,GFS,100.0,100.0,6,0.0
2026-08-17 15:00:00,광주,3,나우캐스트,95.2845687866211,90.0,3,5.284568786621094
2026-08-17 15:00:00,광주,3,ECMWF,99.0,90.0,18,9.0
2026-08-17 15:00:00,광주,3,GFS,23.0,90.0,6,67.0
2026-08-17 15:00:00,부산,3,나우캐스트,94.48884582519533,100.0,3,5.511154174804688
2026-08-17 15:00:00,부산,3,ECMWF,99.0,100.0,18,1.0
2026-08-17 15:00:00,부산,3,GFS,100.0,100.0,6,0.0
2026-08-17 15:00:00,인천,3,나우캐스트,98.3837890625,90.0,3,8.3837890625
2026-08-17 15:00:00,인천,3,ECMWF,27.0,90.0,18,63.0
2026-08-17 15:00:00,인천,3,GFS,37.0,90.0,6,53.0
2026-08-17 15:00:00,수원,3,나우캐스트,98.7373275756836,100.0,3,1.2626724243164062
2026-08-17 15:00:00,수원,3,ECMWF,45.0,100.0,18,55.0
2026-08-17 15:00:00,수원,3,GFS,67.0,100.0,6,33.0
2026-08-17 15:00:00,전주,3,나우캐스트,92.80271911621094,60.0,3,32.80271911621094
2026-08-17 15:00:00,전주,3,ECMWF,43.0,60.0,18,17.0
2026-08-17 15:00:00,전주,3,GFS,34.0,60.0,6,26.0
2026-08-17 15:00:00,강릉,3,나우캐스트,98.56128692626952,80.0,3,18.56128692626953
2026-08-17 15:00:00,강릉,3,ECMWF,98.0,80.0,18,18.0
2026-08-17 15:00:00,강릉,3,GFS,46.0,80.0,6,34.0
2026-08-17 15:00:00,제주,3,나우캐스트,70.61094665527344,60.0,3,10.610946655273438
2026-08-17 15:00:00,제주,3,ECMWF,67.0,60.0,18,7.0
2026-08-17 15:00:00,제주,3,GFS,44.0,60.0,6,16.0
2026-08-17 18:00:00,서울,6,나우캐스트,95.87338256835938,80.0,6,15.873382568359377
2026-08-17 18:00:00,서울,6,ECMWF,39.0,80.0,21,41.0
2026-08-17 18:00:00,서울,6,GFS,37.0,80.0,9,43.0
2026-08-17 18:00:00,대전,6,나우캐스트,87.36852264404297,100.0,6,12.631477355957031
2026-08-17 18:00:00,대전,6,ECMWF,59.0,100.0,21,41.0
2026-08-17 18:00:00,대전,6,GFS,2.0,100.0,9,98.0
2026-08-17 18:00:00,대구,6,나우캐스트,92.8923568725586,100.0,6,7.107643127441406
2026-08-17 18:00:00,대구,6,ECMWF,82.0,100.0,21,18.0
2026-08-17 18:00:00,대구,6,GFS,100.0,100.0,9,0.0
2026-08-17 18:00:00,광주,6,나우캐스트,87.47367095947266,50.0,6,37.473670959472656
2026-08-17 18:00:00,광주,6,ECMWF,62.0,50.0,21,12.0
2026-08-17 18:00:00,광주,6,GFS,32.0,50.0,9,18.0
2026-08-17 18:00:00,부산,6,나우캐스트,92.94871520996094,100.0,6,7.051284790039063
2026-08-17 18:00:00,부산,6,ECMWF,25.0,100.0,21,75.0
2026-08-17 18:00:00,부산,6,GFS,40.0,100.0,9,60.0
2026-08-17 18:00:00,인천,6,나우캐스트,90.64228057861328,50.0,6,40.64228057861328
2026-08-17 18:00:00,인천,6,ECMWF,16.0,50.0,21,34.0
2026-08-17 18:00:00,인천,6,GFS,20.0,50.0,9,30.0
2026-08-17 18:00:00,수원,6,나우캐스트,95.67512512207033,60.0,6,35.67512512207031
2026-08-17 18:00:00,수원,6,ECMWF,10.0,60.0,21,50.0
2026-08-17 18:00:00,수원,6,GFS,10.0,60.0,9,50.0
2026-08-17 18:00:00,전주,6,나우캐스트,72.65668487548828,100.0,6,27.34331512451172
2026-08-17 18:00:00,전주,6,ECMWF,31.0,100.0,21,69.0
2026-08-17 18:00:00,전주,6,GFS,1.0,100.0,9,99.0
2026-08-17 18:00:00,강릉,6,나우캐스트,96.463134765625,80.0,6,16.463134765625
2026-08-17 18:00:00,강릉,6,ECMWF,46.0,80.0,21,34.0
2026-08-17 18:00:00,강릉,6,GFS,15.0,80.0,9,65.0
2026-08-17 18:00:00,제주,6,나우캐스트,54.79826354980469,50.0,6,4.798263549804688
2026-08-17 18:00:00,제주,6,ECMWF,48.0,50.0,21,2.0
2026-08-17 18:00:00,제주,6,GFS,41.0,50.0,9,9.0
2026-08-17 15:00:00,서울,2,나우캐스트,99.48654174804688,90.0,2,9.486541748046877
2026-08-17 15:00:00,서울,2,ECMWF,75.0,90.0,18,15.0
2026-08-17 15:00:00,서울,2,GFS,55.0,90.0,6,35.0
2026-08-17 15:00:00,대전,2,나우캐스트,97.83074951171876,80.0,2,17.83074951171875
2026-08-17 15:00:00,대전,2,ECMWF,83.0,80.0,18,3.0
2026-08-17 15:00:00,대전,2,GFS,46.0,80.0,6,34.0
2026-08-17 15:00:00,대구,2,나우캐스트,95.40196228027344,100.0,2,4.5980377197265625
2026-08-17 15:00:00,대구,2,ECMWF,90.0,100.0,18,10.0
2026-08-17 15:00:00,대구,2,GFS,100.0,100.0,6,0.0
2026-08-17 15:00:00,광주,2,나우캐스트,98.14010620117188,90.0,2,8.140106201171875
2026-08-17 15:00:00,광주,2,ECMWF,99.0,90.0,18,9.0
2026-08-17 15:00:00,광주,2,GFS,23.0,90.0,6,67.0
2026-08-17 15:00:00,부산,2,나우캐스트,95.4881591796875,100.0,2,4.5118408203125
2026-08-17 15:00:00,부산,2,ECMWF,99.0,100.0,18,1.0
2026-08-17 15:00:00,부산,2,GFS,100.0,100.0,6,0.0
2026-08-17 15:00:00,인천,2,나우캐스트,99.21101379394533,90.0,2,9.211013793945312
2026-08-17 15:00:00,인천,2,ECMWF,27.0,90.0,18,63.0
2026-08-17 15:00:00,인천,2,GFS,37.0,90.0,6,53.0
2026-08-17 15:00:00,수원,2,나우캐스트,99.43435668945312,100.0,2,0.565643310546875
2026-08-17 15:00:00,수원,2,ECMWF,45.0,100.0,18,55.0
2026-08-17 15:00:00,수원,2,GFS,67.0,100.0,6,33.0
2026-08-17 15:00:00,전주,2,나우캐스트,90.197998046875,60.0,2,30.197998046875
2026-08-17 15:00:00,전주,2,ECMWF,43.0,60.0,18,17.0
2026-08-17 15:00:00,전주,2,GFS,34.0,60.0,6,26.0
2026-08-17 15:00:00,강릉,2,나우캐스트,99.12686157226562,80.0,2,19.126861572265625
2026-08-17 15:00:00,강릉,2,ECMWF,98.0,80.0,18,18.0
2026-08-17 15:00:00,강릉,2,GFS,46.0,80.0,6,34.0
2026-08-17 15:00:00,제주,2,나우캐스트,87.21270751953125,60.0,2,27.21270751953125
2026-08-17 15:00:00,제주,2,ECMWF,67.0,60.0,18,7.0
2026-08-17 15:00:00,제주,2,GFS,44.0,60.0,6,16.0
2026-08-17 18:00:00,서울,5,나우캐스트,96.5985107421875,80.0,5,16.5985107421875
2026-08-17 18:00:00,서울,5,ECMWF,39.0,80.0,21,41.0
2026-08-17 18:00:00,서울,5,GFS,37.0,80.0,9,43.0
2026-08-17 18:00:00,대전,5,나우캐스트,93.63538360595705,100.0,5,6.364616394042969
2026-08-17 18:00:00,대전,5,ECMWF,59.0,100.0,21,41.0
2026-08-17 18:00:00,대전,5,GFS,2.0,100.0,9,98.0
2026-08-17 18:00:00,대구,5,나우캐스트,95.22079467773438,100.0,5,4.779205322265625
2026-08-17 18:00:00,대구,5,ECMWF,82.0,100.0,21,18.0
2026-08-17 18:00:00,대구,5,GFS,100.0,100.0,9,0.0
2026-08-17 18:00:00,광주,5,나우캐스트,95.379150390625,50.0,5,45.379150390625
2026-08-17 18:00:00,광주,5,ECMWF,62.0,50.0,21,12.0
2026-08-17 18:00:00,광주,5,GFS,32.0,50.0,9,18.0
2026-08-17 18:00:00,부산,5,나우캐스트,94.7424545288086,100.0,5,5.257545471191406
2026-08-17 18:00:00,부산,5,ECMWF,25.0,100.0,21,75.0
2026-08-17 18:00:00,부산,5,GFS,40.0,100.0,9,60.0
2026-08-17 18:00:00,인천,5,나우캐스트,89.6439208984375,50.0,5,39.6439208984375
2026-08-17 18:00:00,인천,5,ECMWF,16.0,50.0,21,34.0
2026-08-17 18:00:00,인천,5,GFS,20.0,50.0,9,30.0
2026-08-17 18:00:00,수원,5,나우캐스트,95.75643920898438,60.0,5,35.756439208984375
2026-08-17 18:00:00,수원,5,ECMWF,10.0,60.0,21,50.0
2026-08-17 18:00:00,수원,5,GFS,10.0,60.0,9,50.0
2026-08-17 18:00:00,전주,5,나우캐스트,84.10741424560547,100.0,5,15.892585754394531
2026-08-17 18:00:00,전주,5,ECMWF,31.0,100.0,21,69.0
2026-08-17 18:00:00,전주,5,GFS,1.0,100.0,9,99.0
2026-08-17 18:00:00,강릉,5,나우캐스트,97.34683990478516,80.0,5,17.346839904785156
2026-08-17 18:00:00,강릉,5,ECMWF,46.0,80.0,21,34.0
2026-08-17 18:00:00,강릉,5,GFS,15.0,80.0,9,65.0
2026-08-17 18:00:00,제주,5,나우캐스트,62.79026794433594,50.0,5,12.790267944335938
2026-08-17 18:00:00,제주,5,ECMWF,48.0,50.0,21,2.0
2026-08-17 18:00:00,제주,5,GFS,41.0,50.0,9,9.0
2026-08-17 15:00:00,서울,1,나우캐스트,99.58731079101562,90.0,1,9.587310791015623
2026-08-17 15:00:00,서울,1,ECMWF,75.0,90.0,18,15.0
2026-08-17 15:00:00,서울,1,GFS,55.0,90.0,6,35.0
2026-08-17 15:00:00,대전,1,나우캐스트,98.18900299072266,80.0,1,18.189002990722656
2026-08-17 15:00:00,대전,1,ECMWF,83.0,80.0,18,3.0
2026-08-17 15:00:00,대전,1,GFS,46.0,80.0,6,34.0
2026-08-17 15:00:00,대구,1,나우캐스트,97.74136352539062,100.0,1,2.258636474609375
2026-08-17 15:00:00,대구,1,ECMWF,90.0,100.0,18,10.0
2026-08-17 15:00:00,대구,1,GFS,100.0,100.0,6,0.0
2026-08-17 15:00:00,광주,1,나우캐스트,97.24952697753906,90.0,1,7.2495269775390625
2026-08-17 15:00:00,광주,1,ECMWF,99.0,90.0,18,9.0
2026-08-17 15:00:00,광주,1,GFS,23.0,90.0,6,67.0
2026-08-17 15:00:00,부산,1,나우캐스트,96.1313018798828,100.0,1,3.868698120117188
2026-08-17 15:00:00,부산,1,ECMWF,99.0,100.0,18,1.0
2026-08-17 15:00:00,부산,1,GFS,100.0,100.0,6,0.0
2026-08-17 15:00:00,인천,1,나우캐스트,99.22491455078124,90.0,1,9.22491455078125
2026-08-17 15:00:00,인천,1,ECMWF,27.0,90.0,18,63.0
2026-08-17 15:00:00,인천,1,GFS,37.0,90.0,6,53.0
2026-08-17 15:00:00,수원,1,나우캐스트,99.70359802246094,100.0,1,0.2964019775390625
2026-08-17 15:00:00,수원,1,ECMWF,45.0,100.0,18,55.0
2026-08-17 15:00:00,수원,1,GFS,67.0,100.0,6,33.0
2026-08-17 15:00:00,전주,1,나우캐스트,91.14613342285156,60.0,1,31.14613342285156
2026-08-17 15:00:00,전주,1,ECMWF,43.0,60.0,18,17.0
2026-08-17 15:00:00,전주,1,GFS,34.0,60.0,6,26.0
2026-08-17 15:00:00,강릉,1,나우캐스트,98.56047821044922,80.0,1,18.56047821044922
2026-08-17 15:00:00,강릉,1,ECMWF,98.0,80.0,18,18.0
2026-08-17 15:00:00,강릉,1,GFS,46.0,80.0,6,34.0
2026-08-17 15:00:00,제주,1,나우캐스트,90.83186340332033,60.0,1,30.831863403320312
2026-08-17 15:00:00,제주,1,ECMWF,67.0,60.0,18,7.0
2026-08-17 15:00:00,제주,1,GFS,44.0,60.0,6,16.0
2026-08-17 18:00:00,서울,4,나우캐스트,94.57440185546876,80.0,4,14.57440185546875
2026-08-17 18:00:00,서울,4,ECMWF,39.0,80.0,21,41.0
2026-08-17 18:00:00,서울,4,GFS,37.0,80.0,9,43.0
2026-08-17 18:00:00,대전,4,나우캐스트,93.69369506835938,100.0,4,6.306304931640625
2026-08-17 18:00:00,대전,4,ECMWF,59.0,100.0,21,41.0
2026-08-17 18:00:00,대전,4,GFS,2.0,100.0,9,98.0
2026-08-17 18:00:00,대구,4,나우캐스트,96.83724212646484,100.0,4,3.162757873535156
2026-08-17 18:00:00,대구,4,ECMWF,82.0,100.0,21,18.0
2026-08-17 18:00:00,대구,4,GFS,100.0,100.0,9,0.0
2026-08-17 18:00:00,광주,4,나우캐스트,92.21893310546876,50.0,4,42.21893310546875
2026-08-17 18:00:00,광주,4,ECMWF,62.0,50.0,21,12.0
2026-08-17 18:00:00,광주,4,GFS,32.0,50.0,9,18.0
2026-08-17 18:00:00,부산,4,나우캐스트,91.13954162597656,100.0,4,8.860458374023438
2026-08-17 18:00:00,부산,4,ECMWF,25.0,100.0,21,75.0
2026-08-17 18:00:00,부산,4,GFS,40.0,100.0,9,60.0
2026-08-17 18:00:00,인천,4,나우캐스트,84.92280578613281,50.0,4,34.92280578613281
2026-08-17 18:00:00,인천,4,ECMWF,16.0,50.0,21,34.0
2026-08-17 18:00:00,인천,4,GFS,20.0,50.0,9,30.0
2026-08-17 18:00:00,수원,4,나우캐스트,93.49656677246094,60.0,4,33.49656677246094
2026-08-17 18:00:00,수원,4,ECMWF,10.0,60.0,21,50.0
2026-08-17 18:00:00,수원,4,GFS,10.0,60.0,9,50.0
2026-08-17 18:00:00,전주,4,나우캐스트,89.3049087524414,100.0,4,10.695091247558594
2026-08-17 18:00:00,전주,4,ECMWF,31.0,100.0,21,69.0
2026-08-17 18:00:00,전주,4,GFS,1.0,100.0,9,99.0
2026-08-17 18:00:00,강릉,4,나우캐스트,97.81346130371094,80.0,4,17.813461303710938
2026-08-17 18:00:00,강릉,4,ECMWF,46.0,80.0,21,34.0
2026-08-17 18:00:00,강릉,4,GFS,15.0,80.0,9,65.0
2026-08-17 18:00:00,제주,4,나우캐스트,81.17436981201172,50.0,4,31.17436981201172
2026-08-17 18:00:00,제주,4,ECMWF,48.0,50.0,21,2.0
2026-08-17 18:00:00,제주,4,GFS,41.0,50.0,9,9.0
2026-08-17 18:00:00,서울,3,나우캐스트,92.1883773803711,80.0,3,12.188377380371094
2026-08-17 18:00:00,서울,3,ECMWF,39.0,80.0,21,41.0
2026-08-17 18:00:00,서울,3,GFS,37.0,80.0,9,43.0
2026-08-17 18:00:00,대전,3,나우캐스트,95.359375,100.0,3,4.640625
2026-08-17 18:00:00,대전,3,ECMWF,59.0,100.0,21,41.0
2026-08-17 18:00:00,대전,3,GFS,2.0,100.0,9,98.0
2026-08-17 18:00:00,대구,3,나우캐스트,92.57992553710938,100.0,3,7.420074462890625
2026-08-17 18:00:00,대구,3,ECMWF,82.0,100.0,21,18.0
2026-08-17 18:00:00,대구,3,GFS,100.0,100.0,9,0.0
2026-08-17 18:00:00,광주,3,나우캐스트,90.68865966796876,50.0,3,40.68865966796875
2026-08-17 18:00:00,광주,3,ECMWF,62.0,50.0,21,12.0
2026-08-17 18:00:00,광주,3,GFS,32.0,50.0,9,18.0
2026-08-17 18:00:00,부산,3,나우캐스트,93.83761596679688,100.0,3,6.162384033203125
2026-08-17 18:00:00,부산,3,ECMWF,25.0,100.0,21,75.0
2026-08-17 18:00:00,부산,3,GFS,40.0,100.0,9,60.0
2026-08-17 18:00:00,인천,3,나우캐스트,72.07324981689453,50.0,3,22.07324981689453
2026-08-17 18:00:00,인천,3,ECMWF,16.0,50.0,21,34.0
2026-08-17 18:00:00,인천,3,GFS,20.0,50.0,9,30.0
2026-08-17 18:00:00,수원,3,나우캐스트,88.93058776855469,60.0,3,28.930587768554688
2026-08-17 18:00:00,수원,3,ECMWF,10.0,60.0,21,50.0
2026-08-17 18:00:00,수원,3,GFS,10.0,60.0,9,50.0
2026-08-17 18:00:00,전주,3,나우캐스트,89.70416259765625,100.0,3,10.29583740234375
2026-08-17 18:00:00,전주,3,ECMWF,31.0,100.0,21,69.0
2026-08-17 18:00:00,전주,3,GFS,1.0,100.0,9,99.0
2026-08-17 18:00:00,강릉,3,나우캐스트,97.31771850585938,80.0,3,17.317718505859375
2026-08-17 18:00:00,강릉,3,ECMWF,46.0,80.0,21,34.0
2026-08-17 18:00:00,강릉,3,GFS,15.0,80.0,9,65.0
2026-08-17 18:00:00,제주,3,나우캐스트,83.03966522216797,50.0,3,33.03966522216797
2026-08-17 18:00:00,제주,3,ECMWF,48.0,50.0,21,2.0
2026-08-17 18:00:00,제주,3,GFS,41.0,50.0,9,9.0
2026-08-17 21:00:00,서울,6,나우캐스트,84.24691772460938,60.0,6,24.24691772460937
2026-08-17 21:00:00,서울,6,ECMWF,12.0,60.0,0,48.0
2026-08-17 21:00:00,서울,6,GFS,4.0,60.0,12,56.0
2026-08-17 21:00:00,대전,6,나우캐스트,85.48762512207031,50.0,6,35.48762512207031
2026-08-17 21:00:00,대전,6,ECMWF,70.0,50.0,0,20.0
2026-08-17 21:00:00,대전,6,GFS,100.0,50.0,12,50.0
2026-08-17 21:00:00,대구,6,나우캐스트,86.43161010742188,60.0,6,26.431610107421875
2026-08-17 21:00:00,대구,6,ECMWF,99.0,60.0,0,39.0
2026-08-17 21:00:00,대구,6,GFS,100.0,60.0,12,40.0
2026-08-17 21:00:00,광주,6,나우캐스트,81.15596008300781,100.0,6,18.844039916992188
2026-08-17 21:00:00,광주,6,ECMWF,27.0,100.0,0,73.0
2026-08-17 21:00:00,광주,6,GFS,100.0,100.0,12,0.0
2026-08-17 21:00:00,부산,6,나우캐스트,89.8197021484375,100.0,6,10.1802978515625
2026-08-17 21:00:00,부산,6,ECMWF,72.0,100.0,0,28.0
2026-08-17 21:00:00,부산,6,GFS,44.0,100.0,12,56.0
2026-08-17 21:00:00,인천,6,나우캐스트,66.04957580566406,10.0,6,56.04957580566406
2026-08-17 21:00:00,인천,6,ECMWF,20.0,10.0,0,10.0
2026-08-17 21:00:00,인천,6,GFS,1.0,10.0,12,9.0
2026-08-17 21:00:00,수원,6,나우캐스트,72.70562744140625,80.0,6,7.29437255859375
2026-08-17 21:00:00,수원,6,ECMWF,33.0,80.0,0,47.0
2026-08-17 21:00:00,수원,6,GFS,9.0,80.0,12,71.0
2026-08-17 21:00:00,전주,6,나우캐스트,75.21311950683594,40.0,6,35.21311950683594
2026-08-17 21:00:00,전주,6,ECMWF,80.0,40.0,0,40.0
2026-08-17 21:00:00,전주,6,GFS,88.0,40.0,12,48.0
2026-08-17 21:00:00,강릉,6,나우캐스트,94.28607177734376,90.0,6,4.28607177734375
2026-08-17 21:00:00,강릉,6,ECMWF,83.0,90.0,0,7.0
2026-08-17 21:00:00,강릉,6,GFS,50.0,90.0,12,40.0
2026-08-17 21:00:00,제주,6,나우캐스트,64.16022491455078,70.0,6,5.839775085449219
2026-08-17 21:00:00,제주,6,ECMWF,97.0,70.0,0,27.0
2026-08-17 21:00:00,제주,6,GFS,93.0,70.0,12,23.0
2026-08-17 18:00:00,서울,2,나우캐스트,97.8389129638672,80.0,2,17.838912963867188
2026-08-17 18:00:00,서울,2,ECMWF,39.0,80.0,21,41.0
2026-08-17 18:00:00,서울,2,GFS,37.0,80.0,9,43.0
2026-08-17 18:00:00,대전,2,나우캐스트,96.36517333984376,100.0,2,3.63482666015625
2026-08-17 18:00:00,대전,2,ECMWF,59.0,100.0,21,41.0
2026-08-17 18:00:00,대전,2,GFS,2.0,100.0,9,98.0
2026-08-17 18:00:00,대구,2,나우캐스트,98.36830139160156,100.0,2,1.6316986083984375
2026-08-17 18:00:00,대구,2,ECMWF,82.0,100.0,21,18.0
2026-08-17 18:00:00,대구,2,GFS,100.0,100.0,9,0.0
2026-08-17 18:00:00,광주,2,나우캐스트,76.93159484863281,50.0,2,26.93159484863281
2026-08-17 18:00:00,광주,2,ECMWF,62.0,50.0,21,12.0
2026-08-17 18:00:00,광주,2,GFS,32.0,50.0,9,18.0
2026-08-17 18:00:00,부산,2,나우캐스트,95.15879821777344,100.0,2,4.8412017822265625
2026-08-17 18:00:00,부산,2,ECMWF,25.0,100.0,21,75.0
2026-08-17 18:00:00,부산,2,GFS,40.0,100.0,9,60.0
2026-08-17 18:00:00,인천,2,나우캐스트,88.32653045654297,50.0,2,38.32653045654297
2026-08-17 18:00:00,인천,2,ECMWF,16.0,50.0,21,34.0
2026-08-17 18:00:00,인천,2,GFS,20.0,50.0,9,30.0
2026-08-17 18:00:00,수원,2,나우캐스트,97.08221435546876,60.0,2,37.08221435546875
2026-08-17 18:00:00,수원,2,ECMWF,10.0,60.0,21,50.0
2026-08-17 18:00:00,수원,2,GFS,10.0,60.0,9,50.0
2026-08-17 18:00:00,전주,2,나우캐스트,92.7230453491211,100.0,2,7.276954650878906
2026-08-17 18:00:00,전주,2,ECMWF,31.0,100.0,21,69.0
2026-08-17 18:00:00,전주,2,GFS,1.0,100.0,9,99.0
2026-08-17 18:00:00,강릉,2,나우캐스트,98.5128402709961,80.0,2,18.512840270996094
2026-08-17 18:00:00,강릉,2,ECMWF,46.0,80.0,21,34.0
2026-08-17 18:00:00,강릉,2,GFS,15.0,80.0,9,65.0
2026-08-17 18:00:00,제주,2,나우캐스트,84.16654968261719,50.0,2,34.16654968261719
2026-08-17 18:00:00,제주,2,ECMWF,48.0,50.0,21,2.0
2026-08-17 18:00:00,제주,2,GFS,41.0,50.0,9,9.0
2026-08-17 21:00:00,서울,5,나우캐스트,76.59622955322266,60.0,5,16.596229553222656
2026-08-17 21:00:00,서울,5,ECMWF,12.0,60.0,0,48.0
2026-08-17 21:00:00,서울,5,GFS,4.0,60.0,12,56.0
2026-08-17 21:00:00,대전,5,나우캐스트,87.40662384033203,50.0,5,37.40662384033203
2026-08-17 21:00:00,대전,5,ECMWF,70.0,50.0,0,20.0
2026-08-17 21:00:00,대전,5,GFS,100.0,50.0,12,50.0
2026-08-17 21:00:00,대구,5,나우캐스트,91.80096435546876,60.0,5,31.80096435546875
2026-08-17 21:00:00,대구,5,ECMWF,99.0,60.0,0,39.0
2026-08-17 21:00:00,대구,5,GFS,100.0,60.0,12,40.0
2026-08-17 21:00:00,광주,5,나우캐스트,49.83781814575195,100.0,5,50.16218185424805
2026-08-17 21:00:00,광주,5,ECMWF,27.0,100.0,0,73.0
2026-08-17 21:00:00,광주,5,GFS,100.0,100.0,12,0.0
2026-08-17 21:00:00,부산,5,나우캐스트,92.47992706298828,100.0,5,7.520072937011719
2026-08-17 21:00:00,부산,5,ECMWF,72.0,100.0,0,28.0
2026-08-17 21:00:00,부산,5,GFS,44.0,100.0,12,56.0
2026-08-17 21:00:00,인천,5,나우캐스트,42.23070907592773,10.0,5,32.230709075927734
2026-08-17 21:00:00,인천,5,ECMWF,20.0,10.0,0,10.0
2026-08-17 21:00:00,인천,5,GFS,1.0,10.0,12,9.0
2026-08-17 21:00:00,수원,5,나우캐스트,81.2362060546875,80.0,5,1.2362060546875
2026-08-17 21:00:00,수원,5,ECMWF,33.0,80.0,0,47.0
2026-08-17 21:00:00,수원,5,GFS,9.0,80.0,12,71.0
2026-08-17 21:00:00,전주,5,나우캐스트,81.48687744140625,40.0,5,41.48687744140625
2026-08-17 21:00:00,전주,5,ECMWF,80.0,40.0,0,40.0
2026-08-17 21:00:00,전주,5,GFS,88.0,40.0,12,48.0
2026-08-17 21:00:00,강릉,5,나우캐스트,97.50308227539062,90.0,5,7.503082275390625
2026-08-17 21:00:00,강릉,5,ECMWF,83.0,90.0,0,7.0
2026-08-17 21:00:00,강릉,5,GFS,50.0,90.0,12,40.0
2026-08-17 21:00:00,제주,5,나우캐스트,70.26766967773438,70.0,5,0.267669677734375
2026-08-17 21:00:00,제주,5,ECMWF,97.0,70.0,0,27.0
2026-08-17 21:00:00,제주,5,GFS,93.0,70.0,12,23.0
2026-08-17 18:00:00,서울,1,나우캐스트,96.63561248779295,80.0,1,16.63561248779297
2026-08-17 18:00:00,서울,1,ECMWF,39.0,80.0,21,41.0
2026-08-17 18:00:00,서울,1,GFS,37.0,80.0,9,43.0
2026-08-17 18:00:00,대전,1,나우캐스트,95.31353759765624,100.0,1,4.68646240234375
2026-08-17 18:00:00,대전,1,ECMWF,59.0,100.0,21,41.0
2026-08-17 18:00:00,대전,1,GFS,2.0,100.0,9,98.0
2026-08-17 18:00:00,대구,1,나우캐스트,99.40576934814452,100.0,1,0.5942306518554688
2026-08-17 18:00:00,대구,1,ECMWF,82.0,100.0,21,18.0
2026-08-17 18:00:00,대구,1,GFS,100.0,100.0,9,0.0
2026-08-17 18:00:00,광주,1,나우캐스트,43.664329528808594,50.0,1,6.335670471191406
2026-08-17 18:00:00,광주,1,ECMWF,62.0,50.0,21,12.0
2026-08-17 18:00:00,광주,1,GFS,32.0,50.0,9,18.0
2026-08-17 18:00:00,부산,1,나우캐스트,97.82549285888672,100.0,1,2.174507141113281
2026-08-17 18:00:00,부산,1,ECMWF,25.0,100.0,21,75.0
2026-08-17 18:00:00,부산,1,GFS,40.0,100.0,9,60.0
2026-08-17 18:00:00,인천,1,나우캐스트,56.11806106567383,50.0,1,6.118061065673828
2026-08-17 18:00:00,인천,1,ECMWF,16.0,50.0,21,34.0
2026-08-17 18:00:00,인천,1,GFS,20.0,50.0,9,30.0
2026-08-17 18:00:00,수원,1,나우캐스트,97.7373046875,60.0,1,37.7373046875
2026-08-17 18:00:00,수원,1,ECMWF,10.0,60.0,21,50.0
2026-08-17 18:00:00,수원,1,GFS,10.0,60.0,9,50.0
2026-08-17 18:00:00,전주,1,나우캐스트,90.77515411376952,100.0,1,9.224845886230469
2026-08-17 18:00:00,전주,1,ECMWF,31.0,100.0,21,69.0
2026-08-17 18:00:00,전주,1,GFS,1.0,100.0,9,99.0
2026-08-17 18:00:00,강릉,1,나우캐스트,95.80148315429688,80.0,1,15.801483154296877
2026-08-17 18:00:00,강릉,1,ECMWF,46.0,80.0,21,34.0
2026-08-17 18:00:00,강릉,1,GFS,15.0,80.0,9,65.0
2026-08-17 18:00:00,제주,1,나우캐스트,49.51287078857422,50.0,1,0.4871292114257812
2026-08-17 18:00:00,제주,1,ECMWF,48.0,50.0,21,2.0
2026-08-17 18:00:00,제주,1,GFS,41.0,50.0,9,9.0
2026-08-17 21:00:00,서울,4,나우캐스트,47.327247619628906,60.0,4,12.672752380371094
2026-08-17 21:00:00,서울,4,ECMWF,12.0,60.0,0,48.0
2026-08-17 21:00:00,서울,4,GFS,4.0,60.0,12,56.0
2026-08-17 21:00:00,대전,4,나우캐스트,86.11163330078125,50.0,4,36.11163330078125
2026-08-17 21:00:00,대전,4,ECMWF,70.0,50.0,0,20.0
2026-08-17 21:00:00,대전,4,GFS,100.0,50.0,12,50.0
2026-08-17 21:00:00,대구,4,나우캐스트,95.6382293701172,60.0,4,35.63822937011719
2026-08-17 21:00:00,대구,4,ECMWF,99.0,60.0,0,39.0
2026-08-17 21:00:00,대구,4,GFS,100.0,60.0,12,40.0
2026-08-17 21:00:00,광주,4,나우캐스트,45.772605895996094,100.0,4,54.22739410400391
2026-08-17 21:00:00,광주,4,ECMWF,27.0,100.0,0,73.0
2026-08-17 21:00:00,광주,4,GFS,100.0,100.0,12,0.0
2026-08-17 21:00:00,부산,4,나우캐스트,95.9676284790039,100.0,4,4.032371520996094
2026-08-17 21:00:00,부산,4,ECMWF,72.0,100.0,0,28.0
2026-08-17 21:00:00,부산,4,GFS,44.0,100.0,12,56.0
2026-08-17 21:00:00,인천,4,나우캐스트,19.7993278503418,10.0,4,9.799327850341797
2026-08-17 21:00:00,인천,4,ECMWF,20.0,10.0,0,10.0
2026-08-17 21:00:00,인천,4,GFS,1.0,10.0,12,9.0
2026-08-17 21:00:00,수원,4,나우캐스트,55.36712646484375,80.0,4,24.63287353515625
2026-08-17 21:00:00,수원,4,ECMWF,33.0,80.0,0,47.0
2026-08-17 21:00:00,수원,4,GFS,9.0,80.0,12,71.0
2026-08-17 21:00:00,전주,4,나우캐스트,74.79296875,40.0,4,34.79296875
2026-08-17 21:00:00,전주,4,ECMWF,80.0,40.0,0,40.0
2026-08-17 21:00:00,전주,4,GFS,88.0,40.0,12,48.0
2026-08-17 21:00:00,강릉,4,나우캐스트,96.56807708740234,90.0,4,6.568077087402344
2026-08-17 21:00:00,강릉,4,ECMWF,83.0,90.0,0,7.0
2026-08-17 21:00:00,강릉,4,GFS,50.0,90.0,12,40.0
2026-08-17 21:00:00,제주,4,나우캐스트,39.96474838256836,70.0,4,30.03525161743164
2026-08-17 21:00:00,제주,4,ECMWF,97.0,70.0,0,27.0
2026-08-17 21:00:00,제주,4,GFS,93.0,70.0,12,23.0
2026-08-17 21:00:00,서울,3,나우캐스트,79.45743560791016,60.0,3,19.45743560791016
2026-08-17 21:00:00,서울,3,ECMWF,12.0,60.0,0,48.0
2026-08-17 21:00:00,서울,3,GFS,4.0,60.0,12,56.0
2026-08-17 21:00:00,대전,3,나우캐스트,91.39503479003906,50.0,3,41.39503479003906
2026-08-17 21:00:00,대전,3,ECMWF,70.0,50.0,0,20.0
2026-08-17 21:00:00,대전,3,GFS,100.0,50.0,12,50.0
2026-08-17 21:00:00,대구,3,나우캐스트,90.38925170898438,60.0,3,30.38925170898437
2026-08-17 21:00:00,대구,3,ECMWF,99.0,60.0,0,39.0
2026-08-17 21:00:00,대구,3,GFS,100.0,60.0,12,40.0
2026-08-17 21:00:00,광주,3,나우캐스트,77.26748657226562,100.0,3,22.73251342773437
2026-08-17 21:00:00,광주,3,ECMWF,27.0,100.0,0,73.0
2026-08-17 21:00:00,광주,3,GFS,100.0,100.0,12,0.0
2026-08-17 21:00:00,부산,3,나우캐스트,93.7653350830078,100.0,3,6.234664916992188
2026-08-17 21:00:00,부산,3,ECMWF,72.0,100.0,0,28.0
2026-08-17 21:00:00,부산,3,GFS,44.0,100.0,12,56.0
2026-08-17 21:00:00,인천,3,나우캐스트,28.1030387878418,10.0,3,18.1030387878418
2026-08-17 21:00:00,인천,3,ECMWF,20.0,10.0,0,10.0
2026-08-17 21:00:00,인천,3,GFS,1.0,10.0,12,9.0
2026-08-17 21:00:00,수원,3,나우캐스트,84.64288330078125,80.0,3,4.64288330078125
2026-08-17 21:00:00,수원,3,ECMWF,33.0,80.0,0,47.0
2026-08-17 21:00:00,수원,3,GFS,9.0,80.0,12,71.0
2026-08-17 21:00:00,전주,3,나우캐스트,83.59236907958984,40.0,3,43.59236907958984
2026-08-17 21:00:00,전주,3,ECMWF,80.0,40.0,0,40.0
2026-08-17 21:00:00,전주,3,GFS,88.0,40.0,12,48.0
2026-08-17 21:00:00,강릉,3,나우캐스트,96.08261108398438,90.0,3,6.082611083984375
2026-08-17 21:00:00,강릉,3,ECMWF,83.0,90.0,0,7.0
2026-08-17 21:00:00,강릉,3,GFS,50.0,90.0,12,40.0
2026-08-17 21:00:00,제주,3,나우캐스트,82.14974212646484,70.0,3,12.149742126464844
2026-08-17 21:00:00,제주,3,ECMWF,97.0,70.0,0,27.0
2026-08-17 21:00:00,제주,3,GFS,93.0,70.0,12,23.0
2026-08-18 00:00:00,서울,6,나우캐스트,43.240333557128906,80.0,6,36.75966644287109
2026-08-18 00:00:00,서울,6,ECMWF,98.0,80.0,3,18.0
2026-08-18 00:00:00,서울,6,GFS,13.0,80.0,15,67.0
2026-08-18 00:00:00,대전,6,나우캐스트,75.7449951171875,60.0,6,15.7449951171875
2026-08-18 00:00:00,대전,6,ECMWF,98.0,60.0,3,38.0
2026-08-18 00:00:00,대전,6,GFS,2.0,60.0,15,58.0
2026-08-18 00:00:00,대구,6,나우캐스트,79.70613098144531,70.0,6,9.706130981445312
2026-08-18 00:00:00,대구,6,ECMWF,100.0,70.0,3,30.0
2026-08-18 00:00:00,대구,6,GFS,97.0,70.0,15,27.0
2026-08-18 00:00:00,광주,6,나우캐스트,46.15221786499024,70.0,6,23.84778213500977
2026-08-18 00:00:00,광주,6,ECMWF,95.0,70.0,3,25.0
2026-08-18 00:00:00,광주,6,GFS,100.0,70.0,15,30.0
2026-08-18 00:00:00,부산,6,나우캐스트,87.43305969238281,100.0,6,12.566940307617188
2026-08-18 00:00:00,부산,6,ECMWF,63.0,100.0,3,37.0
2026-08-18 00:00:00,부산,6,GFS,39.0,100.0,15,61.0
2026-08-18 00:00:00,인천,6,나우캐스트,22.6335506439209,10.0,6,12.633550643920898
2026-08-18 00:00:00,인천,6,ECMWF,44.0,10.0,3,34.0
2026-08-18 00:00:00,인천,6,GFS,8.0,10.0,15,2.0
2026-08-18 00:00:00,수원,6,나우캐스트,56.10272979736328,20.0,6,36.10272979736328
2026-08-18 00:00:00,수원,6,ECMWF,31.0,20.0,3,11.0
2026-08-18 00:00:00,수원,6,GFS,14.0,20.0,15,6.0
2026-08-18 00:00:00,전주,6,나우캐스트,60.20878219604492,70.0,6,9.791217803955078
2026-08-18 00:00:00,전주,6,ECMWF,56.0,70.0,3,14.0
2026-08-18 00:00:00,전주,6,GFS,6.0,70.0,15,64.0
2026-08-18 00:00:00,강릉,6,나우캐스트,95.42530822753906,80.0,6,15.425308227539062
2026-08-18 00:00:00,강릉,6,ECMWF,35.0,80.0,3,45.0
2026-08-18 00:00:00,강릉,6,GFS,41.0,80.0,15,39.0
2026-08-18 00:00:00,제주,6,나우캐스트,78.34491729736328,90.0,6,11.65508270263672
2026-08-18 00:00:00,제주,6,ECMWF,90.0,90.0,3,0.0
2026-08-18 00:00:00,제주,6,GFS,6.0,90.0,15,84.0
2026-08-17 21:00:00,서울,2,나우캐스트,33.55730438232422,60.0,2,26.44269561767578
2026-08-17 21:00:00,서울,2,ECMWF,12.0,60.0,0,48.0
2026-08-17 21:00:00,서울,2,GFS,4.0,60.0,12,56.0
2026-08-17 21:00:00,대전,2,나우캐스트,80.3941650390625,50.0,2,30.3941650390625
2026-08-17 21:00:00,대전,2,ECMWF,70.0,50.0,0,20.0
2026-08-17 21:00:00,대전,2,GFS,100.0,50.0,12,50.0
2026-08-17 21:00:00,대구,2,나우캐스트,85.47528076171875,60.0,2,25.47528076171875
2026-08-17 21:00:00,대구,2,ECMWF,99.0,60.0,0,39.0
2026-08-17 21:00:00,대구,2,GFS,100.0,60.0,12,40.0
2026-08-17 21:00:00,광주,2,나우캐스트,67.06114959716797,100.0,2,32.93885040283203
2026-08-17 21:00:00,광주,2,ECMWF,27.0,100.0,0,73.0
2026-08-17 21:00:00,광주,2,GFS,100.0,100.0,12,0.0
2026-08-17 21:00:00,부산,2,나우캐스트,78.33341979980469,100.0,2,21.666580200195312
2026-08-17 21:00:00,부산,2,ECMWF,72.0,100.0,0,28.0
2026-08-17 21:00:00,부산,2,GFS,44.0,100.0,12,56.0
2026-08-17 21:00:00,인천,2,나우캐스트,9.499431610107422,10.0,2,0.5005683898925781
2026-08-17 21:00:00,인천,2,ECMWF,20.0,10.0,0,10.0
2026-08-17 21:00:00,인천,2,GFS,1.0,10.0,12,9.0
2026-08-17 21:00:00,수원,2,나우캐스트,47.232723236083984,80.0,2,32.767276763916016
2026-08-17 21:00:00,수원,2,ECMWF,33.0,80.0,0,47.0
2026-08-17 21:00:00,수원,2,GFS,9.0,80.0,12,71.0
2026-08-17 21:00:00,전주,2,나우캐스트,70.38156127929688,40.0,2,30.381561279296875
2026-08-17 21:00:00,전주,2,ECMWF,80.0,40.0,0,40.0
2026-08-17 21:00:00,전주,2,GFS,88.0,40.0,12,48.0
2026-08-17 21:00:00,강릉,2,나우캐스트,95.69552612304688,90.0,2,5.695526123046875
2026-08-17 21:00:00,강릉,2,ECMWF,83.0,90.0,0,7.0
2026-08-17 21:00:00,강릉,2,GFS,50.0,90.0,12,40.0
2026-08-17 21:00:00,제주,2,나우캐스트,86.85050964355469,70.0,2,16.850509643554688
2026-08-17 21:00:00,제주,2,ECMWF,97.0,70.0,0,27.0
2026-08-17 21:00:00,제주,2,GFS,93.0,70.0,12,23.0
2026-08-18 00:00:00,서울,5,나우캐스트,30.475631713867188,80.0,5,49.52436828613281
2026-08-18 00:00:00,서울,5,ECMWF,98.0,80.0,3,18.0
2026-08-18 00:00:00,서울,5,GFS,13.0,80.0,15,67.0
2026-08-18 00:00:00,대전,5,나우캐스트,69.24919128417969,60.0,5,9.249191284179688
2026-08-18 00:00:00,대전,5,ECMWF,98.0,60.0,3,38.0
2026-08-18 00:00:00,대전,5,GFS,2.0,60.0,15,58.0
2026-08-18 00:00:00,대구,5,나우캐스트,80.85869598388672,70.0,5,10.85869598388672
2026-08-18 00:00:00,대구,5,ECMWF,100.0,70.0,3,30.0
2026-08-18 00:00:00,대구,5,GFS,97.0,70.0,15,27.0
2026-08-18 00:00:00,광주,5,나우캐스트,44.73759078979492,70.0,5,25.26240921020508
2026-08-18 00:00:00,광주,5,ECMWF,95.0,70.0,3,25.0
2026-08-18 00:00:00,광주,5,GFS,100.0,70.0,15,30.0
2026-08-18 00:00:00,부산,5,나우캐스트,86.49568939208984,100.0,5,13.504310607910156
2026-08-18 00:00:00,부산,5,ECMWF,63.0,100.0,3,37.0
2026-08-18 00:00:00,부산,5,GFS,39.0,100.0,15,61.0
2026-08-18 00:00:00,인천,5,나우캐스트,19.249786376953125,10.0,5,9.249786376953123
2026-08-18 00:00:00,인천,5,ECMWF,44.0,10.0,3,34.0
2026-08-18 00:00:00,인천,5,GFS,8.0,10.0,15,2.0
2026-08-18 00:00:00,수원,5,나우캐스트,29.87421417236328,20.0,5,9.87421417236328
2026-08-18 00:00:00,수원,5,ECMWF,31.0,20.0,3,11.0
2026-08-18 00:00:00,수원,5,GFS,14.0,20.0,15,6.0
2026-08-18 00:00:00,전주,5,나우캐스트,60.94466400146485,70.0,5,9.055335998535156
2026-08-18 00:00:00,전주,5,ECMWF,56.0,70.0,3,14.0
2026-08-18 00:00:00,전주,5,GFS,6.0,70.0,15,64.0
2026-08-18 00:00:00,강릉,5,나우캐스트,91.68795013427734,80.0,5,11.687950134277344
2026-08-18 00:00:00,강릉,5,ECMWF,35.0,80.0,3,45.0
2026-08-18 00:00:00,강릉,5,GFS,41.0,80.0,15,39.0
2026-08-18 00:00:00,제주,5,나우캐스트,87.15218353271484,90.0,5,2.847816467285156
2026-08-18 00:00:00,제주,5,ECMWF,90.0,90.0,3,0.0
2026-08-18 00:00:00,제주,5,GFS,6.0,90.0,15,84.0
2026-08-17 21:00:00,서울,1,나우캐스트,50.32513427734375,60.0,1,9.67486572265625
2026-08-17 21:00:00,서울,1,ECMWF,12.0,60.0,0,48.0
2026-08-17 21:00:00,서울,1,GFS,4.0,60.0,12,56.0
2026-08-17 21:00:00,대전,1,나우캐스트,79.3109130859375,50.0,1,29.3109130859375
2026-08-17 21:00:00,대전,1,ECMWF,70.0,50.0,0,20.0
2026-08-17 21:00:00,대전,1,GFS,100.0,50.0,12,50.0
2026-08-17 21:00:00,대구,1,나우캐스트,72.93665313720703,60.0,1,12.936653137207031
2026-08-17 21:00:00,대구,1,ECMWF,99.0,60.0,0,39.0
2026-08-17 21:00:00,대구,1,GFS,100.0,60.0,12,40.0
2026-08-17 21:00:00,광주,1,나우캐스트,57.63530731201172,100.0,1,42.36469268798828
2026-08-17 21:00:00,광주,1,ECMWF,27.0,100.0,0,73.0
2026-08-17 21:00:00,광주,1,GFS,100.0,100.0,12,0.0
2026-08-17 21:00:00,부산,1,나우캐스트,91.56934356689452,100.0,1,8.430656433105469
2026-08-17 21:00:00,부산,1,ECMWF,72.0,100.0,0,28.0
2026-08-17 21:00:00,부산,1,GFS,44.0,100.0,12,56.0
2026-08-17 21:00:00,인천,1,나우캐스트,10.946253776550291,10.0,1,0.946253776550293
2026-08-17 21:00:00,인천,1,ECMWF,20.0,10.0,0,10.0
2026-08-17 21:00:00,인천,1,GFS,1.0,10.0,12,9.0
2026-08-17 21:00:00,수원,1,나우캐스트,48.86043930053711,80.0,1,31.13956069946289
2026-08-17 21:00:00,수원,1,ECMWF,33.0,80.0,0,47.0
2026-08-17 21:00:00,수원,1,GFS,9.0,80.0,12,71.0
2026-08-17 21:00:00,전주,1,나우캐스트,42.18163299560547,40.0,1,2.1816329956054688
2026-08-17 21:00:00,전주,1,ECMWF,80.0,40.0,0,40.0
2026-08-17 21:00:00,전주,1,GFS,88.0,40.0,12,48.0
2026-08-17 21:00:00,강릉,1,나우캐스트,93.51421356201172,90.0,1,3.5142135620117188
2026-08-17 21:00:00,강릉,1,ECMWF,83.0,90.0,0,7.0
2026-08-17 21:00:00,강릉,1,GFS,50.0,90.0,12,40.0
2026-08-17 21:00:00,제주,1,나우캐스트,67.67015075683594,70.0,1,2.3298492431640625
2026-08-17 21:00:00,제주,1,ECMWF,97.0,70.0,0,27.0
2026-08-17 21:00:00,제주,1,GFS,93.0,70.0,12,23.0
2026-08-18 00:00:00,서울,4,나우캐스트,29.93046760559082,80.0,4,50.06953239440918
2026-08-18 00:00:00,서울,4,ECMWF,98.0,80.0,3,18.0
2026-08-18 00:00:00,서울,4,GFS,13.0,80.0,15,67.0
2026-08-18 00:00:00,대전,4,나우캐스트,71.79972839355469,60.0,4,11.799728393554688
2026-08-18 00:00:00,대전,4,ECMWF,98.0,60.0,3,38.0
2026-08-18 00:00:00,대전,4,GFS,2.0,60.0,15,58.0
2026-08-18 00:00:00,대구,4,나우캐스트,57.79922866821289,70.0,4,12.20077133178711
2026-08-18 00:00:00,대구,4,ECMWF,100.0,70.0,3,30.0
2026-08-18 00:00:00,대구,4,GFS,97.0,70.0,15,27.0
2026-08-18 00:00:00,광주,4,나우캐스트,23.608325958251957,70.0,4,46.39167404174805
2026-08-18 00:00:00,광주,4,ECMWF,95.0,70.0,3,25.0
2026-08-18 00:00:00,광주,4,GFS,100.0,70.0,15,30.0
2026-08-18 00:00:00,부산,4,나우캐스트,86.43206787109375,100.0,4,13.56793212890625
2026-08-18 00:00:00,부산,4,ECMWF,63.0,100.0,3,37.0
2026-08-18 00:00:00,부산,4,GFS,39.0,100.0,15,61.0
2026-08-18 00:00:00,인천,4,나우캐스트,16.759384155273438,10.0,4,6.7593841552734375
2026-08-18 00:00:00,인천,4,ECMWF,44.0,10.0,3,34.0
2026-08-18 00:00:00,인천,4,GFS,8.0,10.0,15,2.0
2026-08-18 00:00:00,수원,4,나우캐스트,24.14086532592773,20.0,4,4.140865325927734
2026-08-18 00:00:00,수원,4,ECMWF,31.0,20.0,3,11.0
2026-08-18 00:00:00,수원,4,GFS,14.0,20.0,15,6.0
2026-08-18 00:00:00,전주,4,나우캐스트,56.29648971557617,70.0,4,13.703510284423828
2026-08-18 00:00:00,전주,4,ECMWF,56.0,70.0,3,14.0
2026-08-18 00:00:00,전주,4,GFS,6.0,70.0,15,64.0
2026-08-18 00:00:00,강릉,4,나우캐스트,92.00787353515624,80.0,4,12.00787353515625
2026-08-18 00:00:00,강릉,4,ECMWF,35.0,80.0,3,45.0
2026-08-18 00:00:00,강릉,4,GFS,41.0,80.0,15,39.0
2026-08-18 00:00:00,제주,4,나우캐스트,82.40876007080078,90.0,4,7.591239929199219
2026-08-18 00:00:00,제주,4,ECMWF,90.0,90.0,3,0.0
2026-08-18 00:00:00,제주,4,GFS,6.0,90.0,15,84.0
2026-08-18 00:00:00,서울,3,나우캐스트,29.07916259765625,80.0,3,50.92083740234375
2026-08-18 00:00:00,서울,3,ECMWF,98.0,80.0,3,18.0
2026-08-18 00:00:00,서울,3,GFS,13.0,80.0,15,67.0
2026-08-18 00:00:00,대전,3,나우캐스트,65.40302276611328,60.0,3,5.403022766113281
2026-08-18 00:00:00,대전,3,ECMWF,98.0,60.0,3,38.0
2026-08-18 00:00:00,대전,3,GFS,2.0,60.0,15,58.0
2026-08-18 00:00:00,대구,3,나우캐스트,68.24803161621094,70.0,3,1.7519683837890625
2026-08-18 00:00:00,대구,3,ECMWF,100.0,70.0,3,30.0
2026-08-18 00:00:00,대구,3,GFS,97.0,70.0,15,27.0
2026-08-18 00:00:00,광주,3,나우캐스트,60.914886474609375,70.0,3,9.085113525390623
2026-08-18 00:00:00,광주,3,ECMWF,95.0,70.0,3,25.0
2026-08-18 00:00:00,광주,3,GFS,100.0,70.0,15,30.0
2026-08-18 00:00:00,부산,3,나우캐스트,94.90193176269533,100.0,3,5.098068237304688
2026-08-18 00:00:00,부산,3,ECMWF,63.0,100.0,3,37.0
2026-08-18 00:00:00,부산,3,GFS,39.0,100.0,15,61.0
2026-08-18 00:00:00,인천,3,나우캐스트,7.568127155303955,10.0,3,2.431872844696045
2026-08-18 00:00:00,인천,3,ECMWF,44.0,10.0,3,34.0
2026-08-18 00:00:00,인천,3,GFS,8.0,10.0,15,2.0
2026-08-18 00:00:00,수원,3,나우캐스트,32.58588409423828,20.0,3,12.58588409423828
2026-08-18 00:00:00,수원,3,ECMWF,31.0,20.0,3,11.0
2026-08-18 00:00:00,수원,3,GFS,14.0,20.0,15,6.0
2026-08-18 00:00:00,전주,3,나우캐스트,55.12668991088867,70.0,3,14.873310089111328
2026-08-18 00:00:00,전주,3,ECMWF,56.0,70.0,3,14.0
2026-08-18 00:00:00,전주,3,GFS,6.0,70.0,15,64.0
2026-08-18 00:00:00,강릉,3,나우캐스트,87.15528106689453,80.0,3,7.155281066894531
2026-08-18 00:00:00,강릉,3,ECMWF,35.0,80.0,3,45.0
2026-08-18 00:00:00,강릉,3,GFS,41.0,80.0,15,39.0
2026-08-18 00:00:00,제주,3,나우캐스트,87.66002655029297,90.0,3,2.3399734497070312
2026-08-18 00:00:00,제주,3,ECMWF,90.0,90.0,3,0.0
2026-08-18 00:00:00,제주,3,GFS,6.0,90.0,15,84.0
2026-08-18 03:00:00,서울,6,나우캐스트,27.86542510986328,10.0,6,17.86542510986328
2026-08-18 03:00:00,서울,6,ECMWF,77.0,10.0,6,67.0
2026-08-18 03:00:00,서울,6,GFS,10.0,10.0,0,0.0
2026-08-18 03:00:00,대전,6,나우캐스트,52.96743392944336,20.0,6,32.96743392944336
2026-08-18 03:00:00,대전,6,ECMWF,98.0,20.0,6,78.0
2026-08-18 03:00:00,대전,6,GFS,34.0,20.0,0,14.0
2026-08-18 03:00:00,대구,6,나우캐스트,67.5673828125,40.0,6,27.5673828125
2026-08-18 03:00:00,대구,6,ECMWF,100.0,40.0,6,60.0
2026-08-18 03:00:00,대구,6,GFS,52.0,40.0,0,12.0
2026-08-18 03:00:00,광주,6,나우캐스트,55.61836242675781,10.0,6,45.61836242675781
2026-08-18 03:00:00,광주,6,ECMWF,94.0,10.0,6,84.0
2026-08-18 03:00:00,광주,6,GFS,66.0,10.0,0,56.0
2026-08-18 03:00:00,부산,6,나우캐스트,90.03438568115234,100.0,6,9.965614318847656
2026-08-18 03:00:00,부산,6,ECMWF,33.0,100.0,6,67.0
2026-08-18 03:00:00,부산,6,GFS,10.0,100.0,0,90.0
2026-08-18 03:00:00,인천,6,나우캐스트,15.280778884887695,10.0,6,5.280778884887695
2026-08-18 03:00:00,인천,6,ECMWF,16.0,10.0,6,6.0
2026-08-18 03:00:00,인천,6,GFS,2.0,10.0,0,8.0
2026-08-18 03:00:00,수원,6,나우캐스트,24.95986557006836,0.0,6,24.95986557006836
2026-08-18 03:00:00,수원,6,ECMWF,27.0,0.0,6,27.0
2026-08-18 03:00:00,수원,6,GFS,19.0,0.0,0,19.0
2026-08-18 03:00:00,전주,6,나우캐스트,59.06603240966797,30.0,6,29.06603240966797
2026-08-18 03:00:00,전주,6,ECMWF,39.0,30.0,6,9.0
2026-08-18 03:00:00,전주,6,GFS,52.0,30.0,0,22.0
2026-08-18 03:00:00,강릉,6,나우캐스트,55.26473236083984,10.0,6,45.26473236083984
2026-08-18 03:00:00,강릉,6,ECMWF,27.0,10.0,6,17.0
2026-08-18 03:00:00,강릉,6,GFS,4.0,10.0,0,6.0
2026-08-18 03:00:00,제주,6,나우캐스트,89.94108581542969,60.0,6,29.941085815429688
2026-08-18 03:00:00,제주,6,ECMWF,86.0,60.0,6,26.0
2026-08-18 03:00:00,제주,6,GFS,17.0,60.0,0,43.0
2026-08-18 00:00:00,서울,2,나우캐스트,26.20994758605957,80.0,2,53.79005241394043
2026-08-18 00:00:00,서울,2,ECMWF,98.0,80.0,3,18.0
2026-08-18 00:00:00,서울,2,GFS,13.0,80.0,15,67.0
2026-08-18 00:00:00,대전,2,나우캐스트,40.338470458984375,60.0,2,19.661529541015625
2026-08-18 00:00:00,대전,2,ECMWF,98.0,60.0,3,38.0
2026-08-18 00:00:00,대전,2,GFS,2.0,60.0,15,58.0
2026-08-18 00:00:00,대구,2,나우캐스트,69.80717468261719,70.0,2,0.1928253173828125
2026-08-18 00:00:00,대구,2,ECMWF,100.0,70.0,3,30.0
2026-08-18 00:00:00,대구,2,GFS,97.0,70.0,15,27.0
2026-08-18 00:00:00,광주,2,나우캐스트,56.79124069213867,70.0,2,13.208759307861328
2026-08-18 00:00:00,광주,2,ECMWF,95.0,70.0,3,25.0
2026-08-18 00:00:00,광주,2,GFS,100.0,70.0,15,30.0
2026-08-18 00:00:00,부산,2,나우캐스트,93.5324478149414,100.0,2,6.467552185058594
2026-08-18 00:00:00,부산,2,ECMWF,63.0,100.0,3,37.0
2026-08-18 00:00:00,부산,2,GFS,39.0,100.0,15,61.0
2026-08-18 00:00:00,인천,2,나우캐스트,4.318426132202148,10.0,2,5.681573867797852
2026-08-18 00:00:00,인천,2,ECMWF,44.0,10.0,3,34.0
2026-08-18 00:00:00,인천,2,GFS,8.0,10.0,15,2.0
2026-08-18 00:00:00,수원,2,나우캐스트,17.040971755981445,20.0,2,2.9590282440185547
2026-08-18 00:00:00,수원,2,ECMWF,31.0,20.0,3,11.0
2026-08-18 00:00:00,수원,2,GFS,14.0,20.0,15,6.0
2026-08-18 00:00:00,전주,2,나우캐스트,53.32975387573242,70.0,2,16.670246124267578
2026-08-18 00:00:00,전주,2,ECMWF,56.0,70.0,3,14.0
2026-08-18 00:00:00,전주,2,GFS,6.0,70.0,15,64.0
2026-08-18 00:00:00,강릉,2,나우캐스트,84.58677673339844,80.0,2,4.5867767333984375
2026-08-18 00:00:00,강릉,2,ECMWF,35.0,80.0,3,45.0
2026-08-18 00:00:00,강릉,2,GFS,41.0,80.0,15,39.0
2026-08-18 00:00:00,제주,2,나우캐스트,93.34767150878906,90.0,2,3.3476715087890625
2026-08-18 00:00:00,제주,2,ECMWF,90.0,90.0,3,0.0
2026-08-18 00:00:00,제주,2,GFS,6.0,90.0,15,84.0
2026-08-18 03:00:00,서울,5,나우캐스트,46.13677978515625,10.0,5,36.13677978515625
2026-08-18 03:00:00,서울,5,ECMWF,77.0,10.0,6,67.0
2026-08-18 03:00:00,서울,5,GFS,10.0,10.0,0,0.0
2026-08-18 03:00:00,대전,5,나우캐스트,37.99821853637695,20.0,5,17.998218536376953
2026-08-18 03:00:00,대전,5,ECMWF,98.0,20.0,6,78.0
2026-08-18 03:00:00,대전,5,GFS,34.0,20.0,0,14.0
2026-08-18 03:00:00,대구,5,나우캐스트,72.28141784667969,40.0,5,32.28141784667969
2026-08-18 03:00:00,대구,5,ECMWF,100.0,40.0,6,60.0
2026-08-18 03:00:00,대구,5,GFS,52.0,40.0,0,12.0
2026-08-18 03:00:00,광주,5,나우캐스트,58.321136474609375,10.0,5,48.321136474609375
2026-08-18 03:00:00,광주,5,ECMWF,94.0,10.0,6,84.0
2026-08-18 03:00:00,광주,5,GFS,66.0,10.0,0,56.0
2026-08-18 03:00:00,부산,5,나우캐스트,89.85045623779297,100.0,5,10.149543762207031
2026-08-18 03:00:00,부산,5,ECMWF,33.0,100.0,6,67.0
2026-08-18 03:00:00,부산,5,GFS,10.0,100.0,0,90.0
2026-08-18 03:00:00,인천,5,나우캐스트,19.65689468383789,10.0,5,9.65689468383789
2026-08-18 03:00:00,인천,5,ECMWF,16.0,10.0,6,6.0
2026-08-18 03:00:00,인천,5,GFS,2.0,10.0,0,8.0
2026-08-18 03:00:00,수원,5,나우캐스트,25.66221237182617,0.0,5,25.66221237182617
2026-08-18 03:00:00,수원,5,ECMWF,27.0,0.0,6,27.0
2026-08-18 03:00:00,수원,5,GFS,19.0,0.0,0,19.0
2026-08-18 03:00:00,전주,5,나우캐스트,28.7491455078125,30.0,5,1.2508544921875
2026-08-18 03:00:00,전주,5,ECMWF,39.0,30.0,6,9.0
2026-08-18 03:00:00,전주,5,GFS,52.0,30.0,0,22.0
2026-08-18 03:00:00,강릉,5,나우캐스트,55.89302444458008,10.0,5,45.89302444458008
2026-08-18 03:00:00,강릉,5,ECMWF,27.0,10.0,6,17.0
2026-08-18 03:00:00,강릉,5,GFS,4.0,10.0,0,6.0
2026-08-18 03:00:00,제주,5,나우캐스트,90.13179779052734,60.0,5,30.131797790527344
2026-08-18 03:00:00,제주,5,ECMWF,86.0,60.0,6,26.0
2026-08-18 03:00:00,제주,5,GFS,17.0,60.0,0,43.0
2026-08-18 00:00:00,서울,1,나우캐스트,45.920894622802734,80.0,1,34.079105377197266
2026-08-18 00:00:00,서울,1,ECMWF,98.0,80.0,3,18.0
2026-08-18 00:00:00,서울,1,GFS,13.0,80.0,15,67.0
2026-08-18 00:00:00,대전,1,나우캐스트,64.99642181396484,60.0,1,4.996421813964844
2026-08-18 00:00:00,대전,1,ECMWF,98.0,60.0,3,38.0
2026-08-18 00:00:00,대전,1,GFS,2.0,60.0,15,58.0
2026-08-18 00:00:00,대구,1,나우캐스트,83.08222961425781,70.0,1,13.082229614257812
2026-08-18 00:00:00,대구,1,ECMWF,100.0,70.0,3,30.0
2026-08-18 00:00:00,대구,1,GFS,97.0,70.0,15,27.0
2026-08-18 00:00:00,광주,1,나우캐스트,69.51535034179688,70.0,1,0.484649658203125
2026-08-18 00:00:00,광주,1,ECMWF,95.0,70.0,3,25.0
2026-08-18 00:00:00,광주,1,GFS,100.0,70.0,15,30.0
2026-08-18 00:00:00,부산,1,나우캐스트,97.50233459472656,100.0,1,2.497665405273437
2026-08-18 00:00:00,부산,1,ECMWF,63.0,100.0,3,37.0
2026-08-18 00:00:00,부산,1,GFS,39.0,100.0,15,61.0
2026-08-18 00:00:00,인천,1,나우캐스트,2.9066617488861084,10.0,1,7.093338251113892
2026-08-18 00:00:00,인천,1,ECMWF,44.0,10.0,3,34.0
2026-08-18 00:00:00,인천,1,GFS,8.0,10.0,15,2.0
2026-08-18 00:00:00,수원,1,나우캐스트,16.537870407104492,20.0,1,3.462129592895508
2026-08-18 00:00:00,수원,1,ECMWF,31.0,20.0,3,11.0
2026-08-18 00:00:00,수원,1,GFS,14.0,20.0,15,6.0
2026-08-18 00:00:00,전주,1,나우캐스트,67.53921508789062,70.0,1,2.460784912109375
2026-08-18 00:00:00,전주,1,ECMWF,56.0,70.0,3,14.0
2026-08-18 00:00:00,전주,1,GFS,6.0,70.0,15,64.0
2026-08-18 00:00:00,강릉,1,나우캐스트,47.54035186767578,80.0,1,32.45964813232422
2026-08-18 00:00:00,강릉,1,ECMWF,35.0,80.0,3,45.0
2026-08-18 00:00:00,강릉,1,GFS,41.0,80.0,15,39.0
2026-08-18 00:00:00,제주,1,나우캐스트,97.29987335205078,90.0,1,7.299873352050781
2026-08-18 00:00:00,제주,1,ECMWF,90.0,90.0,3,0.0
2026-08-18 00:00:00,제주,1,GFS,6.0,90.0,15,84.0
2026-08-18 03:00:00,서울,4,나우캐스트,59.59116363525391,10.0,4,49.59116363525391
2026-08-18 03:00:00,서울,4,ECMWF,77.0,10.0,6,67.0
2026-08-18 03:00:00,서울,4,GFS,10.0,10.0,0,0.0
2026-08-18 03:00:00,대전,4,나우캐스트,70.5125732421875,20.0,4,50.5125732421875
2026-08-18 03:00:00,대전,4,ECMWF,98.0,20.0,6,78.0
2026-08-18 03:00:00,대전,4,GFS,34.0,20.0,0,14.0
2026-08-18 03:00:00,대구,4,나우캐스트,86.36357116699219,40.0,4,46.36357116699219
2026-08-18 03:00:00,대구,4,ECMWF,100.0,40.0,6,60.0
2026-08-18 03:00:00,대구,4,GFS,52.0,40.0,0,12.0
2026-08-18 03:00:00,광주,4,나우캐스트,60.529693603515625,10.0,4,50.529693603515625
2026-08-18 03:00:00,광주,4,ECMWF,94.0,10.0,6,84.0
2026-08-18 03:00:00,광주,4,GFS,66.0,10.0,0,56.0
2026-08-18 03:00:00,부산,4,나우캐스트,94.50173950195312,100.0,4,5.498260498046875
2026-08-18 03:00:00,부산,4,ECMWF,33.0,100.0,6,67.0
2026-08-18 03:00:00,부산,4,GFS,10.0,100.0,0,90.0
2026-08-18 03:00:00,인천,4,나우캐스트,21.52375221252441,10.0,4,11.523752212524414
2026-08-18 03:00:00,인천,4,ECMWF,16.0,10.0,6,6.0
2026-08-18 03:00:00,인천,4,GFS,2.0,10.0,0,8.0
2026-08-18 03:00:00,수원,4,나우캐스트,45.09066009521485,0.0,4,45.09066009521485
2026-08-18 03:00:00,수원,4,ECMWF,27.0,0.0,6,27.0
2026-08-18 03:00:00,수원,4,GFS,19.0,0.0,0,19.0
2026-08-18 03:00:00,전주,4,나우캐스트,47.09687423706055,30.0,4,17.096874237060547
2026-08-18 03:00:00,전주,4,ECMWF,39.0,30.0,6,9.0
2026-08-18 03:00:00,전주,4,GFS,52.0,30.0,0,22.0
2026-08-18 03:00:00,강릉,4,나우캐스트,17.75775909423828,10.0,4,7.757759094238281
2026-08-18 03:00:00,강릉,4,ECMWF,27.0,10.0,6,17.0
2026-08-18 03:00:00,강릉,4,GFS,4.0,10.0,0,6.0
2026-08-18 03:00:00,제주,4,나우캐스트,94.228515625,60.0,4,34.228515625
2026-08-18 03:00:00,제주,4,ECMWF,86.0,60.0,6,26.0
2026-08-18 03:00:00,제주,4,GFS,17.0,60.0,0,43.0
2026-08-18 03:00:00,서울,3,나우캐스트,46.71841430664063,10.0,3,36.71841430664063
2026-08-18 03:00:00,서울,3,ECMWF,77.0,10.0,6,67.0
2026-08-18 03:00:00,서울,3,GFS,10.0,10.0,0,0.0
2026-08-18 03:00:00,대전,3,나우캐스트,59.66000747680664,20.0,3,39.66000747680664
2026-08-18 03:00:00,대전,3,ECMWF,98.0,20.0,6,78.0
2026-08-18 03:00:00,대전,3,GFS,34.0,20.0,0,14.0
2026-08-18 03:00:00,대구,3,나우캐스트,61.04712677001953,40.0,3,21.04712677001953
2026-08-18 03:00:00,대구,3,ECMWF,100.0,40.0,6,60.0
2026-08-18 03:00:00,대구,3,GFS,52.0,40.0,0,12.0
2026-08-18 03:00:00,광주,3,나우캐스트,56.368141174316406,10.0,3,46.368141174316406
2026-08-18 03:00:00,광주,3,ECMWF,94.0,10.0,6,84.0
2026-08-18 03:00:00,광주,3,GFS,66.0,10.0,0,56.0
2026-08-18 03:00:00,부산,3,나우캐스트,94.72320556640624,100.0,3,5.27679443359375
2026-08-18 03:00:00,부산,3,ECMWF,33.0,100.0,6,67.0
2026-08-18 03:00:00,부산,3,GFS,10.0,100.0,0,90.0
2026-08-18 03:00:00,인천,3,나우캐스트,12.737222671508787,10.0,3,2.737222671508789
2026-08-18 03:00:00,인천,3,ECMWF,16.0,10.0,6,6.0
2026-08-18 03:00:00,인천,3,GFS,2.0,10.0,0,8.0
2026-08-18 03:00:00,수원,3,나우캐스트,31.59014129638672,0.0,3,31.59014129638672
2026-08-18 03:00:00,수원,3,ECMWF,27.0,0.0,6,27.0
2026-08-18 03:00:00,수원,3,GFS,19.0,0.0,0,19.0
2026-08-18 03:00:00,전주,3,나우캐스트,32.85930633544922,30.0,3,2.8593063354492188
2026-08-18 03:00:00,전주,3,ECMWF,39.0,30.0,6,9.0
2026-08-18 03:00:00,전주,3,GFS,52.0,30.0,0,22.0
2026-08-18 03:00:00,강릉,3,나우캐스트,65.54448699951172,10.0,3,55.54448699951172
2026-08-18 03:00:00,강릉,3,ECMWF,27.0,10.0,6,17.0
2026-08-18 03:00:00,강릉,3,GFS,4.0,10.0,0,6.0
2026-08-18 03:00:00,제주,3,나우캐스트,92.1016845703125,60.0,3,32.1016845703125
2026-08-18 03:00:00,제주,3,ECMWF,86.0,60.0,6,26.0
2026-08-18 03:00:00,제주,3,GFS,17.0,60.0,0,43.0
2026-08-18 06:00:00,서울,6,나우캐스트,62.67153930664063,40.0,6,22.671539306640625
2026-08-18 06:00:00,서울,6,ECMWF,77.0,40.0,9,37.0
2026-08-18 06:00:00,서울,6,GFS,16.0,40.0,3,24.0
2026-08-18 06:00:00,대전,6,나우캐스트,57.669044494628906,10.0,6,47.669044494628906
2026-08-18 06:00:00,대전,6,ECMWF,100.0,10.0,9,90.0
2026-08-18 06:00:00,대전,6,GFS,87.0,10.0,3,77.0
2026-08-18 06:00:00,대구,6,나우캐스트,49.67969512939453,40.0,6,9.679695129394531
2026-08-18 06:00:00,대구,6,ECMWF,100.0,40.0,9,60.0
2026-08-18 06:00:00,대구,6,GFS,94.0,40.0,3,54.0
2026-08-18 06:00:00,광주,6,나우캐스트,69.70057678222656,10.0,6,59.70057678222656
2026-08-18 06:00:00,광주,6,ECMWF,100.0,10.0,9,90.0
2026-08-18 06:00:00,광주,6,GFS,85.0,10.0,3,75.0
2026-08-18 06:00:00,부산,6,나우캐스트,82.77598571777344,100.0,6,17.224014282226562
2026-08-18 06:00:00,부산,6,ECMWF,98.0,100.0,9,2.0
2026-08-18 06:00:00,부산,6,GFS,72.0,100.0,3,28.0
2026-08-18 06:00:00,인천,6,나우캐스트,42.846561431884766,10.0,6,32.846561431884766
2026-08-18 06:00:00,인천,6,ECMWF,20.0,10.0,9,10.0
2026-08-18 06:00:00,인천,6,GFS,1.0,10.0,3,9.0
2026-08-18 06:00:00,수원,6,나우캐스트,47.73520660400391,10.0,6,37.73520660400391
2026-08-18 06:00:00,수원,6,ECMWF,78.0,10.0,9,68.0
2026-08-18 06:00:00,수원,6,GFS,33.0,10.0,3,23.0
2026-08-18 06:00:00,전주,6,나우캐스트,33.93023681640625,20.0,6,13.93023681640625
2026-08-18 06:00:00,전주,6,ECMWF,75.0,20.0,9,55.0
2026-08-18 06:00:00,전주,6,GFS,63.0,20.0,3,43.0
2026-08-18 06:00:00,강릉,6,나우캐스트,25.661827087402344,10.0,6,15.661827087402344
2026-08-18 06:00:00,강릉,6,ECMWF,12.0,10.0,9,2.0
2026-08-18 06:00:00,강릉,6,GFS,5.0,10.0,3,5.0
2026-08-18 06:00:00,제주,6,나우캐스트,89.5392074584961,80.0,6,9.539207458496094
2026-08-18 06:00:00,제주,6,ECMWF,65.0,80.0,9,15.0
2026-08-18 06:00:00,제주,6,GFS,86.0,80.0,3,6.0
2026-08-18 03:00:00,서울,2,나우캐스트,52.52839660644531,10.0,2,42.52839660644531
2026-08-18 03:00:00,서울,2,ECMWF,77.0,10.0,6,67.0
2026-08-18 03:00:00,서울,2,GFS,10.0,10.0,0,0.0
2026-08-18 03:00:00,대전,2,나우캐스트,70.57208251953125,20.0,2,50.57208251953125
2026-08-18 03:00:00,대전,2,ECMWF,98.0,20.0,6,78.0
2026-08-18 03:00:00,대전,2,GFS,34.0,20.0,0,14.0
2026-08-18 03:00:00,대구,2,나우캐스트,53.93030548095703,40.0,2,13.930305480957031
2026-08-18 03:00:00,대구,2,ECMWF,100.0,40.0,6,60.0
2026-08-18 03:00:00,대구,2,GFS,52.0,40.0,0,12.0
2026-08-18 03:00:00,광주,2,나우캐스트,42.36662292480469,10.0,2,32.36662292480469
2026-08-18 03:00:00,광주,2,ECMWF,94.0,10.0,6,84.0
2026-08-18 03:00:00,광주,2,GFS,66.0,10.0,0,56.0
2026-08-18 03:00:00,부산,2,나우캐스트,91.84923553466795,100.0,2,8.150764465332031
2026-08-18 03:00:00,부산,2,ECMWF,33.0,100.0,6,67.0
2026-08-18 03:00:00,부산,2,GFS,10.0,100.0,0,90.0
2026-08-18 03:00:00,인천,2,나우캐스트,24.81724548339844,10.0,2,14.817245483398438
2026-08-18 03:00:00,인천,2,ECMWF,16.0,10.0,6,6.0
2026-08-18 03:00:00,인천,2,GFS,2.0,10.0,0,8.0
2026-08-18 03:00:00,수원,2,나우캐스트,34.61954879760742,0.0,2,34.61954879760742
2026-08-18 03:00:00,수원,2,ECMWF,27.0,0.0,6,27.0
2026-08-18 03:00:00,수원,2,GFS,19.0,0.0,0,19.0
2026-08-18 03:00:00,전주,2,나우캐스트,57.31124114990234,30.0,2,27.311241149902344
2026-08-18 03:00:00,전주,2,ECMWF,39.0,30.0,6,9.0
2026-08-18 03:00:00,전주,2,GFS,52.0,30.0,0,22.0
2026-08-18 03:00:00,강릉,2,나우캐스트,33.81373596191406,10.0,2,23.813735961914062
2026-08-18 03:00:00,강릉,2,ECMWF,27.0,10.0,6,17.0
2026-08-18 03:00:00,강릉,2,GFS,4.0,10.0,0,6.0
2026-08-18 03:00:00,제주,2,나우캐스트,95.8126449584961,60.0,2,35.812644958496094
2026-08-18 03:00:00,제주,2,ECMWF,86.0,60.0,6,26.0
2026-08-18 03:00:00,제주,2,GFS,17.0,60.0,0,43.0
2026-08-18 06:00:00,서울,5,나우캐스트,62.74137878417969,40.0,5,22.741378784179688
2026-08-18 06:00:00,서울,5,ECMWF,77.0,40.0,9,37.0
2026-08-18 06:00:00,서울,5,GFS,16.0,40.0,3,24.0
2026-08-18 06:00:00,대전,5,나우캐스트,68.66494750976562,10.0,5,58.664947509765625
2026-08-18 06:00:00,대전,5,ECMWF,100.0,10.0,9,90.0
2026-08-18 06:00:00,대전,5,GFS,87.0,10.0,3,77.0
2026-08-18 06:00:00,대구,5,나우캐스트,66.76130676269531,40.0,5,26.761306762695312
2026-08-18 06:00:00,대구,5,ECMWF,100.0,40.0,9,60.0
2026-08-18 06:00:00,대구,5,GFS,94.0,40.0,3,54.0
2026-08-18 06:00:00,광주,5,나우캐스트,69.669921875,10.0,5,59.669921875
2026-08-18 06:00:00,광주,5,ECMWF,100.0,10.0,9,90.0
2026-08-18 06:00:00,광주,5,GFS,85.0,10.0,3,75.0
2026-08-18 06:00:00,부산,5,나우캐스트,82.31106567382812,100.0,5,17.688934326171875
2026-08-18 06:00:00,부산,5,ECMWF,98.0,100.0,9,2.0
2026-08-18 06:00:00,부산,5,GFS,72.0,100.0,3,28.0
2026-08-18 06:00:00,인천,5,나우캐스트,45.07292556762695,10.0,5,35.07292556762695
2026-08-18 06:00:00,인천,5,ECMWF,20.0,10.0,9,10.0
2026-08-18 06:00:00,인천,5,GFS,1.0,10.0,3,9.0
2026-08-18 06:00:00,수원,5,나우캐스트,43.43452072143555,10.0,5,33.43452072143555
2026-08-18 06:00:00,수원,5,ECMWF,78.0,10.0,9,68.0
2026-08-18 06:00:00,수원,5,GFS,33.0,10.0,3,23.0
2026-08-18 06:00:00,전주,5,나우캐스트,63.4415397644043,20.0,5,43.4415397644043
2026-08-18 06:00:00,전주,5,ECMWF,75.0,20.0,9,55.0
2026-08-18 06:00:00,전주,5,GFS,63.0,20.0,3,43.0
2026-08-18 06:00:00,강릉,5,나우캐스트,26.96224403381348,10.0,5,16.962244033813477
2026-08-18 06:00:00,강릉,5,ECMWF,12.0,10.0,9,2.0
2026-08-18 06:00:00,강릉,5,GFS,5.0,10.0,3,5.0
2026-08-18 06:00:00,제주,5,나우캐스트,93.5929718017578,80.0,5,13.592971801757812
2026-08-18 06:00:00,제주,5,ECMWF,65.0,80.0,9,15.0
2026-08-18 06:00:00,제주,5,GFS,86.0,80.0,3,6.0
2026-08-18 03:00:00,서울,1,나우캐스트,18.9608154296875,10.0,1,8.9608154296875
2026-08-18 03:00:00,서울,1,ECMWF,77.0,10.0,6,67.0
2026-08-18 03:00:00,서울,1,GFS,10.0,10.0,0,0.0
2026-08-18 03:00:00,대전,1,나우캐스트,31.08446884155273,20.0,1,11.084468841552734
2026-08-18 03:00:00,대전,1,ECMWF,98.0,20.0,6,78.0
2026-08-18 03:00:00,대전,1,GFS,34.0,20.0,0,14.0
2026-08-18 03:00:00,대구,1,나우캐스트,85.96527099609375,40.0,1,45.96527099609375
2026-08-18 03:00:00,대구,1,ECMWF,100.0,40.0,6,60.0
2026-08-18 03:00:00,대구,1,GFS,52.0,40.0,0,12.0
2026-08-18 03:00:00,광주,1,나우캐스트,68.48856353759766,10.0,1,58.488563537597656
2026-08-18 03:00:00,광주,1,ECMWF,94.0,10.0,6,84.0
2026-08-18 03:00:00,광주,1,GFS,66.0,10.0,0,56.0
2026-08-18 03:00:00,부산,1,나우캐스트,98.82874298095705,100.0,1,1.1712570190429688
2026-08-18 03:00:00,부산,1,ECMWF,33.0,100.0,6,67.0
2026-08-18 03:00:00,부산,1,GFS,10.0,100.0,0,90.0
2026-08-18 03:00:00,인천,1,나우캐스트,5.315555095672607,10.0,1,4.684444904327393
2026-08-18 03:00:00,인천,1,ECMWF,16.0,10.0,6,6.0
2026-08-18 03:00:00,인천,1,GFS,2.0,10.0,0,8.0
2026-08-18 03:00:00,수원,1,나우캐스트,35.050010681152344,0.0,1,35.050010681152344
2026-08-18 03:00:00,수원,1,ECMWF,27.0,0.0,6,27.0
2026-08-18 03:00:00,수원,1,GFS,19.0,0.0,0,19.0
2026-08-18 03:00:00,전주,1,나우캐스트,63.42212677001953,30.0,1,33.42212677001953
2026-08-18 03:00:00,전주,1,ECMWF,39.0,30.0,6,9.0
2026-08-18 03:00:00,전주,1,GFS,52.0,30.0,0,22.0
2026-08-18 03:00:00,강릉,1,나우캐스트,39.55474853515625,10.0,1,29.55474853515625
2026-08-18 03:00:00,강릉,1,ECMWF,27.0,10.0,6,17.0
2026-08-18 03:00:00,강릉,1,GFS,4.0,10.0,0,6.0
2026-08-18 03:00:00,제주,1,나우캐스트,99.40243530273438,60.0,1,39.402435302734375
2026-08-18 03:00:00,제주,1,ECMWF,86.0,60.0,6,26.0
2026-08-18 03:00:00,제주,1,GFS,17.0,60.0,0,43.0
2026-08-18 06:00:00,서울,4,나우캐스트,65.86376190185547,40.0,4,25.86376190185547
2026-08-18 06:00:00,서울,4,ECMWF,77.0,40.0,9,37.0
2026-08-18 06:00:00,서울,4,GFS,16.0,40.0,3,24.0
2026-08-18 06:00:00,대전,4,나우캐스트,69.07691955566406,10.0,4,59.07691955566406
2026-08-18 06:00:00,대전,4,ECMWF,100.0,10.0,9,90.0
2026-08-18 06:00:00,대전,4,GFS,87.0,10.0,3,77.0
2026-08-18 06:00:00,대구,4,나우캐스트,72.71290588378906,40.0,4,32.71290588378906
2026-08-18 06:00:00,대구,4,ECMWF,100.0,40.0,9,60.0
2026-08-18 06:00:00,대구,4,GFS,94.0,40.0,3,54.0
2026-08-18 06:00:00,광주,4,나우캐스트,73.43110656738281,10.0,4,63.43110656738281
2026-08-18 06:00:00,광주,4,ECMWF,100.0,10.0,9,90.0
2026-08-18 06:00:00,광주,4,GFS,85.0,10.0,3,75.0
2026-08-18 06:00:00,부산,4,나우캐스트,92.40022277832033,100.0,4,7.599777221679687
2026-08-18 06:00:00,부산,4,ECMWF,98.0,100.0,9,2.0
2026-08-18 06:00:00,부산,4,GFS,72.0,100.0,3,28.0
2026-08-18 06:00:00,인천,4,나우캐스트,37.98167419433594,10.0,4,27.981674194335938
2026-08-18 06:00:00,인천,4,ECMWF,20.0,10.0,9,10.0
2026-08-18 06:00:00,인천,4,GFS,1.0,10.0,3,9.0
2026-08-18 06:00:00,수원,4,나우캐스트,51.94208526611328,10.0,4,41.94208526611328
2026-08-18 06:00:00,수원,4,ECMWF,78.0,10.0,9,68.0
2026-08-18 06:00:00,수원,4,GFS,33.0,10.0,3,23.0
2026-08-18 06:00:00,전주,4,나우캐스트,51.876441955566406,20.0,4,31.876441955566406
2026-08-18 06:00:00,전주,4,ECMWF,75.0,20.0,9,55.0
2026-08-18 06:00:00,전주,4,GFS,63.0,20.0,3,43.0
2026-08-18 06:00:00,강릉,4,나우캐스트,17.960430145263672,10.0,4,7.960430145263672
2026-08-18 06:00:00,강릉,4,ECMWF,12.0,10.0,9,2.0
2026-08-18 06:00:00,강릉,4,GFS,5.0,10.0,3,5.0
2026-08-18 06:00:00,제주,4,나우캐스트,93.20295715332033,80.0,4,13.202957153320312
2026-08-18 06:00:00,제주,4,ECMWF,65.0,80.0,9,15.0
2026-08-18 06:00:00,제주,4,GFS,86.0,80.0,3,6.0
2026-08-18 06:00:00,서울,3,나우캐스트,63.796024322509766,40.0,3,23.79602432250977
2026-08-18 06:00:00,서울,3,ECMWF,77.0,40.0,9,37.0
2026-08-18 06:00:00,서울,3,GFS,16.0,40.0,3,24.0
2026-08-18 06:00:00,대전,3,나우캐스트,73.73812103271484,10.0,3,63.73812103271485
2026-08-18 06:00:00,대전,3,ECMWF,100.0,10.0,9,90.0
2026-08-18 06:00:00,대전,3,GFS,87.0,10.0,3,77.0
2026-08-18 06:00:00,대구,3,나우캐스트,78.37916564941406,40.0,3,38.37916564941406
2026-08-18 06:00:00,대구,3,ECMWF,100.0,40.0,9,60.0
2026-08-18 06:00:00,대구,3,GFS,94.0,40.0,3,54.0
2026-08-18 06:00:00,광주,3,나우캐스트,76.59085083007812,10.0,3,66.59085083007812
2026-08-18 06:00:00,광주,3,ECMWF,100.0,10.0,9,90.0
2026-08-18 06:00:00,광주,3,GFS,85.0,10.0,3,75.0
2026-08-18 06:00:00,부산,3,나우캐스트,91.79388427734376,100.0,3,8.20611572265625
2026-08-18 06:00:00,부산,3,ECMWF,98.0,100.0,9,2.0
2026-08-18 06:00:00,부산,3,GFS,72.0,100.0,3,28.0
2026-08-18 06:00:00,인천,3,나우캐스트,30.83004379272461,10.0,3,20.83004379272461
2026-08-18 06:00:00,인천,3,ECMWF,20.0,10.0,9,10.0
2026-08-18 06:00:00,인천,3,GFS,1.0,10.0,3,9.0
2026-08-18 06:00:00,수원,3,나우캐스트,66.79241180419922,10.0,3,56.79241180419922
2026-08-18 06:00:00,수원,3,ECMWF,78.0,10.0,9,68.0
2026-08-18 06:00:00,수원,3,GFS,33.0,10.0,3,23.0
2026-08-18 06:00:00,전주,3,나우캐스트,78.02465057373047,20.0,3,58.02465057373047
2026-08-18 06:00:00,전주,3,ECMWF,75.0,20.0,9,55.0
2026-08-18 06:00:00,전주,3,GFS,63.0,20.0,3,43.0
2026-08-18 06:00:00,강릉,3,나우캐스트,13.622566223144531,10.0,3,3.6225662231445312
2026-08-18 06:00:00,강릉,3,ECMWF,12.0,10.0,9,2.0
2026-08-18 06:00:00,강릉,3,GFS,5.0,10.0,3,5.0
2026-08-18 06:00:00,제주,3,나우캐스트,73.6421127319336,80.0,3,6.357887268066406
2026-08-18 06:00:00,제주,3,ECMWF,65.0,80.0,9,15.0
2026-08-18 06:00:00,제주,3,GFS,86.0,80.0,3,6.0
2026-08-18 09:00:00,서울,6,나우캐스트,80.81826782226562,60.0,6,20.818267822265625
2026-08-18 09:00:00,서울,6,ECMWF,12.0,60.0,0,48.0
2026-08-18 09:00:00,서울,6,GFS,7.0,60.0,6,53.0
2026-08-18 09:00:00,대전,6,나우캐스트,68.48106384277344,10.0,6,58.48106384277344
2026-08-18 09:00:00,대전,6,ECMWF,29.0,10.0,0,19.0
2026-08-18 09:00:00,대전,6,GFS,38.0,10.0,6,28.0
2026-08-18 09:00:00,대구,6,나우캐스트,72.57434844970703,80.0,6,7.425651550292969
2026-08-18 09:00:00,대구,6,ECMWF,98.0,80.0,0,18.0
2026-08-18 09:00:00,대구,6,GFS,82.0,80.0,6,2.0
2026-08-18 09:00:00,광주,6,나우캐스트,79.0435791015625,40.0,6,39.0435791015625
2026-08-18 09:00:00,광주,6,ECMWF,61.0,40.0,0,21.0
2026-08-18 09:00:00,광주,6,GFS,74.0,40.0,6,34.0
2026-08-18 09:00:00,부산,6,나우캐스트,85.15666198730469,100.0,6,14.843338012695312
2026-08-18 09:00:00,부산,6,ECMWF,100.0,100.0,0,0.0
2026-08-18 09:00:00,부산,6,GFS,100.0,100.0,6,0.0
2026-08-18 09:00:00,인천,6,나우캐스트,61.41689300537109,30.0,6,31.416893005371094
2026-08-18 09:00:00,인천,6,ECMWF,3.0,30.0,0,27.0
2026-08-18 09:00:00,인천,6,GFS,4.0,30.0,6,26.0
2026-08-18 09:00:00,수원,6,나우캐스트,72.83786010742188,30.0,6,42.83786010742188
2026-08-18 09:00:00,수원,6,ECMWF,31.0,30.0,0,1.0
2026-08-18 09:00:00,수원,6,GFS,25.0,30.0,6,5.0
2026-08-18 09:00:00,전주,6,나우캐스트,49.545143127441406,40.0,6,9.545143127441406
2026-08-18 09:00:00,전주,6,ECMWF,28.0,40.0,0,12.0
2026-08-18 09:00:00,전주,6,GFS,62.0,40.0,6,22.0
2026-08-18 09:00:00,강릉,6,나우캐스트,20.97932243347168,10.0,6,10.97932243347168
2026-08-18 09:00:00,강릉,6,ECMWF,8.0,10.0,0,2.0
2026-08-18 09:00:00,강릉,6,GFS,0.0,10.0,6,10.0
2026-08-18 09:00:00,제주,6,나우캐스트,78.03630065917969,80.0,6,1.9636993408203125
2026-08-18 09:00:00,제주,6,ECMWF,99.0,80.0,0,19.0
2026-08-18 09:00:00,제주,6,GFS,82.0,80.0,6,2.0
2026-08-18 06:00:00,서울,2,나우캐스트,78.60760498046875,40.0,2,38.60760498046875
2026-08-18 06:00:00,서울,2,ECMWF,77.0,40.0,9,37.0
2026-08-18 06:00:00,서울,2,GFS,16.0,40.0,3,24.0
2026-08-18 06:00:00,대전,2,나우캐스트,69.67972564697266,10.0,2,59.679725646972656
2026-08-18 06:00:00,대전,2,ECMWF,100.0,10.0,9,90.0
2026-08-18 06:00:00,대전,2,GFS,87.0,10.0,3,77.0
2026-08-18 06:00:00,대구,2,나우캐스트,90.40947723388672,40.0,2,50.40947723388672
2026-08-18 06:00:00,대구,2,ECMWF,100.0,40.0,9,60.0
2026-08-18 06:00:00,대구,2,GFS,94.0,40.0,3,54.0
2026-08-18 06:00:00,광주,2,나우캐스트,68.72044372558594,10.0,2,58.72044372558594
2026-08-18 06:00:00,광주,2,ECMWF,100.0,10.0,9,90.0
2026-08-18 06:00:00,광주,2,GFS,85.0,10.0,3,75.0
2026-08-18 06:00:00,부산,2,나우캐스트,92.56706237792967,100.0,2,7.432937622070312
2026-08-18 06:00:00,부산,2,ECMWF,98.0,100.0,9,2.0
2026-08-18 06:00:00,부산,2,GFS,72.0,100.0,3,28.0
2026-08-18 06:00:00,인천,2,나우캐스트,30.64441680908203,10.0,2,20.64441680908203
2026-08-18 06:00:00,인천,2,ECMWF,20.0,10.0,9,10.0
2026-08-18 06:00:00,인천,2,GFS,1.0,10.0,3,9.0
2026-08-18 06:00:00,수원,2,나우캐스트,68.07463836669922,10.0,2,58.07463836669922
2026-08-18 06:00:00,수원,2,ECMWF,78.0,10.0,9,68.0
2026-08-18 06:00:00,수원,2,GFS,33.0,10.0,3,23.0
2026-08-18 06:00:00,전주,2,나우캐스트,73.01653289794922,20.0,2,53.01653289794922
2026-08-18 06:00:00,전주,2,ECMWF,75.0,20.0,9,55.0
2026-08-18 06:00:00,전주,2,GFS,63.0,20.0,3,43.0
2026-08-18 06:00:00,강릉,2,나우캐스트,7.672297477722168,10.0,2,2.327702522277832
2026-08-18 06:00:00,강릉,2,ECMWF,12.0,10.0,9,2.0
2026-08-18 06:00:00,강릉,2,GFS,5.0,10.0,3,5.0
2026-08-18 06:00:00,제주,2,나우캐스트,49.86066436767578,80.0,2,30.13933563232422
2026-08-18 06:00:00,제주,2,ECMWF,65.0,80.0,9,15.0
2026-08-18 06:00:00,제주,2,GFS,86.0,80.0,3,6.0
2026-08-18 09:00:00,서울,5,나우캐스트,72.36767578125,60.0,5,12.36767578125
2026-08-18 09:00:00,서울,5,ECMWF,12.0,60.0,0,48.0
2026-08-18 09:00:00,서울,5,GFS,7.0,60.0,6,53.0
2026-08-18 09:00:00,대전,5,나우캐스트,74.61155700683594,10.0,5,64.61155700683594
2026-08-18 09:00:00,대전,5,ECMWF,29.0,10.0,0,19.0
2026-08-18 09:00:00,대전,5,GFS,38.0,10.0,6,28.0
2026-08-18 09:00:00,대구,5,나우캐스트,86.78023529052734,80.0,5,6.780235290527344
2026-08-18 09:00:00,대구,5,ECMWF,98.0,80.0,0,18.0
2026-08-18 09:00:00,대구,5,GFS,82.0,80.0,6,2.0
2026-08-18 09:00:00,광주,5,나우캐스트,81.1086654663086,40.0,5,41.108665466308594
2026-08-18 09:00:00,광주,5,ECMWF,61.0,40.0,0,21.0
2026-08-18 09:00:00,광주,5,GFS,74.0,40.0,6,34.0
2026-08-18 09:00:00,부산,5,나우캐스트,90.45574188232422,100.0,5,9.54425811767578
2026-08-18 09:00:00,부산,5,ECMWF,100.0,100.0,0,0.0
2026-08-18 09:00:00,부산,5,GFS,100.0,100.0,6,0.0
2026-08-18 09:00:00,인천,5,나우캐스트,38.04103469848633,30.0,5,8.041034698486328
2026-08-18 09:00:00,인천,5,ECMWF,3.0,30.0,0,27.0
2026-08-18 09:00:00,인천,5,GFS,4.0,30.0,6,26.0
2026-08-18 09:00:00,수원,5,나우캐스트,67.55187225341797,30.0,5,37.55187225341797
2026-08-18 09:00:00,수원,5,ECMWF,31.0,30.0,0,1.0
2026-08-18 09:00:00,수원,5,GFS,25.0,30.0,6,5.0
2026-08-18 09:00:00,전주,5,나우캐스트,67.02337646484375,40.0,5,27.02337646484375
2026-08-18 09:00:00,전주,5,ECMWF,28.0,40.0,0,12.0
2026-08-18 09:00:00,전주,5,GFS,62.0,40.0,6,22.0
2026-08-18 09:00:00,강릉,5,나우캐스트,12.530424118041992,10.0,5,2.530424118041992
2026-08-18 09:00:00,강릉,5,ECMWF,8.0,10.0,0,2.0
2026-08-18 09:00:00,강릉,5,GFS,0.0,10.0,6,10.0
2026-08-18 09:00:00,제주,5,나우캐스트,76.98039245605469,80.0,5,3.0196075439453125
2026-08-18 09:00:00,제주,5,ECMWF,99.0,80.0,0,19.0
2026-08-18 09:00:00,제주,5,GFS,82.0,80.0,6,2.0
2026-08-18 06:00:00,서울,1,나우캐스트,86.60310363769531,40.0,1,46.60310363769531
2026-08-18 06:00:00,서울,1,ECMWF,77.0,40.0,9,37.0
2026-08-18 06:00:00,서울,1,GFS,16.0,40.0,3,24.0
2026-08-18 06:00:00,대전,1,나우캐스트,74.04159545898438,10.0,1,64.04159545898438
2026-08-18 06:00:00,대전,1,ECMWF,100.0,10.0,9,90.0
2026-08-18 06:00:00,대전,1,GFS,87.0,10.0,3,77.0
2026-08-18 06:00:00,대구,1,나우캐스트,82.13041687011719,40.0,1,42.13041687011719
2026-08-18 06:00:00,대구,1,ECMWF,100.0,40.0,9,60.0
2026-08-18 06:00:00,대구,1,GFS,94.0,40.0,3,54.0
2026-08-18 06:00:00,광주,1,나우캐스트,58.55977630615234,10.0,1,48.55977630615234
2026-08-18 06:00:00,광주,1,ECMWF,100.0,10.0,9,90.0
2026-08-18 06:00:00,광주,1,GFS,85.0,10.0,3,75.0
2026-08-18 06:00:00,부산,1,나우캐스트,92.1588134765625,100.0,1,7.8411865234375
2026-08-18 06:00:00,부산,1,ECMWF,98.0,100.0,9,2.0
2026-08-18 06:00:00,부산,1,GFS,72.0,100.0,3,28.0
2026-08-18 06:00:00,인천,1,나우캐스트,18.64326286315918,10.0,1,8.64326286315918
2026-08-18 06:00:00,인천,1,ECMWF,20.0,10.0,9,10.0
2026-08-18 06:00:00,인천,1,GFS,1.0,10.0,3,9.0
2026-08-18 06:00:00,수원,1,나우캐스트,90.4248046875,10.0,1,80.4248046875
2026-08-18 06:00:00,수원,1,ECMWF,78.0,10.0,9,68.0
2026-08-18 06:00:00,수원,1,GFS,33.0,10.0,3,23.0
2026-08-18 06:00:00,전주,1,나우캐스트,66.49217224121094,20.0,1,46.49217224121094
2026-08-18 06:00:00,전주,1,ECMWF,75.0,20.0,9,55.0
2026-08-18 06:00:00,전주,1,GFS,63.0,20.0,3,43.0
2026-08-18 06:00:00,강릉,1,나우캐스트,11.9607572555542,10.0,1,1.9607572555541992
2026-08-18 06:00:00,강릉,1,ECMWF,12.0,10.0,9,2.0
2026-08-18 06:00:00,강릉,1,GFS,5.0,10.0,3,5.0
2026-08-18 06:00:00,제주,1,나우캐스트,88.24440002441406,80.0,1,8.244400024414062
2026-08-18 06:00:00,제주,1,ECMWF,65.0,80.0,9,15.0
2026-08-18 06:00:00,제주,1,GFS,86.0,80.0,3,6.0
2026-08-18 09:00:00,서울,4,나우캐스트,88.62539672851562,60.0,4,28.625396728515625
2026-08-18 09:00:00,서울,4,ECMWF,12.0,60.0,0,48.0
2026-08-18 09:00:00,서울,4,GFS,7.0,60.0,6,53.0
2026-08-18 09:00:00,대전,4,나우캐스트,71.55278778076172,10.0,4,61.55278778076172
2026-08-18 09:00:00,대전,4,ECMWF,29.0,10.0,0,19.0
2026-08-18 09:00:00,대전,4,GFS,38.0,10.0,6,28.0
2026-08-18 09:00:00,대구,4,나우캐스트,79.8772964477539,80.0,4,0.1227035522460937
2026-08-18 09:00:00,대구,4,ECMWF,98.0,80.0,0,18.0
2026-08-18 09:00:00,대구,4,GFS,82.0,80.0,6,2.0
2026-08-18 09:00:00,광주,4,나우캐스트,74.10285949707031,40.0,4,34.10285949707031
2026-08-18 09:00:00,광주,4,ECMWF,61.0,40.0,0,21.0
2026-08-18 09:00:00,광주,4,GFS,74.0,40.0,6,34.0
2026-08-18 09:00:00,부산,4,나우캐스트,91.16768646240234,100.0,4,8.832313537597656
2026-08-18 09:00:00,부산,4,ECMWF,100.0,100.0,0,0.0
2026-08-18 09:00:00,부산,4,GFS,100.0,100.0,6,0.0
2026-08-18 09:00:00,인천,4,나우캐스트,60.2828254699707,30.0,4,30.282825469970703
2026-08-18 09:00:00,인천,4,ECMWF,3.0,30.0,0,27.0
2026-08-18 09:00:00,인천,4,GFS,4.0,30.0,6,26.0
2026-08-18 09:00:00,수원,4,나우캐스트,82.6778335571289,30.0,4,52.677833557128906
2026-08-18 09:00:00,수원,4,ECMWF,31.0,30.0,0,1.0
2026-08-18 09:00:00,수원,4,GFS,25.0,30.0,6,5.0
2026-08-18 09:00:00,전주,4,나우캐스트,63.27355194091797,40.0,4,23.27355194091797
2026-08-18 09:00:00,전주,4,ECMWF,28.0,40.0,0,12.0
2026-08-18 09:00:00,전주,4,GFS,62.0,40.0,6,22.0
2026-08-18 09:00:00,강릉,4,나우캐스트,16.65192222595215,10.0,4,6.651922225952148
2026-08-18 09:00:00,강릉,4,ECMWF,8.0,10.0,0,2.0
2026-08-18 09:00:00,강릉,4,GFS,0.0,10.0,6,10.0
2026-08-18 09:00:00,제주,4,나우캐스트,88.4364013671875,80.0,4,8.4364013671875
2026-08-18 09:00:00,제주,4,ECMWF,99.0,80.0,0,19.0
2026-08-18 09:00:00,제주,4,GFS,82.0,80.0,6,2.0
2026-08-18 09:00:00,서울,3,나우캐스트,75.47944641113281,60.0,3,15.479446411132812
2026-08-18 09:00:00,서울,3,ECMWF,12.0,60.0,0,48.0
2026-08-18 09:00:00,서울,3,GFS,7.0,60.0,6,53.0
2026-08-18 09:00:00,대전,3,나우캐스트,48.54734420776367,10.0,3,38.54734420776367
2026-08-18 09:00:00,대전,3,ECMWF,29.0,10.0,0,19.0
2026-08-18 09:00:00,대전,3,GFS,38.0,10.0,6,28.0
2026-08-18 09:00:00,대구,3,나우캐스트,63.68720245361328,80.0,3,16.31279754638672
2026-08-18 09:00:00,대구,3,ECMWF,98.0,80.0,0,18.0
2026-08-18 09:00:00,대구,3,GFS,82.0,80.0,6,2.0
2026-08-18 09:00:00,광주,3,나우캐스트,66.72224426269531,40.0,3,26.722244262695312
2026-08-18 09:00:00,광주,3,ECMWF,61.0,40.0,0,21.0
2026-08-18 09:00:00,광주,3,GFS,74.0,40.0,6,34.0
2026-08-18 09:00:00,부산,3,나우캐스트,91.50415802001952,100.0,3,8.495841979980469
2026-08-18 09:00:00,부산,3,ECMWF,100.0,100.0,0,0.0
2026-08-18 09:00:00,부산,3,GFS,100.0,100.0,6,0.0
2026-08-18 09:00:00,인천,3,나우캐스트,38.118934631347656,30.0,3,8.118934631347656
2026-08-18 09:00:00,인천,3,ECMWF,3.0,30.0,0,27.0
2026-08-18 09:00:00,인천,3,GFS,4.0,30.0,6,26.0
2026-08-18 09:00:00,수원,3,나우캐스트,75.81209564208984,30.0,3,45.81209564208984
2026-08-18 09:00:00,수원,3,ECMWF,31.0,30.0,0,1.0
2026-08-18 09:00:00,수원,3,GFS,25.0,30.0,6,5.0
2026-08-18 09:00:00,전주,3,나우캐스트,60.54262161254883,40.0,3,20.542621612548828
2026-08-18 09:00:00,전주,3,ECMWF,28.0,40.0,0,12.0
2026-08-18 09:00:00,전주,3,GFS,62.0,40.0,6,22.0
2026-08-18 09:00:00,강릉,3,나우캐스트,19.44892120361328,10.0,3,9.44892120361328
2026-08-18 09:00:00,강릉,3,ECMWF,8.0,10.0,0,2.0
2026-08-18 09:00:00,강릉,3,GFS,0.0,10.0,6,10.0
2026-08-18 09:00:00,제주,3,나우캐스트,92.5498275756836,80.0,3,12.549827575683594
2026-08-18 09:00:00,제주,3,ECMWF,99.0,80.0,0,19.0
2026-08-18 09:00:00,제주,3,GFS,82.0,80.0,6,2.0
2026-08-18 12:00:00,서울,6,나우캐스트,68.9090347290039,60.0,6,8.909034729003906
2026-08-18 12:00:00,서울,6,ECMWF,19.0,60.0,3,41.0
2026-08-18 12:00:00,서울,6,GFS,5.0,60.0,9,55.0
2026-08-18 12:00:00,대전,6,나우캐스트,39.13225173950195,40.0,6,0.8677482604980469
2026-08-18 12:00:00,대전,6,ECMWF,5.0,40.0,3,35.0
2026-08-18 12:00:00,대전,6,GFS,7.0,40.0,9,33.0
2026-08-18 12:00:00,대구,6,나우캐스트,67.24337768554688,100.0,6,32.756622314453125
2026-08-18 12:00:00,대구,6,ECMWF,22.0,100.0,3,78.0
2026-08-18 12:00:00,대구,6,GFS,44.0,100.0,9,56.0
2026-08-18 12:00:00,광주,6,나우캐스트,58.868797302246094,50.0,6,8.868797302246094
2026-08-18 12:00:00,광주,6,ECMWF,32.0,50.0,3,18.0
2026-08-18 12:00:00,광주,6,GFS,8.0,50.0,9,42.0
2026-08-18 12:00:00,부산,6,나우캐스트,80.36573028564453,100.0,6,19.63426971435547
2026-08-18 12:00:00,부산,6,ECMWF,48.0,100.0,3,52.0
2026-08-18 12:00:00,부산,6,GFS,54.0,100.0,9,46.0
2026-08-18 12:00:00,인천,6,나우캐스트,47.61201095581055,30.0,6,17.612010955810547
2026-08-18 12:00:00,인천,6,ECMWF,15.0,30.0,3,15.0
2026-08-18 12:00:00,인천,6,GFS,5.0,30.0,9,25.0
2026-08-18 12:00:00,수원,6,나우캐스트,63.978511810302734,40.0,6,23.97851181030273
2026-08-18 12:00:00,수원,6,ECMWF,12.0,40.0,3,28.0
2026-08-18 12:00:00,수원,6,GFS,2.0,40.0,9,38.0
2026-08-18 12:00:00,전주,6,나우캐스트,50.48482131958008,40.0,6,10.484821319580078
2026-08-18 12:00:00,전주,6,ECMWF,12.0,40.0,3,28.0
2026-08-18 12:00:00,전주,6,GFS,51.0,40.0,9,11.0
2026-08-18 12:00:00,강릉,6,나우캐스트,12.012852668762209,0.0,6,12.012852668762209
2026-08-18 12:00:00,강릉,6,ECMWF,16.0,0.0,3,16.0
2026-08-18 12:00:00,강릉,6,GFS,2.0,0.0,9,2.0
2026-08-18 12:00:00,제주,6,나우캐스트,90.69597625732422,100.0,6,9.30402374267578
2026-08-18 12:00:00,제주,6,ECMWF,95.0,100.0,3,5.0
2026-08-18 12:00:00,제주,6,GFS,100.0,100.0,9,0.0
2026-08-18 09:00:00,서울,2,나우캐스트,75.75445556640625,60.0,2,15.75445556640625
2026-08-18 09:00:00,서울,2,ECMWF,12.0,60.0,0,48.0
2026-08-18 09:00:00,서울,2,GFS,7.0,60.0,6,53.0
2026-08-18 09:00:00,대전,2,나우캐스트,67.09638977050781,10.0,2,57.09638977050781
2026-08-18 09:00:00,대전,2,ECMWF,29.0,10.0,0,19.0
2026-08-18 09:00:00,대전,2,GFS,38.0,10.0,6,28.0
2026-08-18 09:00:00,대구,2,나우캐스트,76.13768005371094,80.0,2,3.8623199462890634
2026-08-18 09:00:00,대구,2,ECMWF,98.0,80.0,0,18.0
2026-08-18 09:00:00,대구,2,GFS,82.0,80.0,6,2.0
2026-08-18 09:00:00,광주,2,나우캐스트,74.98924255371094,40.0,2,34.98924255371094
2026-08-18 09:00:00,광주,2,ECMWF,61.0,40.0,0,21.0
2026-08-18 09:00:00,광주,2,GFS,74.0,40.0,6,34.0
2026-08-18 09:00:00,부산,2,나우캐스트,91.54533386230467,100.0,2,8.454666137695312
2026-08-18 09:00:00,부산,2,ECMWF,100.0,100.0,0,0.0
2026-08-18 09:00:00,부산,2,GFS,100.0,100.0,6,0.0
2026-08-18 09:00:00,인천,2,나우캐스트,63.30727005004883,30.0,2,33.30727005004883
2026-08-18 09:00:00,인천,2,ECMWF,3.0,30.0,0,27.0
2026-08-18 09:00:00,인천,2,GFS,4.0,30.0,6,26.0
2026-08-18 09:00:00,수원,2,나우캐스트,74.09589385986328,30.0,2,44.09589385986328
2026-08-18 09:00:00,수원,2,ECMWF,31.0,30.0,0,1.0
2026-08-18 09:00:00,수원,2,GFS,25.0,30.0,6,5.0
2026-08-18 09:00:00,전주,2,나우캐스트,66.17634582519531,40.0,2,26.176345825195312
2026-08-18 09:00:00,전주,2,ECMWF,28.0,40.0,0,12.0
2026-08-18 09:00:00,전주,2,GFS,62.0,40.0,6,22.0
2026-08-18 09:00:00,강릉,2,나우캐스트,29.40821647644043,10.0,2,19.40821647644043
2026-08-18 09:00:00,강릉,2,ECMWF,8.0,10.0,0,2.0
2026-08-18 09:00:00,강릉,2,GFS,0.0,10.0,6,10.0
2026-08-18 09:00:00,제주,2,나우캐스트,93.61463928222656,80.0,2,13.614639282226562
2026-08-18 09:00:00,제주,2,ECMWF,99.0,80.0,0,19.0
2026-08-18 09:00:00,제주,2,GFS,82.0,80.0,6,2.0
2026-08-18 12:00:00,서울,5,나우캐스트,69.70403289794922,60.0,5,9.70403289794922
2026-08-18 12:00:00,서울,5,ECMWF,19.0,60.0,3,41.0
2026-08-18 12:00:00,서울,5,GFS,5.0,60.0,9,55.0
2026-08-18 12:00:00,대전,5,나우캐스트,52.99246597290039,40.0,5,12.99246597290039
2026-08-18 12:00:00,대전,5,ECMWF,5.0,40.0,3,35.0
2026-08-18 12:00:00,대전,5,GFS,7.0,40.0,9,33.0
2026-08-18 12:00:00,대구,5,나우캐스트,70.85379028320312,100.0,5,29.146209716796875
2026-08-18 12:00:00,대구,5,ECMWF,22.0,100.0,3,78.0
2026-08-18 12:00:00,대구,5,GFS,44.0,100.0,9,56.0
2026-08-18 12:00:00,광주,5,나우캐스트,54.67778015136719,50.0,5,4.677780151367188
2026-08-18 12:00:00,광주,5,ECMWF,32.0,50.0,3,18.0
2026-08-18 12:00:00,광주,5,GFS,8.0,50.0,9,42.0
2026-08-18 12:00:00,부산,5,나우캐스트,84.93667602539062,100.0,5,15.063323974609377
2026-08-18 12:00:00,부산,5,ECMWF,48.0,100.0,3,52.0
2026-08-18 12:00:00,부산,5,GFS,54.0,100.0,9,46.0
2026-08-18 12:00:00,인천,5,나우캐스트,56.16151809692383,30.0,5,26.161518096923828
2026-08-18 12:00:00,인천,5,ECMWF,15.0,30.0,3,15.0
2026-08-18 12:00:00,인천,5,GFS,5.0,30.0,9,25.0
2026-08-18 12:00:00,수원,5,나우캐스트,58.76701354980469,40.0,5,18.767013549804688
2026-08-18 12:00:00,수원,5,ECMWF,12.0,40.0,3,28.0
2026-08-18 12:00:00,수원,5,GFS,2.0,40.0,9,38.0
2026-08-18 12:00:00,전주,5,나우캐스트,54.16494369506836,40.0,5,14.16494369506836
2026-08-18 12:00:00,전주,5,ECMWF,12.0,40.0,3,28.0
2026-08-18 12:00:00,전주,5,GFS,51.0,40.0,9,11.0
2026-08-18 12:00:00,강릉,5,나우캐스트,28.385818481445312,0.0,5,28.385818481445312
2026-08-18 12:00:00,강릉,5,ECMWF,16.0,0.0,3,16.0
2026-08-18 12:00:00,강릉,5,GFS,2.0,0.0,9,2.0
2026-08-18 12:00:00,제주,5,나우캐스트,86.54264831542969,100.0,5,13.457351684570312
2026-08-18 12:00:00,제주,5,ECMWF,95.0,100.0,3,5.0
2026-08-18 12:00:00,제주,5,GFS,100.0,100.0,9,0.0
2026-08-18 09:00:00,서울,1,나우캐스트,87.91049194335938,60.0,1,27.91049194335937
2026-08-18 09:00:00,서울,1,ECMWF,12.0,60.0,0,48.0
2026-08-18 09:00:00,서울,1,GFS,7.0,60.0,6,53.0
2026-08-18 09:00:00,대전,1,나우캐스트,54.89501190185547,10.0,1,44.89501190185547
2026-08-18 09:00:00,대전,1,ECMWF,29.0,10.0,0,19.0
2026-08-18 09:00:00,대전,1,GFS,38.0,10.0,6,28.0
2026-08-18 09:00:00,대구,1,나우캐스트,99.11675262451172,80.0,1,19.11675262451172
2026-08-18 09:00:00,대구,1,ECMWF,98.0,80.0,0,18.0
2026-08-18 09:00:00,대구,1,GFS,82.0,80.0,6,2.0
2026-08-18 09:00:00,광주,1,나우캐스트,81.873291015625,40.0,1,41.873291015625
2026-08-18 09:00:00,광주,1,ECMWF,61.0,40.0,0,21.0
2026-08-18 09:00:00,광주,1,GFS,74.0,40.0,6,34.0
2026-08-18 09:00:00,부산,1,나우캐스트,87.3410873413086,100.0,1,12.658912658691406
2026-08-18 09:00:00,부산,1,ECMWF,100.0,100.0,0,0.0
2026-08-18 09:00:00,부산,1,GFS,100.0,100.0,6,0.0
2026-08-18 09:00:00,인천,1,나우캐스트,31.999549865722656,30.0,1,1.999549865722656
2026-08-18 09:00:00,인천,1,ECMWF,3.0,30.0,0,27.0
2026-08-18 09:00:00,인천,1,GFS,4.0,30.0,6,26.0
2026-08-18 09:00:00,수원,1,나우캐스트,86.00448608398438,30.0,1,56.004486083984375
2026-08-18 09:00:00,수원,1,ECMWF,31.0,30.0,0,1.0
2026-08-18 09:00:00,수원,1,GFS,25.0,30.0,6,5.0
2026-08-18 09:00:00,전주,1,나우캐스트,80.97001647949219,40.0,1,40.97001647949219
2026-08-18 09:00:00,전주,1,ECMWF,28.0,40.0,0,12.0
2026-08-18 09:00:00,전주,1,GFS,62.0,40.0,6,22.0
2026-08-18 09:00:00,강릉,1,나우캐스트,23.02912712097168,10.0,1,13.02912712097168
2026-08-18 09:00:00,강릉,1,ECMWF,8.0,10.0,0,2.0
2026-08-18 09:00:00,강릉,1,GFS,0.0,10.0,6,10.0
2026-08-18 09:00:00,제주,1,나우캐스트,92.7416763305664,80.0,1,12.741676330566406
2026-08-18 09:00:00,제주,1,ECMWF,99.0,80.0,0,19.0
2026-08-18 09:00:00,제주,1,GFS,82.0,80.0,6,2.0
2026-08-18 12:00:00,서울,4,나우캐스트,73.7388687133789,60.0,4,13.738868713378906
2026-08-18 12:00:00,서울,4,ECMWF,19.0,60.0,3,41.0
2026-08-18 12:00:00,서울,4,GFS,5.0,60.0,9,55.0
2026-08-18 12:00:00,대전,4,나우캐스트,66.54499816894531,40.0,4,26.544998168945312
2026-08-18 12:00:00,대전,4,ECMWF,5.0,40.0,3,35.0
2026-08-18 12:00:00,대전,4,GFS,7.0,40.0,9,33.0
2026-08-18 12:00:00,대구,4,나우캐스트,89.29148864746094,100.0,4,10.708511352539062
2026-08-18 12:00:00,대구,4,ECMWF,22.0,100.0,3,78.0
2026-08-18 12:00:00,대구,4,GFS,44.0,100.0,9,56.0
2026-08-18 12:00:00,광주,4,나우캐스트,75.7746810913086,50.0,4,25.774681091308597
2026-08-18 12:00:00,광주,4,ECMWF,32.0,50.0,3,18.0
2026-08-18 12:00:00,광주,4,GFS,8.0,50.0,9,42.0
2026-08-18 12:00:00,부산,4,나우캐스트,86.93215942382812,100.0,4,13.067840576171877
2026-08-18 12:00:00,부산,4,ECMWF,48.0,100.0,3,52.0
2026-08-18 12:00:00,부산,4,GFS,54.0,100.0,9,46.0
2026-08-18 12:00:00,인천,4,나우캐스트,45.89473724365234,30.0,4,15.894737243652344
2026-08-18 12:00:00,인천,4,ECMWF,15.0,30.0,3,15.0
2026-08-18 12:00:00,인천,4,GFS,5.0,30.0,9,25.0
2026-08-18 12:00:00,수원,4,나우캐스트,67.70756530761719,40.0,4,27.707565307617188
2026-08-18 12:00:00,수원,4,ECMWF,12.0,40.0,3,28.0
2026-08-18 12:00:00,수원,4,GFS,2.0,40.0,9,38.0
2026-08-18 12:00:00,전주,4,나우캐스트,63.534645080566406,40.0,4,23.534645080566406
2026-08-18 12:00:00,전주,4,ECMWF,12.0,40.0,3,28.0
2026-08-18 12:00:00,전주,4,GFS,51.0,40.0,9,11.0
2026-08-18 12:00:00,강릉,4,나우캐스트,23.468202590942383,0.0,4,23.468202590942383
2026-08-18 12:00:00,강릉,4,ECMWF,16.0,0.0,3,16.0
2026-08-18 12:00:00,강릉,4,GFS,2.0,0.0,9,2.0
2026-08-18 12:00:00,제주,4,나우캐스트,85.72254180908203,100.0,4,14.277458190917969
2026-08-18 12:00:00,제주,4,ECMWF,95.0,100.0,3,5.0
2026-08-18 12:00:00,제주,4,GFS,100.0,100.0,9,0.0
2026-08-18 12:00:00,서울,3,나우캐스트,70.17044830322266,60.0,3,10.170448303222656
2026-08-18 12:00:00,서울,3,ECMWF,19.0,60.0,3,41.0
2026-08-18 12:00:00,서울,3,GFS,5.0,60.0,9,55.0
2026-08-18 12:00:00,대전,3,나우캐스트,78.09656524658203,40.0,3,38.09656524658203
2026-08-18 12:00:00,대전,3,ECMWF,5.0,40.0,3,35.0
2026-08-18 12:00:00,대전,3,GFS,7.0,40.0,9,33.0
2026-08-18 12:00:00,대구,3,나우캐스트,87.74299621582031,100.0,3,12.257003784179688
2026-08-18 12:00:00,대구,3,ECMWF,22.0,100.0,3,78.0
2026-08-18 12:00:00,대구,3,GFS,44.0,100.0,9,56.0
2026-08-18 12:00:00,광주,3,나우캐스트,73.91749572753906,50.0,3,23.917495727539062
2026-08-18 12:00:00,광주,3,ECMWF,32.0,50.0,3,18.0
2026-08-18 12:00:00,광주,3,GFS,8.0,50.0,9,42.0
2026-08-18 12:00:00,부산,3,나우캐스트,85.16156005859375,100.0,3,14.83843994140625
2026-08-18 12:00:00,부산,3,ECMWF,48.0,100.0,3,52.0
2026-08-18 12:00:00,부산,3,GFS,54.0,100.0,9,46.0
2026-08-18 12:00:00,인천,3,나우캐스트,46.41542816162109,30.0,3,16.415428161621094
2026-08-18 12:00:00,인천,3,ECMWF,15.0,30.0,3,15.0
2026-08-18 12:00:00,인천,3,GFS,5.0,30.0,9,25.0
2026-08-18 12:00:00,수원,3,나우캐스트,55.26250076293945,40.0,3,15.262500762939451
2026-08-18 12:00:00,수원,3,ECMWF,12.0,40.0,3,28.0
2026-08-18 12:00:00,수원,3,GFS,2.0,40.0,9,38.0
2026-08-18 12:00:00,전주,3,나우캐스트,79.01275634765625,40.0,3,39.01275634765625
2026-08-18 12:00:00,전주,3,ECMWF,12.0,40.0,3,28.0
2026-08-18 12:00:00,전주,3,GFS,51.0,40.0,9,11.0
2026-08-18 12:00:00,강릉,3,나우캐스트,33.00037384033203,0.0,3,33.00037384033203
2026-08-18 12:00:00,강릉,3,ECMWF,16.0,0.0,3,16.0
2026-08-18 12:00:00,강릉,3,GFS,2.0,0.0,9,2.0
2026-08-18 12:00:00,제주,3,나우캐스트,88.97442626953125,100.0,3,11.02557373046875
2026-08-18 12:00:00,제주,3,ECMWF,95.0,100.0,3,5.0
2026-08-18 12:00:00,제주,3,GFS,100.0,100.0,9,0.0
2026-08-18 15:00:00,서울,6,나우캐스트,66.38733673095703,40.0,6,26.38733673095703
2026-08-18 15:00:00,서울,6,ECMWF,19.0,40.0,6,21.0
2026-08-18 15:00:00,서울,6,GFS,5.0,40.0,0,35.0
2026-08-18 15:00:00,대전,6,나우캐스트,69.92738342285156,30.0,6,39.92738342285156
2026-08-18 15:00:00,대전,6,ECMWF,4.0,30.0,6,26.0
2026-08-18 15:00:00,대전,6,GFS,5.0,30.0,0,25.0
2026-08-18 15:00:00,대구,6,나우캐스트,78.06843566894531,50.0,6,28.068435668945312
2026-08-18 15:00:00,대구,6,ECMWF,60.0,50.0,6,10.0
2026-08-18 15:00:00,대구,6,GFS,25.0,50.0,0,25.0
2026-08-18 15:00:00,광주,6,나우캐스트,41.039459228515625,0.0,6,41.039459228515625
2026-08-18 15:00:00,광주,6,ECMWF,9.0,0.0,6,9.0
2026-08-18 15:00:00,광주,6,GFS,10.0,0.0,0,10.0
2026-08-18 15:00:00,부산,6,나우캐스트,80.85612487792969,80.0,6,0.8561248779296875
2026-08-18 15:00:00,부산,6,ECMWF,94.0,80.0,6,14.0
2026-08-18 15:00:00,부산,6,GFS,97.0,80.0,0,17.0
2026-08-18 15:00:00,인천,6,나우캐스트,49.05704498291016,30.0,6,19.05704498291016
2026-08-18 15:00:00,인천,6,ECMWF,44.0,30.0,6,14.0
2026-08-18 15:00:00,인천,6,GFS,2.0,30.0,0,28.0
2026-08-18 15:00:00,수원,6,나우캐스트,55.47743988037109,10.0,6,45.47743988037109
2026-08-18 15:00:00,수원,6,ECMWF,20.0,10.0,6,10.0
2026-08-18 15:00:00,수원,6,GFS,1.0,10.0,0,9.0
2026-08-18 15:00:00,전주,6,나우캐스트,62.93632507324219,0.0,6,62.93632507324219
2026-08-18 15:00:00,전주,6,ECMWF,11.0,0.0,6,11.0
2026-08-18 15:00:00,전주,6,GFS,8.0,0.0,0,8.0
2026-08-18 15:00:00,강릉,6,나우캐스트,50.21792984008789,0.0,6,50.21792984008789
2026-08-18 15:00:00,강릉,6,ECMWF,12.0,0.0,6,12.0
2026-08-18 15:00:00,강릉,6,GFS,18.0,0.0,0,18.0
2026-08-18 15:00:00,제주,6,나우캐스트,87.51178741455078,100.0,6,12.48821258544922
2026-08-18 15:00:00,제주,6,ECMWF,94.0,100.0,6,6.0
2026-08-18 15:00:00,제주,6,GFS,77.0,100.0,0,23.0
2026-08-18 12:00:00,서울,2,나우캐스트,59.11415863037109,60.0,2,0.8858413696289062
2026-08-18 12:00:00,서울,2,ECMWF,19.0,60.0,3,41.0
2026-08-18 12:00:00,서울,2,GFS,5.0,60.0,9,55.0
2026-08-18 12:00:00,대전,2,나우캐스트,79.56278991699219,40.0,2,39.56278991699219
2026-08-18 12:00:00,대전,2,ECMWF,5.0,40.0,3,35.0
2026-08-18 12:00:00,대전,2,GFS,7.0,40.0,9,33.0
2026-08-18 12:00:00,대구,2,나우캐스트,90.6573715209961,100.0,2,9.342628479003906
2026-08-18 12:00:00,대구,2,ECMWF,22.0,100.0,3,78.0
2026-08-18 12:00:00,대구,2,GFS,44.0,100.0,9,56.0
2026-08-18 12:00:00,광주,2,나우캐스트,76.47869110107422,50.0,2,26.47869110107422
2026-08-18 12:00:00,광주,2,ECMWF,32.0,50.0,3,18.0
2026-08-18 12:00:00,광주,2,GFS,8.0,50.0,9,42.0
2026-08-18 12:00:00,부산,2,나우캐스트,89.89439392089844,100.0,2,10.105606079101562
2026-08-18 12:00:00,부산,2,ECMWF,48.0,100.0,3,52.0
2026-08-18 12:00:00,부산,2,GFS,54.0,100.0,9,46.0
2026-08-18 12:00:00,인천,2,나우캐스트,18.206344604492188,30.0,2,11.793655395507812
2026-08-18 12:00:00,인천,2,ECMWF,15.0,30.0,3,15.0
2026-08-18 12:00:00,인천,2,GFS,5.0,30.0,9,25.0
2026-08-18 12:00:00,수원,2,나우캐스트,44.33320236206055,40.0,2,4.333202362060547
2026-08-18 12:00:00,수원,2,ECMWF,12.0,40.0,3,28.0
2026-08-18 12:00:00,수원,2,GFS,2.0,40.0,9,38.0
2026-08-18 12:00:00,전주,2,나우캐스트,66.9026870727539,40.0,2,26.902687072753903
2026-08-18 12:00:00,전주,2,ECMWF,12.0,40.0,3,28.0
2026-08-18 12:00:00,전주,2,GFS,51.0,40.0,9,11.0
2026-08-18 12:00:00,강릉,2,나우캐스트,15.582523345947266,0.0,2,15.582523345947266
2026-08-18 12:00:00,강릉,2,ECMWF,16.0,0.0,3,16.0
2026-08-18 12:00:00,강릉,2,GFS,2.0,0.0,9,2.0
2026-08-18 12:00:00,제주,2,나우캐스트,93.99736785888672,100.0,2,6.002632141113281
2026-08-18 12:00:00,제주,2,ECMWF,95.0,100.0,3,5.0
2026-08-18 12:00:00,제주,2,GFS,100.0,100.0,9,0.0
2026-08-18 15:00:00,서울,5,나우캐스트,37.31628036499024,40.0,5,2.6837196350097656
2026-08-18 15:00:00,서울,5,ECMWF,19.0,40.0,6,21.0
2026-08-18 15:00:00,서울,5,GFS,5.0,40.0,0,35.0
2026-08-18 15:00:00,대전,5,나우캐스트,52.41668701171875,30.0,5,22.41668701171875
2026-08-18 15:00:00,대전,5,ECMWF,4.0,30.0,6,26.0
2026-08-18 15:00:00,대전,5,GFS,5.0,30.0,0,25.0
2026-08-18 15:00:00,대구,5,나우캐스트,64.1425552368164,50.0,5,14.142555236816406
2026-08-18 15:00:00,대구,5,ECMWF,60.0,50.0,6,10.0
2026-08-18 15:00:00,대구,5,GFS,25.0,50.0,0,25.0
2026-08-18 15:00:00,광주,5,나우캐스트,60.082427978515625,0.0,5,60.082427978515625
2026-08-18 15:00:00,광주,5,ECMWF,9.0,0.0,6,9.0
2026-08-18 15:00:00,광주,5,GFS,10.0,0.0,0,10.0
2026-08-18 15:00:00,부산,5,나우캐스트,85.735595703125,80.0,5,5.735595703125
2026-08-18 15:00:00,부산,5,ECMWF,94.0,80.0,6,14.0
2026-08-18 15:00:00,부산,5,GFS,97.0,80.0,0,17.0
2026-08-18 15:00:00,인천,5,나우캐스트,17.536256790161133,30.0,5,12.463743209838867
2026-08-18 15:00:00,인천,5,ECMWF,44.0,30.0,6,14.0
2026-08-18 15:00:00,인천,5,GFS,2.0,30.0,0,28.0
2026-08-18 15:00:00,수원,5,나우캐스트,29.101299285888672,10.0,5,19.101299285888672
2026-08-18 15:00:00,수원,5,ECMWF,20.0,10.0,6,10.0
2026-08-18 15:00:00,수원,5,GFS,1.0,10.0,0,9.0
2026-08-18 15:00:00,전주,5,나우캐스트,47.410789489746094,0.0,5,47.410789489746094
2026-08-18 15:00:00,전주,5,ECMWF,11.0,0.0,6,11.0
2026-08-18 15:00:00,전주,5,GFS,8.0,0.0,0,8.0
2026-08-18 15:00:00,강릉,5,나우캐스트,17.530550003051758,0.0,5,17.530550003051758
2026-08-18 15:00:00,강릉,5,ECMWF,12.0,0.0,6,12.0
2026-08-18 15:00:00,강릉,5,GFS,18.0,0.0,0,18.0
2026-08-18 15:00:00,제주,5,나우캐스트,92.9656982421875,100.0,5,7.0343017578125
2026-08-18 15:00:00,제주,5,ECMWF,94.0,100.0,6,6.0
2026-08-18 15:00:00,제주,5,GFS,77.0,100.0,0,23.0
2026-08-18 12:00:00,서울,1,나우캐스트,74.62747192382812,60.0,1,14.627471923828123
2026-08-18 12:00:00,서울,1,ECMWF,19.0,60.0,3,41.0
2026-08-18 12:00:00,서울,1,GFS,5.0,60.0,9,55.0
2026-08-18 12:00:00,대전,1,나우캐스트,78.72416687011719,40.0,1,38.72416687011719
2026-08-18 12:00:00,대전,1,ECMWF,5.0,40.0,3,35.0
2026-08-18 12:00:00,대전,1,GFS,7.0,40.0,9,33.0
2026-08-18 12:00:00,대구,1,나우캐스트,81.80960845947266,100.0,1,18.190391540527344
2026-08-18 12:00:00,대구,1,ECMWF,22.0,100.0,3,78.0
2026-08-18 12:00:00,대구,1,GFS,44.0,100.0,9,56.0
2026-08-18 12:00:00,광주,1,나우캐스트,59.30963134765625,50.0,1,9.30963134765625
2026-08-18 12:00:00,광주,1,ECMWF,32.0,50.0,3,18.0
2026-08-18 12:00:00,광주,1,GFS,8.0,50.0,9,42.0
2026-08-18 12:00:00,부산,1,나우캐스트,90.6005630493164,100.0,1,9.399436950683594
2026-08-18 12:00:00,부산,1,ECMWF,48.0,100.0,3,52.0
2026-08-18 12:00:00,부산,1,GFS,54.0,100.0,9,46.0
2026-08-18 12:00:00,인천,1,나우캐스트,8.268012046813965,30.0,1,21.731987953186035
2026-08-18 12:00:00,인천,1,ECMWF,15.0,30.0,3,15.0
2026-08-18 12:00:00,인천,1,GFS,5.0,30.0,9,25.0
2026-08-18 12:00:00,수원,1,나우캐스트,41.56608581542969,40.0,1,1.5660858154296875
2026-08-18 12:00:00,수원,1,ECMWF,12.0,40.0,3,28.0
2026-08-18 12:00:00,수원,1,GFS,2.0,40.0,9,38.0
2026-08-18 12:00:00,전주,1,나우캐스트,55.22066879272461,40.0,1,15.22066879272461
2026-08-18 12:00:00,전주,1,ECMWF,12.0,40.0,3,28.0
2026-08-18 12:00:00,전주,1,GFS,51.0,40.0,9,11.0
2026-08-18 12:00:00,강릉,1,나우캐스트,17.849157333374023,0.0,1,17.849157333374023
2026-08-18 12:00:00,강릉,1,ECMWF,16.0,0.0,3,16.0
2026-08-18 12:00:00,강릉,1,GFS,2.0,0.0,9,2.0
2026-08-18 12:00:00,제주,1,나우캐스트,96.2668228149414,100.0,1,3.7331771850585938
2026-08-18 12:00:00,제주,1,ECMWF,95.0,100.0,3,5.0
2026-08-18 12:00:00,제주,1,GFS,100.0,100.0,9,0.0
2026-08-18 15:00:00,서울,4,나우캐스트,25.44791984558105,40.0,4,14.552080154418944
2026-08-18 15:00:00,서울,4,ECMWF,19.0,40.0,6,21.0
2026-08-18 15:00:00,서울,4,GFS,5.0,40.0,0,35.0
2026-08-18 15:00:00,대전,4,나우캐스트,59.42916870117188,30.0,4,29.429168701171875
2026-08-18 15:00:00,대전,4,ECMWF,4.0,30.0,6,26.0
2026-08-18 15:00:00,대전,4,GFS,5.0,30.0,0,25.0
2026-08-18 15:00:00,대구,4,나우캐스트,53.01089859008789,50.0,4,3.01089859008789
2026-08-18 15:00:00,대구,4,ECMWF,60.0,50.0,6,10.0
2026-08-18 15:00:00,대구,4,GFS,25.0,50.0,0,25.0
2026-08-18 15:00:00,광주,4,나우캐스트,41.8667221069336,0.0,4,41.8667221069336
2026-08-18 15:00:00,광주,4,ECMWF,9.0,0.0,6,9.0
2026-08-18 15:00:00,광주,4,GFS,10.0,0.0,0,10.0
2026-08-18 15:00:00,부산,4,나우캐스트,86.40155792236328,80.0,4,6.401557922363281
2026-08-18 15:00:00,부산,4,ECMWF,94.0,80.0,6,14.0
2026-08-18 15:00:00,부산,4,GFS,97.0,80.0,0,17.0
2026-08-18 15:00:00,인천,4,나우캐스트,6.880738258361816,30.0,4,23.119261741638184
2026-08-18 15:00:00,인천,4,ECMWF,44.0,30.0,6,14.0
2026-08-18 15:00:00,인천,4,GFS,2.0,30.0,0,28.0
2026-08-18 15:00:00,수원,4,나우캐스트,17.731321334838867,10.0,4,7.731321334838867
2026-08-18 15:00:00,수원,4,ECMWF,20.0,10.0,6,10.0
2026-08-18 15:00:00,수원,4,GFS,1.0,10.0,0,9.0
2026-08-18 15:00:00,전주,4,나우캐스트,33.502891540527344,0.0,4,33.502891540527344
2026-08-18 15:00:00,전주,4,ECMWF,11.0,0.0,6,11.0
2026-08-18 15:00:00,전주,4,GFS,8.0,0.0,0,8.0
2026-08-18 15:00:00,강릉,4,나우캐스트,22.074987411499023,0.0,4,22.074987411499023
2026-08-18 15:00:00,강릉,4,ECMWF,12.0,0.0,6,12.0
2026-08-18 15:00:00,강릉,4,GFS,18.0,0.0,0,18.0
2026-08-18 15:00:00,제주,4,나우캐스트,95.79739379882812,100.0,4,4.202606201171875
2026-08-18 15:00:00,제주,4,ECMWF,94.0,100.0,6,6.0
2026-08-18 15:00:00,제주,4,GFS,77.0,100.0,0,23.0
2026-08-18 15:00:00,서울,3,나우캐스트,56.74681091308594,40.0,3,16.746810913085938
2026-08-18 15:00:00,서울,3,ECMWF,19.0,40.0,6,21.0
2026-08-18 15:00:00,서울,3,GFS,5.0,40.0,0,35.0
2026-08-18 15:00:00,대전,3,나우캐스트,56.971710205078125,30.0,3,26.971710205078125
2026-08-18 15:00:00,대전,3,ECMWF,4.0,30.0,6,26.0
2026-08-18 15:00:00,대전,3,GFS,5.0,30.0,0,25.0
2026-08-18 15:00:00,대구,3,나우캐스트,75.70401763916016,50.0,3,25.70401763916016
2026-08-18 15:00:00,대구,3,ECMWF,60.0,50.0,6,10.0
2026-08-18 15:00:00,대구,3,GFS,25.0,50.0,0,25.0
2026-08-18 15:00:00,광주,3,나우캐스트,45.53355407714844,0.0,3,45.53355407714844
2026-08-18 15:00:00,광주,3,ECMWF,9.0,0.0,6,9.0
2026-08-18 15:00:00,광주,3,GFS,10.0,0.0,0,10.0
2026-08-18 15:00:00,부산,3,나우캐스트,89.62934112548828,80.0,3,9.62934112548828
2026-08-18 15:00:00,부산,3,ECMWF,94.0,80.0,6,14.0
2026-08-18 15:00:00,부산,3,GFS,97.0,80.0,0,17.0
2026-08-18 15:00:00,인천,3,나우캐스트,14.476566314697266,30.0,3,15.523433685302734
2026-08-18 15:00:00,인천,3,ECMWF,44.0,30.0,6,14.0
2026-08-18 15:00:00,인천,3,GFS,2.0,30.0,0,28.0
2026-08-18 15:00:00,수원,3,나우캐스트,29.324928283691406,10.0,3,19.324928283691406
2026-08-18 15:00:00,수원,3,ECMWF,20.0,10.0,6,10.0
2026-08-18 15:00:00,수원,3,GFS,1.0,10.0,0,9.0
2026-08-18 15:00:00,전주,3,나우캐스트,33.54932403564453,0.0,3,33.54932403564453
2026-08-18 15:00:00,전주,3,ECMWF,11.0,0.0,6,11.0
2026-08-18 15:00:00,전주,3,GFS,8.0,0.0,0,8.0
2026-08-18 15:00:00,강릉,3,나우캐스트,20.32296371459961,0.0,3,20.32296371459961
2026-08-18 15:00:00,강릉,3,ECMWF,12.0,0.0,6,12.0
2026-08-18 15:00:00,강릉,3,GFS,18.0,0.0,0,18.0
2026-08-18 15:00:00,제주,3,나우캐스트,95.55574035644533,100.0,3,4.444259643554688
2026-08-18 15:00:00,제주,3,ECMWF,94.0,100.0,6,6.0
2026-08-18 15:00:00,제주,3,GFS,77.0,100.0,0,23.0
2026-08-18 18:00:00,서울,6,나우캐스트,40.44858551025391,50.0,6,9.551414489746094
2026-08-18 18:00:00,서울,6,ECMWF,41.0,50.0,9,9.0
2026-08-18 18:00:00,서울,6,GFS,5.0,50.0,3,45.0
2026-08-18 18:00:00,대전,6,나우캐스트,27.093564987182617,20.0,6,7.093564987182617
2026-08-18 18:00:00,대전,6,ECMWF,80.0,20.0,9,60.0
2026-08-18 18:00:00,대전,6,GFS,5.0,20.0,3,15.0
2026-08-18 18:00:00,대구,6,나우캐스트,73.21776580810547,40.0,6,33.21776580810547
2026-08-18 18:00:00,대구,6,ECMWF,34.0,40.0,9,6.0
2026-08-18 18:00:00,대구,6,GFS,1.0,40.0,3,39.0
2026-08-18 18:00:00,광주,6,나우캐스트,38.561126708984375,0.0,6,38.561126708984375
2026-08-18 18:00:00,광주,6,ECMWF,62.0,0.0,9,62.0
2026-08-18 18:00:00,광주,6,GFS,97.0,0.0,3,97.0
2026-08-18 18:00:00,부산,6,나우캐스트,78.5934829711914,80.0,6,1.4065170288085938
2026-08-18 18:00:00,부산,6,ECMWF,5.0,80.0,9,75.0
2026-08-18 18:00:00,부산,6,GFS,84.0,80.0,3,4.0
2026-08-18 18:00:00,인천,6,나우캐스트,28.62453269958496,70.0,6,41.37546730041504
2026-08-18 18:00:00,인천,6,ECMWF,15.0,70.0,9,55.0
2026-08-18 18:00:00,인천,6,GFS,5.0,70.0,3,65.0
2026-08-18 18:00:00,수원,6,나우캐스트,24.40308380126953,60.0,6,35.59691619873047
2026-08-18 18:00:00,수원,6,ECMWF,48.0,60.0,9,12.0
2026-08-18 18:00:00,수원,6,GFS,60.0,60.0,3,0.0
2026-08-18 18:00:00,전주,6,나우캐스트,29.49608612060547,20.0,6,9.496086120605469
2026-08-18 18:00:00,전주,6,ECMWF,12.0,20.0,9,8.0
2026-08-18 18:00:00,전주,6,GFS,29.0,20.0,3,9.0
2026-08-18 18:00:00,강릉,6,나우캐스트,17.730390548706055,10.0,6,7.730390548706055
2026-08-18 18:00:00,강릉,6,ECMWF,7.0,10.0,9,3.0
2026-08-18 18:00:00,강릉,6,GFS,0.0,10.0,3,10.0
2026-08-18 18:00:00,제주,6,나우캐스트,90.1233139038086,70.0,6,20.123313903808597
2026-08-18 18:00:00,제주,6,ECMWF,77.0,70.0,9,7.0
2026-08-18 18:00:00,제주,6,GFS,22.0,70.0,3,48.0
2026-08-18 15:00:00,서울,2,나우캐스트,55.92377471923828,40.0,2,15.92377471923828
2026-08-18 15:00:00,서울,2,ECMWF,19.0,40.0,6,21.0
2026-08-18 15:00:00,서울,2,GFS,5.0,40.0,0,35.0
2026-08-18 15:00:00,대전,2,나우캐스트,68.12568664550781,30.0,2,38.12568664550781
2026-08-18 15:00:00,대전,2,ECMWF,4.0,30.0,6,26.0
2026-08-18 15:00:00,대전,2,GFS,5.0,30.0,0,25.0
2026-08-18 15:00:00,대구,2,나우캐스트,67.31088256835938,50.0,2,17.310882568359375
2026-08-18 15:00:00,대구,2,ECMWF,60.0,50.0,6,10.0
2026-08-18 15:00:00,대구,2,GFS,25.0,50.0,0,25.0
2026-08-18 15:00:00,광주,2,나우캐스트,70.16253662109375,0.0,2,70.16253662109375
2026-08-18 15:00:00,광주,2,ECMWF,9.0,0.0,6,9.0
2026-08-18 15:00:00,광주,2,GFS,10.0,0.0,0,10.0
2026-08-18 15:00:00,부산,2,나우캐스트,95.11490631103516,80.0,2,15.114906311035156
2026-08-18 15:00:00,부산,2,ECMWF,94.0,80.0,6,14.0
2026-08-18 15:00:00,부산,2,GFS,97.0,80.0,0,17.0
2026-08-18 15:00:00,인천,2,나우캐스트,13.745189666748049,30.0,2,16.254810333251953
2026-08-18 15:00:00,인천,2,ECMWF,44.0,30.0,6,14.0
2026-08-18 15:00:00,인천,2,GFS,2.0,30.0,0,28.0
2026-08-18 15:00:00,수원,2,나우캐스트,43.62331771850586,10.0,2,33.62331771850586
2026-08-18 15:00:00,수원,2,ECMWF,20.0,10.0,6,10.0
2026-08-18 15:00:00,수원,2,GFS,1.0,10.0,0,9.0
2026-08-18 15:00:00,전주,2,나우캐스트,28.39781188964844,0.0,2,28.39781188964844
2026-08-18 15:00:00,전주,2,ECMWF,11.0,0.0,6,11.0
2026-08-18 15:00:00,전주,2,GFS,8.0,0.0,0,8.0
2026-08-18 15:00:00,강릉,2,나우캐스트,40.68329620361328,0.0,2,40.68329620361328
2026-08-18 15:00:00,강릉,2,ECMWF,12.0,0.0,6,12.0
2026-08-18 15:00:00,강릉,2,GFS,18.0,0.0,0,18.0
2026-08-18 15:00:00,제주,2,나우캐스트,95.33479309082033,100.0,2,4.665206909179688
2026-08-18 15:00:00,제주,2,ECMWF,94.0,100.0,6,6.0
2026-08-18 15:00:00,제주,2,GFS,77.0,100.0,0,23.0
2026-08-18 18:00:00,서울,5,나우캐스트,55.960105895996094,50.0,5,5.960105895996094
2026-08-18 18:00:00,서울,5,ECMWF,41.0,50.0,9,9.0
2026-08-18 18:00:00,서울,5,GFS,5.0,50.0,3,45.0
2026-08-18 18:00:00,대전,5,나우캐스트,62.002567291259766,20.0,5,42.002567291259766
2026-08-18 18:00:00,대전,5,ECMWF,80.0,20.0,9,60.0
2026-08-18 18:00:00,대전,5,GFS,5.0,20.0,3,15.0
2026-08-18 18:00:00,대구,5,나우캐스트,56.842620849609375,40.0,5,16.842620849609375
2026-08-18 18:00:00,대구,5,ECMWF,34.0,40.0,9,6.0
2026-08-18 18:00:00,대구,5,GFS,1.0,40.0,3,39.0
2026-08-18 18:00:00,광주,5,나우캐스트,64.31431579589844,0.0,5,64.31431579589844
2026-08-18 18:00:00,광주,5,ECMWF,62.0,0.0,9,62.0
2026-08-18 18:00:00,광주,5,GFS,97.0,0.0,3,97.0
2026-08-18 18:00:00,부산,5,나우캐스트,79.40670776367188,80.0,5,0.593292236328125
2026-08-18 18:00:00,부산,5,ECMWF,5.0,80.0,9,75.0
2026-08-18 18:00:00,부산,5,GFS,84.0,80.0,3,4.0
2026-08-18 18:00:00,인천,5,나우캐스트,39.02018356323242,70.0,5,30.979816436767575
2026-08-18 18:00:00,인천,5,ECMWF,15.0,70.0,9,55.0
2026-08-18 18:00:00,인천,5,GFS,5.0,70.0,3,65.0
2026-08-18 18:00:00,수원,5,나우캐스트,46.62225341796875,60.0,5,13.37774658203125
2026-08-18 18:00:00,수원,5,ECMWF,48.0,60.0,9,12.0
2026-08-18 18:00:00,수원,5,GFS,60.0,60.0,3,0.0
2026-08-18 18:00:00,전주,5,나우캐스트,57.48848724365234,20.0,5,37.48848724365234
2026-08-18 18:00:00,전주,5,ECMWF,12.0,20.0,9,8.0
2026-08-18 18:00:00,전주,5,GFS,29.0,20.0,3,9.0
2026-08-18 18:00:00,강릉,5,나우캐스트,30.91311264038086,10.0,5,20.91311264038086
2026-08-18 18:00:00,강릉,5,ECMWF,7.0,10.0,9,3.0
2026-08-18 18:00:00,강릉,5,GFS,0.0,10.0,3,10.0
2026-08-18 18:00:00,제주,5,나우캐스트,92.98240661621094,70.0,5,22.982406616210938
2026-08-18 18:00:00,제주,5,ECMWF,77.0,70.0,9,7.0
2026-08-18 18:00:00,제주,5,GFS,22.0,70.0,3,48.0
2026-08-18 15:00:00,서울,1,나우캐스트,75.75533294677734,40.0,1,35.755332946777344
2026-08-18 15:00:00,서울,1,ECMWF,19.0,40.0,6,21.0
2026-08-18 15:00:00,서울,1,GFS,5.0,40.0,0,35.0
2026-08-18 15:00:00,대전,1,나우캐스트,46.26959609985352,30.0,1,16.269596099853516
2026-08-18 15:00:00,대전,1,ECMWF,4.0,30.0,6,26.0
2026-08-18 15:00:00,대전,1,GFS,5.0,30.0,0,25.0
2026-08-18 15:00:00,대구,1,나우캐스트,60.35663604736328,50.0,1,10.35663604736328
2026-08-18 15:00:00,대구,1,ECMWF,60.0,50.0,6,10.0
2026-08-18 15:00:00,대구,1,GFS,25.0,50.0,0,25.0
2026-08-18 15:00:00,광주,1,나우캐스트,71.72868347167969,0.0,1,71.72868347167969
2026-08-18 15:00:00,광주,1,ECMWF,9.0,0.0,6,9.0
2026-08-18 15:00:00,광주,1,GFS,10.0,0.0,0,10.0
2026-08-18 15:00:00,부산,1,나우캐스트,91.15884399414062,80.0,1,11.158843994140623
2026-08-18 15:00:00,부산,1,ECMWF,94.0,80.0,6,14.0
2026-08-18 15:00:00,부산,1,GFS,97.0,80.0,0,17.0
2026-08-18 15:00:00,인천,1,나우캐스트,16.768083572387695,30.0,1,13.231916427612305
2026-08-18 15:00:00,인천,1,ECMWF,44.0,30.0,6,14.0
2026-08-18 15:00:00,인천,1,GFS,2.0,30.0,0,28.0
2026-08-18 15:00:00,수원,1,나우캐스트,14.16500186920166,10.0,1,4.16500186920166
2026-08-18 15:00:00,수원,1,ECMWF,20.0,10.0,6,10.0
2026-08-18 15:00:00,수원,1,GFS,1.0,10.0,0,9.0
2026-08-18 15:00:00,전주,1,나우캐스트,26.46452140808105,0.0,1,26.46452140808105
2026-08-18 15:00:00,전주,1,ECMWF,11.0,0.0,6,11.0
2026-08-18 15:00:00,전주,1,GFS,8.0,0.0,0,8.0
2026-08-18 15:00:00,강릉,1,나우캐스트,44.05957794189453,0.0,1,44.05957794189453
2026-08-18 15:00:00,강릉,1,ECMWF,12.0,0.0,6,12.0
2026-08-18 15:00:00,강릉,1,GFS,18.0,0.0,0,18.0
2026-08-18 15:00:00,제주,1,나우캐스트,90.79147338867188,100.0,1,9.208526611328123
2026-08-18 15:00:00,제주,1,ECMWF,94.0,100.0,6,6.0
2026-08-18 15:00:00,제주,1,GFS,77.0,100.0,0,23.0
2026-08-18 18:00:00,서울,4,나우캐스트,63.69445037841797,50.0,4,13.694450378417969
2026-08-18 18:00:00,서울,4,ECMWF,41.0,50.0,9,9.0
2026-08-18 18:00:00,서울,4,GFS,5.0,50.0,3,45.0
2026-08-18 18:00:00,대전,4,나우캐스트,23.459308624267575,20.0,4,3.459308624267578
2026-08-18 18:00:00,대전,4,ECMWF,80.0,20.0,9,60.0
2026-08-18 18:00:00,대전,4,GFS,5.0,20.0,3,15.0
2026-08-18 18:00:00,대구,4,나우캐스트,37.93647003173828,40.0,4,2.0635299682617188
2026-08-18 18:00:00,대구,4,ECMWF,34.0,40.0,9,6.0
2026-08-18 18:00:00,대구,4,GFS,1.0,40.0,3,39.0
2026-08-18 18:00:00,광주,4,나우캐스트,52.92753601074219,0.0,4,52.92753601074219
2026-08-18 18:00:00,광주,4,ECMWF,62.0,0.0,9,62.0
2026-08-18 18:00:00,광주,4,GFS,97.0,0.0,3,97.0
2026-08-18 18:00:00,부산,4,나우캐스트,75.8705825805664,80.0,4,4.129417419433594
2026-08-18 18:00:00,부산,4,ECMWF,5.0,80.0,9,75.0
2026-08-18 18:00:00,부산,4,GFS,84.0,80.0,3,4.0
2026-08-18 18:00:00,인천,4,나우캐스트,61.2353744506836,70.0,4,8.764625549316406
2026-08-18 18:00:00,인천,4,ECMWF,15.0,70.0,9,55.0
2026-08-18 18:00:00,인천,4,GFS,5.0,70.0,3,65.0
2026-08-18 18:00:00,수원,4,나우캐스트,49.79086685180664,60.0,4,10.20913314819336
2026-08-18 18:00:00,수원,4,ECMWF,48.0,60.0,9,12.0
2026-08-18 18:00:00,수원,4,GFS,60.0,60.0,3,0.0
2026-08-18 18:00:00,전주,4,나우캐스트,47.1818962097168,20.0,4,27.1818962097168
2026-08-18 18:00:00,전주,4,ECMWF,12.0,20.0,9,8.0
2026-08-18 18:00:00,전주,4,GFS,29.0,20.0,3,9.0
2026-08-18 18:00:00,강릉,4,나우캐스트,38.06203842163086,10.0,4,28.06203842163086
2026-08-18 18:00:00,강릉,4,ECMWF,7.0,10.0,9,3.0
2026-08-18 18:00:00,강릉,4,GFS,0.0,10.0,3,10.0
2026-08-18 18:00:00,제주,4,나우캐스트,76.16886138916016,70.0,4,6.168861389160156
2026-08-18 18:00:00,제주,4,ECMWF,77.0,70.0,9,7.0
2026-08-18 18:00:00,제주,4,GFS,22.0,70.0,3,48.0
2026-08-18 18:00:00,서울,3,나우캐스트,51.99712371826172,50.0,3,1.9971237182617188
2026-08-18 18:00:00,서울,3,ECMWF,41.0,50.0,9,9.0
2026-08-18 18:00:00,서울,3,GFS,5.0,50.0,3,45.0
2026-08-18 18:00:00,대전,3,나우캐스트,19.226673126220703,20.0,3,0.7733268737792969
2026-08-18 18:00:00,대전,3,ECMWF,80.0,20.0,9,60.0
2026-08-18 18:00:00,대전,3,GFS,5.0,20.0,3,15.0
2026-08-18 18:00:00,대구,3,나우캐스트,39.07548904418945,40.0,3,0.9245109558105468
2026-08-18 18:00:00,대구,3,ECMWF,34.0,40.0,9,6.0
2026-08-18 18:00:00,대구,3,GFS,1.0,40.0,3,39.0
2026-08-18 18:00:00,광주,3,나우캐스트,39.80721282958984,0.0,3,39.80721282958984
2026-08-18 18:00:00,광주,3,ECMWF,62.0,0.0,9,62.0
2026-08-18 18:00:00,광주,3,GFS,97.0,0.0,3,97.0
2026-08-18 18:00:00,부산,3,나우캐스트,57.697547912597656,80.0,3,22.302452087402344
2026-08-18 18:00:00,부산,3,ECMWF,5.0,80.0,9,75.0
2026-08-18 18:00:00,부산,3,GFS,84.0,80.0,3,4.0
2026-08-18 18:00:00,인천,3,나우캐스트,63.17909622192383,70.0,3,6.820903778076172
2026-08-18 18:00:00,인천,3,ECMWF,15.0,70.0,9,55.0
2026-08-18 18:00:00,인천,3,GFS,5.0,70.0,3,65.0
2026-08-18 18:00:00,수원,3,나우캐스트,41.98455429077149,60.0,3,18.01544570922852
2026-08-18 18:00:00,수원,3,ECMWF,48.0,60.0,9,12.0
2026-08-18 18:00:00,수원,3,GFS,60.0,60.0,3,0.0
2026-08-18 18:00:00,전주,3,나우캐스트,29.52263641357422,20.0,3,9.52263641357422
2026-08-18 18:00:00,전주,3,ECMWF,12.0,20.0,9,8.0
2026-08-18 18:00:00,전주,3,GFS,29.0,20.0,3,9.0
2026-08-18 18:00:00,강릉,3,나우캐스트,30.9705867767334,10.0,3,20.9705867767334
2026-08-18 18:00:00,강릉,3,ECMWF,7.0,10.0,9,3.0
2026-08-18 18:00:00,강릉,3,GFS,0.0,10.0,3,10.0
2026-08-18 18:00:00,제주,3,나우캐스트,82.60897827148438,70.0,3,12.608978271484377
2026-08-18 18:00:00,제주,3,ECMWF,77.0,70.0,9,7.0
2026-08-18 18:00:00,제주,3,GFS,22.0,70.0,3,48.0
2026-08-18 21:00:00,서울,6,나우캐스트,65.852294921875,10.0,6,55.852294921875
2026-08-18 21:00:00,서울,6,ECMWF,10.0,10.0,0,0.0
2026-08-18 21:00:00,서울,6,GFS,22.0,10.0,0,12.0
2026-08-18 21:00:00,대전,6,나우캐스트,36.351112365722656,20.0,6,16.351112365722656
2026-08-18 21:00:00,대전,6,ECMWF,17.0,20.0,0,3.0
2026-08-18 21:00:00,대전,6,GFS,94.0,20.0,0,74.0
2026-08-18 21:00:00,대구,6,나우캐스트,47.63317489624024,40.0,6,7.633174896240234
2026-08-18 21:00:00,대구,6,ECMWF,75.0,40.0,0,35.0
2026-08-18 21:00:00,대구,6,GFS,90.0,40.0,0,50.0
2026-08-18 21:00:00,광주,6,나우캐스트,51.877197265625,20.0,6,31.877197265625
2026-08-18 21:00:00,광주,6,ECMWF,81.0,20.0,0,61.0
2026-08-18 21:00:00,광주,6,GFS,4.0,20.0,0,16.0
2026-08-18 21:00:00,부산,6,나우캐스트,30.076927185058597,70.0,6,39.923072814941406
2026-08-18 21:00:00,부산,6,ECMWF,88.0,70.0,0,18.0
2026-08-18 21:00:00,부산,6,GFS,87.0,70.0,0,17.0
2026-08-18 21:00:00,인천,6,나우캐스트,68.89823913574219,40.0,6,28.898239135742188
2026-08-18 21:00:00,인천,6,ECMWF,13.0,40.0,0,27.0
2026-08-18 21:00:00,인천,6,GFS,38.0,40.0,0,2.0
2026-08-18 21:00:00,수원,6,나우캐스트,56.09320068359375,30.0,6,26.09320068359375
2026-08-18 21:00:00,수원,6,ECMWF,77.0,30.0,0,47.0
2026-08-18 21:00:00,수원,6,GFS,5.0,30.0,0,25.0
2026-08-18 21:00:00,전주,6,나우캐스트,41.8480224609375,40.0,6,1.8480224609375
2026-08-18 21:00:00,전주,6,ECMWF,85.0,40.0,0,45.0
2026-08-18 21:00:00,전주,6,GFS,7.0,40.0,0,33.0
2026-08-18 21:00:00,강릉,6,나우캐스트,45.751373291015625,70.0,6,24.24862670898437
2026-08-18 21:00:00,강릉,6,ECMWF,73.0,70.0,0,3.0
2026-08-18 21:00:00,강릉,6,GFS,5.0,70.0,0,65.0
2026-08-18 21:00:00,제주,6,나우캐스트,65.43539428710938,40.0,6,25.43539428710937
2026-08-18 21:00:00,제주,6,ECMWF,41.0,40.0,0,1.0
2026-08-18 21:00:00,제주,6,GFS,5.0,40.0,0,35.0
2026-08-18 18:00:00,서울,2,나우캐스트,37.07035827636719,50.0,2,12.929641723632812
2026-08-18 18:00:00,서울,2,ECMWF,41.0,50.0,9,9.0
2026-08-18 18:00:00,서울,2,GFS,5.0,50.0,3,45.0
2026-08-18 18:00:00,대전,2,나우캐스트,18.813047409057617,20.0,2,1.1869525909423828
2026-08-18 18:00:00,대전,2,ECMWF,80.0,20.0,9,60.0
2026-08-18 18:00:00,대전,2,GFS,5.0,20.0,3,15.0
2026-08-18 18:00:00,대구,2,나우캐스트,37.6681022644043,40.0,2,2.331897735595703
2026-08-18 18:00:00,대구,2,ECMWF,34.0,40.0,9,6.0
2026-08-18 18:00:00,대구,2,GFS,1.0,40.0,3,39.0
2026-08-18 18:00:00,광주,2,나우캐스트,31.011505126953125,0.0,2,31.011505126953125
2026-08-18 18:00:00,광주,2,ECMWF,62.0,0.0,9,62.0
2026-08-18 18:00:00,광주,2,GFS,97.0,0.0,3,97.0
2026-08-18 18:00:00,부산,2,나우캐스트,69.02701568603516,80.0,2,10.972984313964844
2026-08-18 18:00:00,부산,2,ECMWF,5.0,80.0,9,75.0
2026-08-18 18:00:00,부산,2,GFS,84.0,80.0,3,4.0
2026-08-18 18:00:00,인천,2,나우캐스트,48.115482330322266,70.0,2,21.88451766967773
2026-08-18 18:00:00,인천,2,ECMWF,15.0,70.0,9,55.0
2026-08-18 18:00:00,인천,2,GFS,5.0,70.0,3,65.0
2026-08-18 18:00:00,수원,2,나우캐스트,30.06743431091309,60.0,2,29.932565689086918
2026-08-18 18:00:00,수원,2,ECMWF,48.0,60.0,9,12.0
2026-08-18 18:00:00,수원,2,GFS,60.0,60.0,3,0.0
2026-08-18 18:00:00,전주,2,나우캐스트,19.450544357299805,20.0,2,0.5494556427001953
2026-08-18 18:00:00,전주,2,ECMWF,12.0,20.0,9,8.0
2026-08-18 18:00:00,전주,2,GFS,29.0,20.0,3,9.0
2026-08-18 18:00:00,강릉,2,나우캐스트,14.235361099243164,10.0,2,4.235361099243164
2026-08-18 18:00:00,강릉,2,ECMWF,7.0,10.0,9,3.0
2026-08-18 18:00:00,강릉,2,GFS,0.0,10.0,3,10.0
2026-08-18 18:00:00,제주,2,나우캐스트,95.33136749267578,70.0,2,25.33136749267578
2026-08-18 18:00:00,제주,2,ECMWF,77.0,70.0,9,7.0
2026-08-18 18:00:00,제주,2,GFS,22.0,70.0,3,48.0
2026-08-18 21:00:00,서울,5,나우캐스트,39.80968475341797,10.0,5,29.80968475341797
2026-08-18 21:00:00,서울,5,ECMWF,10.0,10.0,0,0.0
2026-08-18 21:00:00,서울,5,GFS,22.0,10.0,0,12.0
2026-08-18 21:00:00,대전,5,나우캐스트,52.33060836791992,20.0,5,32.33060836791992
2026-08-18 21:00:00,대전,5,ECMWF,17.0,20.0,0,3.0
2026-08-18 21:00:00,대전,5,GFS,94.0,20.0,0,74.0
2026-08-18 21:00:00,대구,5,나우캐스트,27.560232162475582,40.0,5,12.439767837524414
2026-08-18 21:00:00,대구,5,ECMWF,75.0,40.0,0,35.0
2026-08-18 21:00:00,대구,5,GFS,90.0,40.0,0,50.0
2026-08-18 21:00:00,광주,5,나우캐스트,59.36103057861328,20.0,5,39.36103057861328
2026-08-18 21:00:00,광주,5,ECMWF,81.0,20.0,0,61.0
2026-08-18 21:00:00,광주,5,GFS,4.0,20.0,0,16.0
2026-08-18 21:00:00,부산,5,나우캐스트,42.721168518066406,70.0,5,27.278831481933597
2026-08-18 21:00:00,부산,5,ECMWF,88.0,70.0,0,18.0
2026-08-18 21:00:00,부산,5,GFS,87.0,70.0,0,17.0
2026-08-18 21:00:00,인천,5,나우캐스트,48.32473373413086,40.0,5,8.32473373413086
2026-08-18 21:00:00,인천,5,ECMWF,13.0,40.0,0,27.0
2026-08-18 21:00:00,인천,5,GFS,38.0,40.0,0,2.0
2026-08-18 21:00:00,수원,5,나우캐스트,35.44694519042969,30.0,5,5.446945190429688
2026-08-18 21:00:00,수원,5,ECMWF,77.0,30.0,0,47.0
2026-08-18 21:00:00,수원,5,GFS,5.0,30.0,0,25.0
2026-08-18 21:00:00,전주,5,나우캐스트,40.47441101074219,40.0,5,0.4744110107421875
2026-08-18 21:00:00,전주,5,ECMWF,85.0,40.0,0,45.0
2026-08-18 21:00:00,전주,5,GFS,7.0,40.0,0,33.0
2026-08-18 21:00:00,강릉,5,나우캐스트,15.82130241394043,70.0,5,54.17869758605957
2026-08-18 21:00:00,강릉,5,ECMWF,73.0,70.0,0,3.0
2026-08-18 21:00:00,강릉,5,GFS,5.0,70.0,0,65.0
2026-08-18 21:00:00,제주,5,나우캐스트,63.86041259765625,40.0,5,23.86041259765625
2026-08-18 21:00:00,제주,5,ECMWF,41.0,40.0,0,1.0
2026-08-18 21:00:00,제주,5,GFS,5.0,40.0,0,35.0
2026-08-18 18:00:00,서울,1,나우캐스트,40.24443054199219,50.0,1,9.755569458007812
2026-08-18 18:00:00,서울,1,ECMWF,41.0,50.0,9,9.0
2026-08-18 18:00:00,서울,1,GFS,5.0,50.0,3,45.0
2026-08-18 18:00:00,대전,1,나우캐스트,14.08642864227295,20.0,1,5.913571357727051
2026-08-18 18:00:00,대전,1,ECMWF,80.0,20.0,9,60.0
2026-08-18 18:00:00,대전,1,GFS,5.0,20.0,3,15.0
2026-08-18 18:00:00,대구,1,나우캐스트,70.87980651855469,40.0,1,30.879806518554688
2026-08-18 18:00:00,대구,1,ECMWF,34.0,40.0,9,6.0
2026-08-18 18:00:00,대구,1,GFS,1.0,40.0,3,39.0
2026-08-18 18:00:00,광주,1,나우캐스트,12.107749938964844,0.0,1,12.107749938964844
2026-08-18 18:00:00,광주,1,ECMWF,62.0,0.0,9,62.0
2026-08-18 18:00:00,광주,1,GFS,97.0,0.0,3,97.0
2026-08-18 18:00:00,부산,1,나우캐스트,79.96861267089844,80.0,1,0.0313873291015625
2026-08-18 18:00:00,부산,1,ECMWF,5.0,80.0,9,75.0
2026-08-18 18:00:00,부산,1,GFS,84.0,80.0,3,4.0
2026-08-18 18:00:00,인천,1,나우캐스트,47.44293975830078,70.0,1,22.55706024169922
2026-08-18 18:00:00,인천,1,ECMWF,15.0,70.0,9,55.0
2026-08-18 18:00:00,인천,1,GFS,5.0,70.0,3,65.0
2026-08-18 18:00:00,수원,1,나우캐스트,55.372169494628906,60.0,1,4.627830505371094
2026-08-18 18:00:00,수원,1,ECMWF,48.0,60.0,9,12.0
2026-08-18 18:00:00,수원,1,GFS,60.0,60.0,3,0.0
2026-08-18 18:00:00,전주,1,나우캐스트,14.739883422851562,20.0,1,5.2601165771484375
2026-08-18 18:00:00,전주,1,ECMWF,12.0,20.0,9,8.0
2026-08-18 18:00:00,전주,1,GFS,29.0,20.0,3,9.0
2026-08-18 18:00:00,강릉,1,나우캐스트,5.985834121704102,10.0,1,4.014165878295898
2026-08-18 18:00:00,강릉,1,ECMWF,7.0,10.0,9,3.0
2026-08-18 18:00:00,강릉,1,GFS,0.0,10.0,3,10.0
2026-08-18 18:00:00,제주,1,나우캐스트,96.0298309326172,70.0,1,26.029830932617188
2026-08-18 18:00:00,제주,1,ECMWF,77.0,70.0,9,7.0
2026-08-18 18:00:00,제주,1,GFS,22.0,70.0,3,48.0
2026-08-18 21:00:00,서울,4,나우캐스트,18.4305419921875,10.0,4,8.4305419921875
2026-08-18 21:00:00,서울,4,ECMWF,10.0,10.0,0,0.0
2026-08-18 21:00:00,서울,4,GFS,22.0,10.0,0,12.0
2026-08-18 21:00:00,대전,4,나우캐스트,14.84133529663086,20.0,4,5.158664703369141
2026-08-18 21:00:00,대전,4,ECMWF,17.0,20.0,0,3.0
2026-08-18 21:00:00,대전,4,GFS,94.0,20.0,0,74.0
2026-08-18 21:00:00,대구,4,나우캐스트,20.18906021118164,40.0,4,19.81093978881836
2026-08-18 21:00:00,대구,4,ECMWF,75.0,40.0,0,35.0
2026-08-18 21:00:00,대구,4,GFS,90.0,40.0,0,50.0
2026-08-18 21:00:00,광주,4,나우캐스트,49.803932189941406,20.0,4,29.803932189941406
2026-08-18 21:00:00,광주,4,ECMWF,81.0,20.0,0,61.0
2026-08-18 21:00:00,광주,4,GFS,4.0,20.0,0,16.0
2026-08-18 21:00:00,부산,4,나우캐스트,45.75687789916992,70.0,4,24.24312210083008
2026-08-18 21:00:00,부산,4,ECMWF,88.0,70.0,0,18.0
2026-08-18 21:00:00,부산,4,GFS,87.0,70.0,0,17.0
2026-08-18 21:00:00,인천,4,나우캐스트,36.316551208496094,40.0,4,3.683448791503906
2026-08-18 21:00:00,인천,4,ECMWF,13.0,40.0,0,27.0
2026-08-18 21:00:00,인천,4,GFS,38.0,40.0,0,2.0
2026-08-18 21:00:00,수원,4,나우캐스트,16.918914794921875,30.0,4,13.081085205078123
2026-08-18 21:00:00,수원,4,ECMWF,77.0,30.0,0,47.0
2026-08-18 21:00:00,수원,4,GFS,5.0,30.0,0,25.0
2026-08-18 21:00:00,전주,4,나우캐스트,22.39270782470703,40.0,4,17.60729217529297
2026-08-18 21:00:00,전주,4,ECMWF,85.0,40.0,0,45.0
2026-08-18 21:00:00,전주,4,GFS,7.0,40.0,0,33.0
2026-08-18 21:00:00,강릉,4,나우캐스트,16.350147247314453,70.0,4,53.64985275268555
2026-08-18 21:00:00,강릉,4,ECMWF,73.0,70.0,0,3.0
2026-08-18 21:00:00,강릉,4,GFS,5.0,70.0,0,65.0
2026-08-18 21:00:00,제주,4,나우캐스트,82.2060546875,40.0,4,42.2060546875
2026-08-18 21:00:00,제주,4,ECMWF,41.0,40.0,0,1.0
2026-08-18 21:00:00,제주,4,GFS,5.0,40.0,0,35.0
2026-08-18 21:00:00,서울,3,나우캐스트,40.5369987487793,10.0,3,30.536998748779297
2026-08-18 21:00:00,서울,3,ECMWF,10.0,10.0,0,0.0
2026-08-18 21:00:00,서울,3,GFS,22.0,10.0,0,12.0
2026-08-18 21:00:00,대전,3,나우캐스트,26.766403198242188,20.0,3,6.766403198242188
2026-08-18 21:00:00,대전,3,ECMWF,17.0,20.0,0,3.0
2026-08-18 21:00:00,대전,3,GFS,94.0,20.0,0,74.0
2026-08-18 21:00:00,대구,3,나우캐스트,48.4577751159668,40.0,3,8.457775115966797
2026-08-18 21:00:00,대구,3,ECMWF,75.0,40.0,0,35.0
2026-08-18 21:00:00,대구,3,GFS,90.0,40.0,0,50.0
2026-08-18 21:00:00,광주,3,나우캐스트,84.16929626464844,20.0,3,64.16929626464844
2026-08-18 21:00:00,광주,3,ECMWF,81.0,20.0,0,61.0
2026-08-18 21:00:00,광주,3,GFS,4.0,20.0,0,16.0
2026-08-18 21:00:00,부산,3,나우캐스트,65.3924789428711,70.0,3,4.607521057128906
2026-08-18 21:00:00,부산,3,ECMWF,88.0,70.0,0,18.0
2026-08-18 21:00:00,부산,3,GFS,87.0,70.0,0,17.0
2026-08-18 21:00:00,인천,3,나우캐스트,48.418094635009766,40.0,3,8.418094635009766
2026-08-18 21:00:00,인천,3,ECMWF,13.0,40.0,0,27.0
2026-08-18 21:00:00,인천,3,GFS,38.0,40.0,0,2.0
2026-08-18 21:00:00,수원,3,나우캐스트,42.51448059082031,30.0,3,12.514480590820312
2026-08-18 21:00:00,수원,3,ECMWF,77.0,30.0,0,47.0
2026-08-18 21:00:00,수원,3,GFS,5.0,30.0,0,25.0
2026-08-18 21:00:00,전주,3,나우캐스트,42.21174240112305,40.0,3,2.211742401123047
2026-08-18 21:00:00,전주,3,ECMWF,85.0,40.0,0,45.0
2026-08-18 21:00:00,전주,3,GFS,7.0,40.0,0,33.0
2026-08-18 21:00:00,강릉,3,나우캐스트,37.19858551025391,70.0,3,32.801414489746094
2026-08-18 21:00:00,강릉,3,ECMWF,73.0,70.0,0,3.0
2026-08-18 21:00:00,강릉,3,GFS,5.0,70.0,0,65.0
2026-08-18 21:00:00,제주,3,나우캐스트,72.14501953125,40.0,3,32.14501953125
2026-08-18 21:00:00,제주,3,ECMWF,41.0,40.0,0,1.0
2026-08-18 21:00:00,제주,3,GFS,5.0,40.0,0,35.0
2026-08-19 00:00:00,서울,6,나우캐스트,56.49180221557617,10.0,6,46.49180221557617
2026-08-19 00:00:00,서울,6,ECMWF,27.0,10.0,3,17.0
2026-08-19 00:00:00,서울,6,GFS,100.0,10.0,3,90.0
2026-08-19 00:00:00,대전,6,나우캐스트,27.03999328613281,40.0,6,12.960006713867188
2026-08-19 00:00:00,대전,6,ECMWF,95.0,40.0,3,55.0
2026-08-19 00:00:00,대전,6,GFS,100.0,40.0,3,60.0
2026-08-19 00:00:00,대구,6,나우캐스트,29.59994888305664,70.0,6,40.40005111694336
2026-08-19 00:00:00,대구,6,ECMWF,59.0,70.0,3,11.0
2026-08-19 00:00:00,대구,6,GFS,99.0,70.0,3,29.0
2026-08-19 00:00:00,광주,6,나우캐스트,83.41287994384766,80.0,6,3.412879943847656
2026-08-19 00:00:00,광주,6,ECMWF,52.0,80.0,3,28.0
2026-08-19 00:00:00,광주,6,GFS,5.0,80.0,3,75.0
2026-08-19 00:00:00,부산,6,나우캐스트,58.73399353027344,70.0,6,11.266006469726562
2026-08-19 00:00:00,부산,6,ECMWF,92.0,70.0,3,22.0
2026-08-19 00:00:00,부산,6,GFS,100.0,70.0,3,30.0
2026-08-19 00:00:00,인천,6,나우캐스트,62.96296691894531,60.0,6,2.9629669189453125
2026-08-19 00:00:00,인천,6,ECMWF,10.0,60.0,3,50.0
2026-08-19 00:00:00,인천,6,GFS,100.0,60.0,3,40.0
2026-08-19 00:00:00,수원,6,나우캐스트,49.40892028808594,60.0,6,10.591079711914062
2026-08-19 00:00:00,수원,6,ECMWF,54.0,60.0,3,6.0
2026-08-19 00:00:00,수원,6,GFS,100.0,60.0,3,40.0
2026-08-19 00:00:00,전주,6,나우캐스트,38.69944763183594,40.0,6,1.3005523681640625
2026-08-19 00:00:00,전주,6,ECMWF,100.0,40.0,3,60.0
2026-08-19 00:00:00,전주,6,GFS,99.0,40.0,3,59.0
2026-08-19 00:00:00,강릉,6,나우캐스트,54.40226364135742,20.0,6,34.40226364135742
2026-08-19 00:00:00,강릉,6,ECMWF,60.0,20.0,3,40.0
2026-08-19 00:00:00,강릉,6,GFS,100.0,20.0,3,80.0
2026-08-19 00:00:00,제주,6,나우캐스트,69.52729797363281,70.0,6,0.4727020263671875
2026-08-19 00:00:00,제주,6,ECMWF,57.0,70.0,3,13.0
2026-08-19 00:00:00,제주,6,GFS,5.0,70.0,3,65.0
2026-08-18 21:00:00,서울,2,나우캐스트,26.016830444335938,10.0,2,16.016830444335938
2026-08-18 21:00:00,서울,2,ECMWF,10.0,10.0,0,0.0
2026-08-18 21:00:00,서울,2,GFS,22.0,10.0,0,12.0
2026-08-18 21:00:00,대전,2,나우캐스트,19.687931060791016,20.0,2,0.3120689392089844
2026-08-18 21:00:00,대전,2,ECMWF,17.0,20.0,0,3.0
2026-08-18 21:00:00,대전,2,GFS,94.0,20.0,0,74.0
2026-08-18 21:00:00,대구,2,나우캐스트,23.74725151062012,40.0,2,16.252748489379883
2026-08-18 21:00:00,대구,2,ECMWF,75.0,40.0,0,35.0
2026-08-18 21:00:00,대구,2,GFS,90.0,40.0,0,50.0
2026-08-18 21:00:00,광주,2,나우캐스트,49.42115020751953,20.0,2,29.42115020751953
2026-08-18 21:00:00,광주,2,ECMWF,81.0,20.0,0,61.0
2026-08-18 21:00:00,광주,2,GFS,4.0,20.0,0,16.0
2026-08-18 21:00:00,부산,2,나우캐스트,48.16989135742188,70.0,2,21.830108642578125
2026-08-18 21:00:00,부산,2,ECMWF,88.0,70.0,0,18.0
2026-08-18 21:00:00,부산,2,GFS,87.0,70.0,0,17.0
2026-08-18 21:00:00,인천,2,나우캐스트,49.06186294555664,40.0,2,9.06186294555664
2026-08-18 21:00:00,인천,2,ECMWF,13.0,40.0,0,27.0
2026-08-18 21:00:00,인천,2,GFS,38.0,40.0,0,2.0
2026-08-18 21:00:00,수원,2,나우캐스트,22.915428161621094,30.0,2,7.084571838378906
2026-08-18 21:00:00,수원,2,ECMWF,77.0,30.0,0,47.0
2026-08-18 21:00:00,수원,2,GFS,5.0,30.0,0,25.0
2026-08-18 21:00:00,전주,2,나우캐스트,25.8067569732666,40.0,2,14.193243026733398
2026-08-18 21:00:00,전주,2,ECMWF,85.0,40.0,0,45.0
2026-08-18 21:00:00,전주,2,GFS,7.0,40.0,0,33.0
2026-08-18 21:00:00,강릉,2,나우캐스트,34.60834503173828,70.0,2,35.39165496826172
2026-08-18 21:00:00,강릉,2,ECMWF,73.0,70.0,0,3.0
2026-08-18 21:00:00,강릉,2,GFS,5.0,70.0,0,65.0
2026-08-18 21:00:00,제주,2,나우캐스트,62.65979766845703,40.0,2,22.65979766845703
2026-08-18 21:00:00,제주,2,ECMWF,41.0,40.0,0,1.0
2026-08-18 21:00:00,제주,2,GFS,5.0,40.0,0,35.0
2026-08-19 00:00:00,서울,5,나우캐스트,51.31055450439453,10.0,5,41.31055450439453
2026-08-19 00:00:00,서울,5,ECMWF,27.0,10.0,3,17.0
2026-08-19 00:00:00,서울,5,GFS,100.0,10.0,3,90.0
2026-08-19 00:00:00,대전,5,나우캐스트,39.06679153442383,40.0,5,0.933208465576172
2026-08-19 00:00:00,대전,5,ECMWF,95.0,40.0,3,55.0
2026-08-19 00:00:00,대전,5,GFS,100.0,40.0,3,60.0
2026-08-19 00:00:00,대구,5,나우캐스트,14.607850074768066,70.0,5,55.392149925231934
2026-08-19 00:00:00,대구,5,ECMWF,59.0,70.0,3,11.0
2026-08-19 00:00:00,대구,5,GFS,99.0,70.0,3,29.0
2026-08-19 00:00:00,광주,5,나우캐스트,61.462528228759766,80.0,5,18.537471771240234
2026-08-19 00:00:00,광주,5,ECMWF,52.0,80.0,3,28.0
2026-08-19 00:00:00,광주,5,GFS,5.0,80.0,3,75.0
2026-08-19 00:00:00,부산,5,나우캐스트,30.189918518066406,70.0,5,39.8100814819336
2026-08-19 00:00:00,부산,5,ECMWF,92.0,70.0,3,22.0
2026-08-19 00:00:00,부산,5,GFS,100.0,70.0,3,30.0
2026-08-19 00:00:00,인천,5,나우캐스트,55.44114685058594,60.0,5,4.558853149414063
2026-08-19 00:00:00,인천,5,ECMWF,10.0,60.0,3,50.0
2026-08-19 00:00:00,인천,5,GFS,100.0,60.0,3,40.0
2026-08-19 00:00:00,수원,5,나우캐스트,45.33446502685547,60.0,5,14.665534973144531
2026-08-19 00:00:00,수원,5,ECMWF,54.0,60.0,3,6.0
2026-08-19 00:00:00,수원,5,GFS,100.0,60.0,3,40.0
2026-08-19 00:00:00,전주,5,나우캐스트,39.51858901977539,40.0,5,0.4814109802246094
2026-08-19 00:00:00,전주,5,ECMWF,100.0,40.0,3,60.0
2026-08-19 00:00:00,전주,5,GFS,99.0,40.0,3,59.0
2026-08-19 00:00:00,강릉,5,나우캐스트,41.50113296508789,20.0,5,21.50113296508789
2026-08-19 00:00:00,강릉,5,ECMWF,60.0,20.0,3,40.0
2026-08-19 00:00:00,강릉,5,GFS,100.0,20.0,3,80.0
2026-08-19 00:00:00,제주,5,나우캐스트,61.39102935791016,70.0,5,8.608970642089844
2026-08-19 00:00:00,제주,5,ECMWF,57.0,70.0,3,13.0
2026-08-19 00:00:00,제주,5,GFS,5.0,70.0,3,65.0
2026-08-18 21:00:00,서울,1,나우캐스트,5.12852144241333,10.0,1,4.87147855758667
2026-08-18 21:00:00,서울,1,ECMWF,10.0,10.0,0,0.0
2026-08-18 21:00:00,서울,1,GFS,22.0,10.0,0,12.0
2026-08-18 21:00:00,대전,1,나우캐스트,11.711030006408691,20.0,1,8.288969993591309
2026-08-18 21:00:00,대전,1,ECMWF,17.0,20.0,0,3.0
2026-08-18 21:00:00,대전,1,GFS,94.0,20.0,0,74.0
2026-08-18 21:00:00,대구,1,나우캐스트,27.565279006958008,40.0,1,12.434720993041992
2026-08-18 21:00:00,대구,1,ECMWF,75.0,40.0,0,35.0
2026-08-18 21:00:00,대구,1,GFS,90.0,40.0,0,50.0
2026-08-18 21:00:00,광주,1,나우캐스트,25.184925079345703,20.0,1,5.184925079345703
2026-08-18 21:00:00,광주,1,ECMWF,81.0,20.0,0,61.0
2026-08-18 21:00:00,광주,1,GFS,4.0,20.0,0,16.0
2026-08-18 21:00:00,부산,1,나우캐스트,86.07479858398438,70.0,1,16.074798583984375
2026-08-18 21:00:00,부산,1,ECMWF,88.0,70.0,0,18.0
2026-08-18 21:00:00,부산,1,GFS,87.0,70.0,0,17.0
2026-08-18 21:00:00,인천,1,나우캐스트,10.471274375915527,40.0,1,29.528725624084476
2026-08-18 21:00:00,인천,1,ECMWF,13.0,40.0,0,27.0
2026-08-18 21:00:00,인천,1,GFS,38.0,40.0,0,2.0
2026-08-18 21:00:00,수원,1,나우캐스트,8.04288387298584,30.0,1,21.95711612701416
2026-08-18 21:00:00,수원,1,ECMWF,77.0,30.0,0,47.0
2026-08-18 21:00:00,수원,1,GFS,5.0,30.0,0,25.0
2026-08-18 21:00:00,전주,1,나우캐스트,21.68640518188477,40.0,1,18.313594818115234
2026-08-18 21:00:00,전주,1,ECMWF,85.0,40.0,0,45.0
2026-08-18 21:00:00,전주,1,GFS,7.0,40.0,0,33.0
2026-08-18 21:00:00,강릉,1,나우캐스트,42.90475845336914,70.0,1,27.09524154663086
2026-08-18 21:00:00,강릉,1,ECMWF,73.0,70.0,0,3.0
2026-08-18 21:00:00,강릉,1,GFS,5.0,70.0,0,65.0
2026-08-18 21:00:00,제주,1,나우캐스트,32.77355194091797,40.0,1,7.226448059082031
2026-08-18 21:00:00,제주,1,ECMWF,41.0,40.0,0,1.0
2026-08-18 21:00:00,제주,1,GFS,5.0,40.0,0,35.0
2026-08-19 00:00:00,서울,4,나우캐스트,39.62398147583008,10.0,4,29.62398147583008
2026-08-19 00:00:00,서울,4,ECMWF,27.0,10.0,3,17.0
2026-08-19 00:00:00,서울,4,GFS,100.0,10.0,3,90.0
2026-08-19 00:00:00,대전,4,나우캐스트,29.31686019897461,40.0,4,10.68313980102539
2026-08-19 00:00:00,대전,4,ECMWF,95.0,40.0,3,55.0
2026-08-19 00:00:00,대전,4,GFS,100.0,40.0,3,60.0
2026-08-19 00:00:00,대구,4,나우캐스트,42.292137145996094,70.0,4,27.707862854003903
2026-08-19 00:00:00,대구,4,ECMWF,59.0,70.0,3,11.0
2026-08-19 00:00:00,대구,4,GFS,99.0,70.0,3,29.0
2026-08-19 00:00:00,광주,4,나우캐스트,58.394161224365234,80.0,4,21.60583877563477
2026-08-19 00:00:00,광주,4,ECMWF,52.0,80.0,3,28.0
2026-08-19 00:00:00,광주,4,GFS,5.0,80.0,3,75.0
2026-08-19 00:00:00,부산,4,나우캐스트,71.71788024902344,70.0,4,1.7178802490234375
2026-08-19 00:00:00,부산,4,ECMWF,92.0,70.0,3,22.0
2026-08-19 00:00:00,부산,4,GFS,100.0,70.0,3,30.0
2026-08-19 00:00:00,인천,4,나우캐스트,48.96013641357422,60.0,4,11.03986358642578
2026-08-19 00:00:00,인천,4,ECMWF,10.0,60.0,3,50.0
2026-08-19 00:00:00,인천,4,GFS,100.0,60.0,3,40.0
2026-08-19 00:00:00,수원,4,나우캐스트,34.14574432373047,60.0,4,25.85425567626953
2026-08-19 00:00:00,수원,4,ECMWF,54.0,60.0,3,6.0
2026-08-19 00:00:00,수원,4,GFS,100.0,60.0,3,40.0
2026-08-19 00:00:00,전주,4,나우캐스트,22.124345779418945,40.0,4,17.875654220581055
2026-08-19 00:00:00,전주,4,ECMWF,100.0,40.0,3,60.0
2026-08-19 00:00:00,전주,4,GFS,99.0,40.0,3,59.0
2026-08-19 00:00:00,강릉,4,나우캐스트,42.68082427978516,20.0,4,22.68082427978516
2026-08-19 00:00:00,강릉,4,ECMWF,60.0,20.0,3,40.0
2026-08-19 00:00:00,강릉,4,GFS,100.0,20.0,3,80.0
2026-08-19 00:00:00,제주,4,나우캐스트,54.962921142578125,70.0,4,15.037078857421877
2026-08-19 00:00:00,제주,4,ECMWF,57.0,70.0,3,13.0
2026-08-19 00:00:00,제주,4,GFS,5.0,70.0,3,65.0
2026-08-19 00:00:00,서울,3,나우캐스트,42.02857971191406,10.0,3,32.02857971191406
2026-08-19 00:00:00,서울,3,ECMWF,27.0,10.0,3,17.0
2026-08-19 00:00:00,서울,3,GFS,100.0,10.0,3,90.0
2026-08-19 00:00:00,대전,3,나우캐스트,16.383224487304688,40.0,3,23.616775512695312
2026-08-19 00:00:00,대전,3,ECMWF,95.0,40.0,3,55.0
2026-08-19 00:00:00,대전,3,GFS,100.0,40.0,3,60.0
2026-08-19 00:00:00,대구,3,나우캐스트,27.16945457458496,70.0,3,42.83054542541504
2026-08-19 00:00:00,대구,3,ECMWF,59.0,70.0,3,11.0
2026-08-19 00:00:00,대구,3,GFS,99.0,70.0,3,29.0
2026-08-19 00:00:00,광주,3,나우캐스트,75.5755386352539,80.0,3,4.424461364746094
2026-08-19 00:00:00,광주,3,ECMWF,52.0,80.0,3,28.0
2026-08-19 00:00:00,광주,3,GFS,5.0,80.0,3,75.0
2026-08-19 00:00:00,부산,3,나우캐스트,75.45896911621094,70.0,3,5.4589691162109375
2026-08-19 00:00:00,부산,3,ECMWF,92.0,70.0,3,22.0
2026-08-19 00:00:00,부산,3,GFS,100.0,70.0,3,30.0
2026-08-19 00:00:00,인천,3,나우캐스트,47.27392578125,60.0,3,12.72607421875
2026-08-19 00:00:00,인천,3,ECMWF,10.0,60.0,3,50.0
2026-08-19 00:00:00,인천,3,GFS,100.0,60.0,3,40.0
2026-08-19 00:00:00,수원,3,나우캐스트,35.4281005859375,60.0,3,24.5718994140625
2026-08-19 00:00:00,수원,3,ECMWF,54.0,60.0,3,6.0
2026-08-19 00:00:00,수원,3,GFS,100.0,60.0,3,40.0
2026-08-19 00:00:00,전주,3,나우캐스트,35.70043182373047,40.0,3,4.299568176269531
2026-08-19 00:00:00,전주,3,ECMWF,100.0,40.0,3,60.0
2026-08-19 00:00:00,전주,3,GFS,99.0,40.0,3,59.0
2026-08-19 00:00:00,강릉,3,나우캐스트,46.054195404052734,20.0,3,26.05419540405273
2026-08-19 00:00:00,강릉,3,ECMWF,60.0,20.0,3,40.0
2026-08-19 00:00:00,강릉,3,GFS,100.0,20.0,3,80.0
2026-08-19 00:00:00,제주,3,나우캐스트,36.2593879699707,70.0,3,33.7406120300293
2026-08-19 00:00:00,제주,3,ECMWF,57.0,70.0,3,13.0
2026-08-19 00:00:00,제주,3,GFS,5.0,70.0,3,65.0
2026-08-19 03:00:00,서울,6,나우캐스트,52.05144882202149,50.0,6,2.0514488220214844
2026-08-19 03:00:00,서울,6,ECMWF,98.0,50.0,6,48.0
2026-08-19 03:00:00,서울,6,GFS,96.0,50.0,0,46.0
2026-08-19 03:00:00,대전,6,나우캐스트,20.757946014404297,70.0,6,49.2420539855957
2026-08-19 03:00:00,대전,6,ECMWF,28.0,70.0,6,42.0
2026-08-19 03:00:00,대전,6,GFS,100.0,70.0,0,30.0
2026-08-19 03:00:00,대구,6,나우캐스트,41.69358825683594,70.0,6,28.306411743164062
2026-08-19 03:00:00,대구,6,ECMWF,90.0,70.0,6,20.0
2026-08-19 03:00:00,대구,6,GFS,99.0,70.0,0,29.0
2026-08-19 03:00:00,광주,6,나우캐스트,84.16603088378906,100.0,6,15.833969116210938
2026-08-19 03:00:00,광주,6,ECMWF,90.0,100.0,6,10.0
2026-08-19 03:00:00,광주,6,GFS,96.0,100.0,0,4.0
2026-08-19 03:00:00,부산,6,나우캐스트,51.08171844482422,30.0,6,21.08171844482422
2026-08-19 03:00:00,부산,6,ECMWF,23.0,30.0,6,7.0
2026-08-19 03:00:00,부산,6,GFS,4.0,30.0,0,26.0
2026-08-19 03:00:00,인천,6,나우캐스트,60.21490478515625,60.0,6,0.21490478515625
2026-08-19 03:00:00,인천,6,ECMWF,77.0,60.0,6,17.0
2026-08-19 03:00:00,인천,6,GFS,100.0,60.0,0,40.0
2026-08-19 03:00:00,수원,6,나우캐스트,43.607032775878906,100.0,6,56.39296722412109
2026-08-19 03:00:00,수원,6,ECMWF,33.0,100.0,6,67.0
2026-08-19 03:00:00,수원,6,GFS,93.0,100.0,0,7.0
2026-08-19 03:00:00,전주,6,나우캐스트,52.57272338867188,80.0,6,27.427276611328125
2026-08-19 03:00:00,전주,6,ECMWF,30.0,80.0,6,50.0
2026-08-19 03:00:00,전주,6,GFS,100.0,80.0,0,20.0
2026-08-19 03:00:00,강릉,6,나우캐스트,68.13493347167969,40.0,6,28.134933471679688
2026-08-19 03:00:00,강릉,6,ECMWF,41.0,40.0,6,1.0
2026-08-19 03:00:00,강릉,6,GFS,99.0,40.0,0,59.0
2026-08-19 03:00:00,제주,6,나우캐스트,59.87581634521485,90.0,6,30.12418365478516
2026-08-19 03:00:00,제주,6,ECMWF,41.0,90.0,6,49.0
2026-08-19 03:00:00,제주,6,GFS,100.0,90.0,0,10.0
2026-08-19 00:00:00,서울,2,나우캐스트,52.67923355102539,10.0,2,42.67923355102539
2026-08-19 00:00:00,서울,2,ECMWF,27.0,10.0,3,17.0
2026-08-19 00:00:00,서울,2,GFS,100.0,10.0,3,90.0
2026-08-19 00:00:00,대전,2,나우캐스트,39.05287170410156,40.0,2,0.9471282958984376
2026-08-19 00:00:00,대전,2,ECMWF,95.0,40.0,3,55.0
2026-08-19 00:00:00,대전,2,GFS,100.0,40.0,3,60.0
2026-08-19 00:00:00,대구,2,나우캐스트,53.78268814086914,70.0,2,16.21731185913086
2026-08-19 00:00:00,대구,2,ECMWF,59.0,70.0,3,11.0
2026-08-19 00:00:00,대구,2,GFS,99.0,70.0,3,29.0
2026-08-19 00:00:00,광주,2,나우캐스트,61.597049713134766,80.0,2,18.402950286865234
2026-08-19 00:00:00,광주,2,ECMWF,52.0,80.0,3,28.0
2026-08-19 00:00:00,광주,2,GFS,5.0,80.0,3,75.0
2026-08-19 00:00:00,부산,2,나우캐스트,39.21181488037109,70.0,2,30.788185119628903
2026-08-19 00:00:00,부산,2,ECMWF,92.0,70.0,3,22.0
2026-08-19 00:00:00,부산,2,GFS,100.0,70.0,3,30.0
2026-08-19 00:00:00,인천,2,나우캐스트,50.05901336669922,60.0,2,9.94098663330078
2026-08-19 00:00:00,인천,2,ECMWF,10.0,60.0,3,50.0
2026-08-19 00:00:00,인천,2,GFS,100.0,60.0,3,40.0
2026-08-19 00:00:00,수원,2,나우캐스트,56.95282745361328,60.0,2,3.0471725463867188
2026-08-19 00:00:00,수원,2,ECMWF,54.0,60.0,3,6.0
2026-08-19 00:00:00,수원,2,GFS,100.0,60.0,3,40.0
2026-08-19 00:00:00,전주,2,나우캐스트,42.92839813232422,40.0,2,2.9283981323242188
2026-08-19 00:00:00,전주,2,ECMWF,100.0,40.0,3,60.0
2026-08-19 00:00:00,전주,2,GFS,99.0,40.0,3,59.0
2026-08-19 00:00:00,강릉,2,나우캐스트,37.70454788208008,20.0,2,17.704547882080078
2026-08-19 00:00:00,강릉,2,ECMWF,60.0,20.0,3,40.0
2026-08-19 00:00:00,강릉,2,GFS,100.0,20.0,3,80.0
2026-08-19 00:00:00,제주,2,나우캐스트,51.524356842041016,70.0,2,18.475643157958984
2026-08-19 00:00:00,제주,2,ECMWF,57.0,70.0,3,13.0
2026-08-19 00:00:00,제주,2,GFS,5.0,70.0,3,65.0
2026-08-19 03:00:00,서울,5,나우캐스트,63.01905822753906,50.0,5,13.019058227539062
2026-08-19 03:00:00,서울,5,ECMWF,98.0,50.0,6,48.0
2026-08-19 03:00:00,서울,5,GFS,96.0,50.0,0,46.0
2026-08-19 03:00:00,대전,5,나우캐스트,29.94712257385254,70.0,5,40.05287742614746
2026-08-19 03:00:00,대전,5,ECMWF,28.0,70.0,6,42.0
2026-08-19 03:00:00,대전,5,GFS,100.0,70.0,0,30.0
2026-08-19 03:00:00,대구,5,나우캐스트,43.78981018066406,70.0,5,26.210189819335938
2026-08-19 03:00:00,대구,5,ECMWF,90.0,70.0,6,20.0
2026-08-19 03:00:00,대구,5,GFS,99.0,70.0,0,29.0
2026-08-19 03:00:00,광주,5,나우캐스트,79.74920654296875,100.0,5,20.25079345703125
2026-08-19 03:00:00,광주,5,ECMWF,90.0,100.0,6,10.0
2026-08-19 03:00:00,광주,5,GFS,96.0,100.0,0,4.0
2026-08-19 03:00:00,부산,5,나우캐스트,62.63021469116211,30.0,5,32.63021469116211
2026-08-19 03:00:00,부산,5,ECMWF,23.0,30.0,6,7.0
2026-08-19 03:00:00,부산,5,GFS,4.0,30.0,0,26.0
2026-08-19 03:00:00,인천,5,나우캐스트,69.5238265991211,60.0,5,9.523826599121094
2026-08-19 03:00:00,인천,5,ECMWF,77.0,60.0,6,17.0
2026-08-19 03:00:00,인천,5,GFS,100.0,60.0,0,40.0
2026-08-19 03:00:00,수원,5,나우캐스트,61.66012573242188,100.0,5,38.339874267578125
2026-08-19 03:00:00,수원,5,ECMWF,33.0,100.0,6,67.0
2026-08-19 03:00:00,수원,5,GFS,93.0,100.0,0,7.0
2026-08-19 03:00:00,전주,5,나우캐스트,39.542179107666016,80.0,5,40.457820892333984
2026-08-19 03:00:00,전주,5,ECMWF,30.0,80.0,6,50.0
2026-08-19 03:00:00,전주,5,GFS,100.0,80.0,0,20.0
2026-08-19 03:00:00,강릉,5,나우캐스트,57.42924499511719,40.0,5,17.429244995117188
2026-08-19 03:00:00,강릉,5,ECMWF,41.0,40.0,6,1.0
2026-08-19 03:00:00,강릉,5,GFS,99.0,40.0,0,59.0
2026-08-19 03:00:00,제주,5,나우캐스트,61.64280700683594,90.0,5,28.357192993164062
2026-08-19 03:00:00,제주,5,ECMWF,41.0,90.0,6,49.0
2026-08-19 03:00:00,제주,5,GFS,100.0,90.0,0,10.0
2026-08-19 00:00:00,서울,1,나우캐스트,19.512420654296875,10.0,1,9.512420654296877
2026-08-19 00:00:00,서울,1,ECMWF,27.0,10.0,3,17.0
2026-08-19 00:00:00,서울,1,GFS,100.0,10.0,3,90.0
2026-08-19 00:00:00,대전,1,나우캐스트,12.429319381713867,40.0,1,27.570680618286133
2026-08-19 00:00:00,대전,1,ECMWF,95.0,40.0,3,55.0
2026-08-19 00:00:00,대전,1,GFS,100.0,40.0,3,60.0
2026-08-19 00:00:00,대구,1,나우캐스트,43.33258056640625,70.0,1,26.66741943359375
2026-08-19 00:00:00,대구,1,ECMWF,59.0,70.0,3,11.0
2026-08-19 00:00:00,대구,1,GFS,99.0,70.0,3,29.0
2026-08-19 00:00:00,광주,1,나우캐스트,76.97091674804688,80.0,1,3.029083251953125
2026-08-19 00:00:00,광주,1,ECMWF,52.0,80.0,3,28.0
2026-08-19 00:00:00,광주,1,GFS,5.0,80.0,3,75.0
2026-08-19 00:00:00,부산,1,나우캐스트,57.34137725830078,70.0,1,12.65862274169922
2026-08-19 00:00:00,부산,1,ECMWF,92.0,70.0,3,22.0
2026-08-19 00:00:00,부산,1,GFS,100.0,70.0,3,30.0
2026-08-19 00:00:00,인천,1,나우캐스트,15.047558784484863,60.0,1,44.95244121551514
2026-08-19 00:00:00,인천,1,ECMWF,10.0,60.0,3,50.0
2026-08-19 00:00:00,인천,1,GFS,100.0,60.0,3,40.0
2026-08-19 00:00:00,수원,1,나우캐스트,15.48719882965088,60.0,1,44.51280117034912
2026-08-19 00:00:00,수원,1,ECMWF,54.0,60.0,3,6.0
2026-08-19 00:00:00,수원,1,GFS,100.0,60.0,3,40.0
2026-08-19 00:00:00,전주,1,나우캐스트,14.277189254760742,40.0,1,25.722810745239254
2026-08-19 00:00:00,전주,1,ECMWF,100.0,40.0,3,60.0
2026-08-19 00:00:00,전주,1,GFS,99.0,40.0,3,59.0
2026-08-19 00:00:00,강릉,1,나우캐스트,14.670218467712402,20.0,1,5.329781532287598
2026-08-19 00:00:00,강릉,1,ECMWF,60.0,20.0,3,40.0
2026-08-19 00:00:00,강릉,1,GFS,100.0,20.0,3,80.0
2026-08-19 00:00:00,제주,1,나우캐스트,40.41477966308594,70.0,1,29.585220336914062
2026-08-19 00:00:00,제주,1,ECMWF,57.0,70.0,3,13.0
2026-08-19 00:00:00,제주,1,GFS,5.0,70.0,3,65.0
2026-08-19 03:00:00,서울,4,나우캐스트,52.64993667602539,50.0,4,2.64993667602539
2026-08-19 03:00:00,서울,4,ECMWF,98.0,50.0,6,48.0
2026-08-19 03:00:00,서울,4,GFS,96.0,50.0,0,46.0
2026-08-19 03:00:00,대전,4,나우캐스트,35.85187149047852,70.0,4,34.148128509521484
2026-08-19 03:00:00,대전,4,ECMWF,28.0,70.0,6,42.0
2026-08-19 03:00:00,대전,4,GFS,100.0,70.0,0,30.0
2026-08-19 03:00:00,대구,4,나우캐스트,65.98456573486328,70.0,4,4.015434265136719
2026-08-19 03:00:00,대구,4,ECMWF,90.0,70.0,6,20.0
2026-08-19 03:00:00,대구,4,GFS,99.0,70.0,0,29.0
2026-08-19 03:00:00,광주,4,나우캐스트,93.54783630371094,100.0,4,6.452163696289063
2026-08-19 03:00:00,광주,4,ECMWF,90.0,100.0,6,10.0
2026-08-19 03:00:00,광주,4,GFS,96.0,100.0,0,4.0
2026-08-19 03:00:00,부산,4,나우캐스트,65.20327758789062,30.0,4,35.203277587890625
2026-08-19 03:00:00,부산,4,ECMWF,23.0,30.0,6,7.0
2026-08-19 03:00:00,부산,4,GFS,4.0,30.0,0,26.0
2026-08-19 03:00:00,인천,4,나우캐스트,54.24940872192383,60.0,4,5.750591278076172
2026-08-19 03:00:00,인천,4,ECMWF,77.0,60.0,6,17.0
2026-08-19 03:00:00,인천,4,GFS,100.0,60.0,0,40.0
2026-08-19 03:00:00,수원,4,나우캐스트,46.42979431152344,100.0,4,53.57020568847656
2026-08-19 03:00:00,수원,4,ECMWF,33.0,100.0,6,67.0
2026-08-19 03:00:00,수원,4,GFS,93.0,100.0,0,7.0
2026-08-19 03:00:00,전주,4,나우캐스트,83.24596405029297,80.0,4,3.2459640502929688
2026-08-19 03:00:00,전주,4,ECMWF,30.0,80.0,6,50.0
2026-08-19 03:00:00,전주,4,GFS,100.0,80.0,0,20.0
2026-08-19 03:00:00,강릉,4,나우캐스트,55.06354522705078,40.0,4,15.06354522705078
2026-08-19 03:00:00,강릉,4,ECMWF,41.0,40.0,6,1.0
2026-08-19 03:00:00,강릉,4,GFS,99.0,40.0,0,59.0
2026-08-19 03:00:00,제주,4,나우캐스트,60.36116027832031,90.0,4,29.638839721679688
2026-08-19 03:00:00,제주,4,ECMWF,41.0,90.0,6,49.0
2026-08-19 03:00:00,제주,4,GFS,100.0,90.0,0,10.0
2026-08-19 03:00:00,서울,3,나우캐스트,50.93590545654297,50.0,3,0.9359054565429688
2026-08-19 03:00:00,서울,3,ECMWF,98.0,50.0,6,48.0
2026-08-19 03:00:00,서울,3,GFS,96.0,50.0,0,46.0
2026-08-19 03:00:00,대전,3,나우캐스트,36.871376037597656,70.0,3,33.128623962402344
2026-08-19 03:00:00,대전,3,ECMWF,28.0,70.0,6,42.0
2026-08-19 03:00:00,대전,3,GFS,100.0,70.0,0,30.0
2026-08-19 03:00:00,대구,3,나우캐스트,80.58255004882812,70.0,3,10.582550048828123
2026-08-19 03:00:00,대구,3,ECMWF,90.0,70.0,6,20.0
2026-08-19 03:00:00,대구,3,GFS,99.0,70.0,0,29.0
2026-08-19 03:00:00,광주,3,나우캐스트,91.48312377929688,100.0,3,8.516876220703125
2026-08-19 03:00:00,광주,3,ECMWF,90.0,100.0,6,10.0
2026-08-19 03:00:00,광주,3,GFS,96.0,100.0,0,4.0
2026-08-19 03:00:00,부산,3,나우캐스트,88.86795043945312,30.0,3,58.867950439453125
2026-08-19 03:00:00,부산,3,ECMWF,23.0,30.0,6,7.0
2026-08-19 03:00:00,부산,3,GFS,4.0,30.0,0,26.0
2026-08-19 03:00:00,인천,3,나우캐스트,49.56436538696289,60.0,3,10.43563461303711
2026-08-19 03:00:00,인천,3,ECMWF,77.0,60.0,6,17.0
2026-08-19 03:00:00,인천,3,GFS,100.0,60.0,0,40.0
2026-08-19 03:00:00,수원,3,나우캐스트,50.89998626708984,100.0,3,49.10001373291016
2026-08-19 03:00:00,수원,3,ECMWF,33.0,100.0,6,67.0
2026-08-19 03:00:00,수원,3,GFS,93.0,100.0,0,7.0
2026-08-19 03:00:00,전주,3,나우캐스트,56.12216567993164,80.0,3,23.87783432006836
2026-08-19 03:00:00,전주,3,ECMWF,30.0,80.0,6,50.0
2026-08-19 03:00:00,전주,3,GFS,100.0,80.0,0,20.0
2026-08-19 03:00:00,강릉,3,나우캐스트,54.279090881347656,40.0,3,14.279090881347656
2026-08-19 03:00:00,강릉,3,ECMWF,41.0,40.0,6,1.0
2026-08-19 03:00:00,강릉,3,GFS,99.0,40.0,0,59.0
2026-08-19 03:00:00,제주,3,나우캐스트,82.34081268310547,90.0,3,7.659187316894531
2026-08-19 03:00:00,제주,3,ECMWF,41.0,90.0,6,49.0
2026-08-19 03:00:00,제주,3,GFS,100.0,90.0,0,10.0
2026-08-19 06:00:00,서울,6,나우캐스트,62.12750244140625,80.0,6,17.87249755859375
2026-08-19 06:00:00,서울,6,ECMWF,98.0,80.0,9,18.0
2026-08-19 06:00:00,서울,6,GFS,100.0,80.0,3,20.0
2026-08-19 06:00:00,대전,6,나우캐스트,64.7166976928711,70.0,6,5.283302307128906
2026-08-19 06:00:00,대전,6,ECMWF,80.0,70.0,9,10.0
2026-08-19 06:00:00,대전,6,GFS,100.0,70.0,3,30.0
2026-08-19 06:00:00,대구,6,나우캐스트,82.6448745727539,60.0,6,22.644874572753903
2026-08-19 06:00:00,대구,6,ECMWF,78.0,60.0,9,18.0
2026-08-19 06:00:00,대구,6,GFS,100.0,60.0,3,40.0
2026-08-19 06:00:00,광주,6,나우캐스트,91.57743072509766,100.0,6,8.422569274902344
2026-08-19 06:00:00,광주,6,ECMWF,81.0,100.0,9,19.0
2026-08-19 06:00:00,광주,6,GFS,18.0,100.0,3,82.0
2026-08-19 06:00:00,부산,6,나우캐스트,58.00564956665039,10.0,6,48.00564956665039
2026-08-19 06:00:00,부산,6,ECMWF,88.0,10.0,9,78.0
2026-08-19 06:00:00,부산,6,GFS,52.0,10.0,3,42.0
2026-08-19 06:00:00,인천,6,나우캐스트,62.27645111083984,80.0,6,17.723548889160156
2026-08-19 06:00:00,인천,6,ECMWF,98.0,80.0,9,18.0
2026-08-19 06:00:00,인천,6,GFS,100.0,80.0,3,20.0
2026-08-19 06:00:00,수원,6,나우캐스트,60.81407165527344,60.0,6,0.8140716552734375
2026-08-19 06:00:00,수원,6,ECMWF,100.0,60.0,9,40.0
2026-08-19 06:00:00,수원,6,GFS,100.0,60.0,3,40.0
2026-08-19 06:00:00,전주,6,나우캐스트,74.4284896850586,90.0,6,15.571510314941406
2026-08-19 06:00:00,전주,6,ECMWF,84.0,90.0,9,6.0
2026-08-19 06:00:00,전주,6,GFS,90.0,90.0,3,0.0
2026-08-19 06:00:00,강릉,6,나우캐스트,56.16707992553711,70.0,6,13.83292007446289
2026-08-19 06:00:00,강릉,6,ECMWF,98.0,70.0,9,28.0
2026-08-19 06:00:00,강릉,6,GFS,100.0,70.0,3,30.0
2026-08-19 06:00:00,제주,6,나우캐스트,87.50049591064453,30.0,6,57.50049591064453
2026-08-19 06:00:00,제주,6,ECMWF,94.0,30.0,9,64.0
2026-08-19 06:00:00,제주,6,GFS,100.0,30.0,3,70.0
2026-08-19 03:00:00,서울,2,나우캐스트,51.12994384765625,50.0,2,1.12994384765625
2026-08-19 03:00:00,서울,2,ECMWF,98.0,50.0,6,48.0
2026-08-19 03:00:00,서울,2,GFS,96.0,50.0,0,46.0
2026-08-19 03:00:00,대전,2,나우캐스트,14.662580490112305,70.0,2,55.337419509887695
2026-08-19 03:00:00,대전,2,ECMWF,28.0,70.0,6,42.0
2026-08-19 03:00:00,대전,2,GFS,100.0,70.0,0,30.0
2026-08-19 03:00:00,대구,2,나우캐스트,86.47660827636719,70.0,2,16.476608276367188
2026-08-19 03:00:00,대구,2,ECMWF,90.0,70.0,6,20.0
2026-08-19 03:00:00,대구,2,GFS,99.0,70.0,0,29.0
2026-08-19 03:00:00,광주,2,나우캐스트,91.07746124267578,100.0,2,8.922538757324219
2026-08-19 03:00:00,광주,2,ECMWF,90.0,100.0,6,10.0
2026-08-19 03:00:00,광주,2,GFS,96.0,100.0,0,4.0
2026-08-19 03:00:00,부산,2,나우캐스트,86.79753112792969,30.0,2,56.79753112792969
2026-08-19 03:00:00,부산,2,ECMWF,23.0,30.0,6,7.0
2026-08-19 03:00:00,부산,2,GFS,4.0,30.0,0,26.0
2026-08-19 03:00:00,인천,2,나우캐스트,55.56599426269531,60.0,2,4.434005737304688
2026-08-19 03:00:00,인천,2,ECMWF,77.0,60.0,6,17.0
2026-08-19 03:00:00,인천,2,GFS,100.0,60.0,0,40.0
2026-08-19 03:00:00,수원,2,나우캐스트,48.98821258544922,100.0,2,51.01178741455078
2026-08-19 03:00:00,수원,2,ECMWF,33.0,100.0,6,67.0
2026-08-19 03:00:00,수원,2,GFS,93.0,100.0,0,7.0
2026-08-19 03:00:00,전주,2,나우캐스트,31.91204071044922,80.0,2,48.08795928955078
2026-08-19 03:00:00,전주,2,ECMWF,30.0,80.0,6,50.0
2026-08-19 03:00:00,전주,2,GFS,100.0,80.0,0,20.0
2026-08-19 03:00:00,강릉,2,나우캐스트,37.21053314208984,40.0,2,2.789466857910156
2026-08-19 03:00:00,강릉,2,ECMWF,41.0,40.0,6,1.0
2026-08-19 03:00:00,강릉,2,GFS,99.0,40.0,0,59.0
2026-08-19 03:00:00,제주,2,나우캐스트,85.64531707763672,90.0,2,4.354682922363281
2026-08-19 03:00:00,제주,2,ECMWF,41.0,90.0,6,49.0
2026-08-19 03:00:00,제주,2,GFS,100.0,90.0,0,10.0
2026-08-19 06:00:00,서울,5,나우캐스트,56.52070236206055,80.0,5,23.479297637939453
2026-08-19 06:00:00,서울,5,ECMWF,98.0,80.0,9,18.0
2026-08-19 06:00:00,서울,5,GFS,100.0,80.0,3,20.0
2026-08-19 06:00:00,대전,5,나우캐스트,22.249042510986328,70.0,5,47.75095748901367
2026-08-19 06:00:00,대전,5,ECMWF,80.0,70.0,9,10.0
2026-08-19 06:00:00,대전,5,GFS,100.0,70.0,3,30.0
2026-08-19 06:00:00,대구,5,나우캐스트,81.265380859375,60.0,5,21.265380859375
2026-08-19 06:00:00,대구,5,ECMWF,78.0,60.0,9,18.0
2026-08-19 06:00:00,대구,5,GFS,100.0,60.0,3,40.0
2026-08-19 06:00:00,광주,5,나우캐스트,88.33868408203125,100.0,5,11.66131591796875
2026-08-19 06:00:00,광주,5,ECMWF,81.0,100.0,9,19.0
2026-08-19 06:00:00,광주,5,GFS,18.0,100.0,3,82.0
2026-08-19 06:00:00,부산,5,나우캐스트,80.76542663574219,10.0,5,70.76542663574219
2026-08-19 06:00:00,부산,5,ECMWF,88.0,10.0,9,78.0
2026-08-19 06:00:00,부산,5,GFS,52.0,10.0,3,42.0
2026-08-19 06:00:00,인천,5,나우캐스트,62.43833923339844,80.0,5,17.561660766601562
2026-08-19 06:00:00,인천,5,ECMWF,98.0,80.0,9,18.0
2026-08-19 06:00:00,인천,5,GFS,100.0,80.0,3,20.0
2026-08-19 06:00:00,수원,5,나우캐스트,50.62620544433594,60.0,5,9.373794555664062
2026-08-19 06:00:00,수원,5,ECMWF,100.0,60.0,9,40.0
2026-08-19 06:00:00,수원,5,GFS,100.0,60.0,3,40.0
2026-08-19 06:00:00,전주,5,나우캐스트,49.18669891357422,90.0,5,40.81330108642578
2026-08-19 06:00:00,전주,5,ECMWF,84.0,90.0,9,6.0
2026-08-19 06:00:00,전주,5,GFS,90.0,90.0,3,0.0
2026-08-19 06:00:00,강릉,5,나우캐스트,54.039852142333984,70.0,5,15.960147857666016
2026-08-19 06:00:00,강릉,5,ECMWF,98.0,70.0,9,28.0
2026-08-19 06:00:00,강릉,5,GFS,100.0,70.0,3,30.0
2026-08-19 06:00:00,제주,5,나우캐스트,81.71543884277344,30.0,5,51.71543884277344
2026-08-19 06:00:00,제주,5,ECMWF,94.0,30.0,9,64.0
2026-08-19 06:00:00,제주,5,GFS,100.0,30.0,3,70.0
2026-08-19 03:00:00,서울,1,나우캐스트,68.05474090576172,50.0,1,18.05474090576172
2026-08-19 03:00:00,서울,1,ECMWF,98.0,50.0,6,48.0
2026-08-19 03:00:00,서울,1,GFS,96.0,50.0,0,46.0
2026-08-19 03:00:00,대전,1,나우캐스트,10.721691131591797,70.0,1,59.2783088684082
2026-08-19 03:00:00,대전,1,ECMWF,28.0,70.0,6,42.0
2026-08-19 03:00:00,대전,1,GFS,100.0,70.0,0,30.0
2026-08-19 03:00:00,대구,1,나우캐스트,83.90457916259766,70.0,1,13.904579162597656
2026-08-19 03:00:00,대구,1,ECMWF,90.0,70.0,6,20.0
2026-08-19 03:00:00,대구,1,GFS,99.0,70.0,0,29.0
2026-08-19 03:00:00,광주,1,나우캐스트,97.17755126953124,100.0,1,2.82244873046875
2026-08-19 03:00:00,광주,1,ECMWF,90.0,100.0,6,10.0
2026-08-19 03:00:00,광주,1,GFS,96.0,100.0,0,4.0
2026-08-19 03:00:00,부산,1,나우캐스트,23.09866714477539,30.0,1,6.901332855224609
2026-08-19 03:00:00,부산,1,ECMWF,23.0,30.0,6,7.0
2026-08-19 03:00:00,부산,1,GFS,4.0,30.0,0,26.0
2026-08-19 03:00:00,인천,1,나우캐스트,68.21395874023438,60.0,1,8.213958740234375
2026-08-19 03:00:00,인천,1,ECMWF,77.0,60.0,6,17.0
2026-08-19 03:00:00,인천,1,GFS,100.0,60.0,0,40.0
2026-08-19 03:00:00,수원,1,나우캐스트,75.38860321044922,100.0,1,24.61139678955078
2026-08-19 03:00:00,수원,1,ECMWF,33.0,100.0,6,67.0
2026-08-19 03:00:00,수원,1,GFS,93.0,100.0,0,7.0
2026-08-19 03:00:00,전주,1,나우캐스트,52.19353866577149,80.0,1,27.80646133422852
2026-08-19 03:00:00,전주,1,ECMWF,30.0,80.0,6,50.0
2026-08-19 03:00:00,전주,1,GFS,100.0,80.0,0,20.0
2026-08-19 03:00:00,강릉,1,나우캐스트,10.388891220092772,40.0,1,29.611108779907227
2026-08-19 03:00:00,강릉,1,ECMWF,41.0,40.0,6,1.0
2026-08-19 03:00:00,강릉,1,GFS,99.0,40.0,0,59.0
2026-08-19 03:00:00,제주,1,나우캐스트,80.67233276367188,90.0,1,9.327667236328123
2026-08-19 03:00:00,제주,1,ECMWF,41.0,90.0,6,49.0
2026-08-19 03:00:00,제주,1,GFS,100.0,90.0,0,10.0
2026-08-19 06:00:00,서울,4,나우캐스트,65.69593811035156,80.0,4,14.304061889648438
2026-08-19 06:00:00,서울,4,ECMWF,98.0,80.0,9,18.0
2026-08-19 06:00:00,서울,4,GFS,100.0,80.0,3,20.0
2026-08-19 06:00:00,대전,4,나우캐스트,58.91364288330078,70.0,4,11.08635711669922
2026-08-19 06:00:00,대전,4,ECMWF,80.0,70.0,9,10.0
2026-08-19 06:00:00,대전,4,GFS,100.0,70.0,3,30.0
2026-08-19 06:00:00,대구,4,나우캐스트,87.58855438232422,60.0,4,27.58855438232422
2026-08-19 06:00:00,대구,4,ECMWF,78.0,60.0,9,18.0
2026-08-19 06:00:00,대구,4,GFS,100.0,60.0,3,40.0
2026-08-19 06:00:00,광주,4,나우캐스트,94.02799987792967,100.0,4,5.9720001220703125
2026-08-19 06:00:00,광주,4,ECMWF,81.0,100.0,9,19.0
2026-08-19 06:00:00,광주,4,GFS,18.0,100.0,3,82.0
2026-08-19 06:00:00,부산,4,나우캐스트,19.39058494567871,10.0,4,9.390584945678713
2026-08-19 06:00:00,부산,4,ECMWF,88.0,10.0,9,78.0
2026-08-19 06:00:00,부산,4,GFS,52.0,10.0,3,42.0
2026-08-19 06:00:00,인천,4,나우캐스트,65.37705993652344,80.0,4,14.622940063476562
2026-08-19 06:00:00,인천,4,ECMWF,98.0,80.0,9,18.0
2026-08-19 06:00:00,인천,4,GFS,100.0,80.0,3,20.0
2026-08-19 06:00:00,수원,4,나우캐스트,61.90689849853516,60.0,4,1.906898498535156
2026-08-19 06:00:00,수원,4,ECMWF,100.0,60.0,9,40.0
2026-08-19 06:00:00,수원,4,GFS,100.0,60.0,3,40.0
2026-08-19 06:00:00,전주,4,나우캐스트,78.06504821777344,90.0,4,11.934951782226562
2026-08-19 06:00:00,전주,4,ECMWF,84.0,90.0,9,6.0
2026-08-19 06:00:00,전주,4,GFS,90.0,90.0,3,0.0
2026-08-19 06:00:00,강릉,4,나우캐스트,71.762451171875,70.0,4,1.762451171875
2026-08-19 06:00:00,강릉,4,ECMWF,98.0,70.0,9,28.0
2026-08-19 06:00:00,강릉,4,GFS,100.0,70.0,3,30.0
2026-08-19 06:00:00,제주,4,나우캐스트,63.84542846679688,30.0,4,33.845428466796875
2026-08-19 06:00:00,제주,4,ECMWF,94.0,30.0,9,64.0
2026-08-19 06:00:00,제주,4,GFS,100.0,30.0,3,70.0
2026-08-19 06:00:00,서울,3,나우캐스트,59.80681991577149,80.0,3,20.19318008422852
2026-08-19 06:00:00,서울,3,ECMWF,98.0,80.0,9,18.0
2026-08-19 06:00:00,서울,3,GFS,100.0,80.0,3,20.0
2026-08-19 06:00:00,대전,3,나우캐스트,64.20209503173828,70.0,3,5.797904968261719
2026-08-19 06:00:00,대전,3,ECMWF,80.0,70.0,9,10.0
2026-08-19 06:00:00,대전,3,GFS,100.0,70.0,3,30.0
2026-08-19 06:00:00,대구,3,나우캐스트,89.99063110351562,60.0,3,29.990631103515625
2026-08-19 06:00:00,대구,3,ECMWF,78.0,60.0,9,18.0
2026-08-19 06:00:00,대구,3,GFS,100.0,60.0,3,40.0
2026-08-19 06:00:00,광주,3,나우캐스트,96.00445556640624,100.0,3,3.99554443359375
2026-08-19 06:00:00,광주,3,ECMWF,81.0,100.0,9,19.0
2026-08-19 06:00:00,광주,3,GFS,18.0,100.0,3,82.0
2026-08-19 06:00:00,부산,3,나우캐스트,9.727561950683594,10.0,3,0.2724380493164062
2026-08-19 06:00:00,부산,3,ECMWF,88.0,10.0,9,78.0
2026-08-19 06:00:00,부산,3,GFS,52.0,10.0,3,42.0
2026-08-19 06:00:00,인천,3,나우캐스트,56.429344177246094,80.0,3,23.570655822753903
2026-08-19 06:00:00,인천,3,ECMWF,98.0,80.0,9,18.0
2026-08-19 06:00:00,인천,3,GFS,100.0,80.0,3,20.0
2026-08-19 06:00:00,수원,3,나우캐스트,59.15108108520508,60.0,3,0.8489189147949219
2026-08-19 06:00:00,수원,3,ECMWF,100.0,60.0,9,40.0
2026-08-19 06:00:00,수원,3,GFS,100.0,60.0,3,40.0
2026-08-19 06:00:00,전주,3,나우캐스트,81.03536224365234,90.0,3,8.964637756347656
2026-08-19 06:00:00,전주,3,ECMWF,84.0,90.0,9,6.0
2026-08-19 06:00:00,전주,3,GFS,90.0,90.0,3,0.0
2026-08-19 06:00:00,강릉,3,나우캐스트,68.7098617553711,70.0,3,1.2901382446289062
2026-08-19 06:00:00,강릉,3,ECMWF,98.0,70.0,9,28.0
2026-08-19 06:00:00,강릉,3,GFS,100.0,70.0,3,30.0
2026-08-19 06:00:00,제주,3,나우캐스트,65.52102661132812,30.0,3,35.521026611328125
2026-08-19 06:00:00,제주,3,ECMWF,94.0,30.0,9,64.0
2026-08-19 06:00:00,제주,3,GFS,100.0,30.0,3,70.0
2026-08-19 09:00:00,서울,6,나우캐스트,74.72517395019531,80.0,6,5.274826049804688
2026-08-19 09:00:00,서울,6,ECMWF,72.0,80.0,12,8.0
2026-08-19 09:00:00,서울,6,GFS,100.0,80.0,6,20.0
2026-08-19 09:00:00,대전,6,나우캐스트,69.58744812011719,60.0,6,9.587448120117188
2026-08-19 09:00:00,대전,6,ECMWF,96.0,60.0,12,36.0
2026-08-19 09:00:00,대전,6,GFS,100.0,60.0,6,40.0
2026-08-19 09:00:00,대구,6,나우캐스트,93.43840026855467,100.0,6,6.5615997314453125
2026-08-19 09:00:00,대구,6,ECMWF,93.0,100.0,12,7.0
2026-08-19 09:00:00,대구,6,GFS,57.0,100.0,6,43.0
2026-08-19 09:00:00,광주,6,나우캐스트,91.01669311523438,100.0,6,8.983306884765625
2026-08-19 09:00:00,광주,6,ECMWF,98.0,100.0,12,2.0
2026-08-19 09:00:00,광주,6,GFS,42.0,100.0,6,58.0
2026-08-19 09:00:00,부산,6,나우캐스트,26.36852264404297,40.0,6,13.631477355957031
2026-08-19 09:00:00,부산,6,ECMWF,16.0,40.0,12,24.0
2026-08-19 09:00:00,부산,6,GFS,16.0,40.0,6,24.0
2026-08-19 09:00:00,인천,6,나우캐스트,73.86869049072266,70.0,6,3.868690490722656
2026-08-19 09:00:00,인천,6,ECMWF,49.0,70.0,12,21.0
2026-08-19 09:00:00,인천,6,GFS,100.0,70.0,6,30.0
2026-08-19 09:00:00,수원,6,나우캐스트,73.92579650878906,80.0,6,6.0742034912109375
2026-08-19 09:00:00,수원,6,ECMWF,97.0,80.0,12,17.0
2026-08-19 09:00:00,수원,6,GFS,86.0,80.0,6,6.0
2026-08-19 09:00:00,전주,6,나우캐스트,81.2380142211914,90.0,6,8.761985778808594
2026-08-19 09:00:00,전주,6,ECMWF,100.0,90.0,12,10.0
2026-08-19 09:00:00,전주,6,GFS,100.0,90.0,6,10.0
2026-08-19 09:00:00,강릉,6,나우캐스트,66.10420227050781,60.0,6,6.1042022705078125
2026-08-19 09:00:00,강릉,6,ECMWF,98.0,60.0,12,38.0
2026-08-19 09:00:00,강릉,6,GFS,100.0,60.0,6,40.0
2026-08-19 09:00:00,제주,6,나우캐스트,40.28097534179688,60.0,6,19.719024658203125
2026-08-19 09:00:00,제주,6,ECMWF,21.0,60.0,12,39.0
2026-08-19 09:00:00,제주,6,GFS,62.0,60.0,6,2.0
2026-08-19 06:00:00,서울,2,나우캐스트,64.32916259765625,80.0,2,15.67083740234375
2026-08-19 06:00:00,서울,2,ECMWF,98.0,80.0,9,18.0
2026-08-19 06:00:00,서울,2,GFS,100.0,80.0,3,20.0
2026-08-19 06:00:00,대전,2,나우캐스트,72.26238250732422,70.0,2,2.2623825073242188
2026-08-19 06:00:00,대전,2,ECMWF,80.0,70.0,9,10.0
2026-08-19 06:00:00,대전,2,GFS,100.0,70.0,3,30.0
2026-08-19 06:00:00,대구,2,나우캐스트,90.3790283203125,60.0,2,30.3790283203125
2026-08-19 06:00:00,대구,2,ECMWF,78.0,60.0,9,18.0
2026-08-19 06:00:00,대구,2,GFS,100.0,60.0,3,40.0
2026-08-19 06:00:00,광주,2,나우캐스트,95.36166381835938,100.0,2,4.638336181640625
2026-08-19 06:00:00,광주,2,ECMWF,81.0,100.0,9,19.0
2026-08-19 06:00:00,광주,2,GFS,18.0,100.0,3,82.0
2026-08-19 06:00:00,부산,2,나우캐스트,9.669143676757812,10.0,2,0.3308563232421875
2026-08-19 06:00:00,부산,2,ECMWF,88.0,10.0,9,78.0
2026-08-19 06:00:00,부산,2,GFS,52.0,10.0,3,42.0
2026-08-19 06:00:00,인천,2,나우캐스트,69.1797103881836,80.0,2,10.820289611816406
2026-08-19 06:00:00,인천,2,ECMWF,98.0,80.0,9,18.0
2026-08-19 06:00:00,인천,2,GFS,100.0,80.0,3,20.0
2026-08-19 06:00:00,수원,2,나우캐스트,62.54747772216797,60.0,2,2.5474777221679688
2026-08-19 06:00:00,수원,2,ECMWF,100.0,60.0,9,40.0
2026-08-19 06:00:00,수원,2,GFS,100.0,60.0,3,40.0
2026-08-19 06:00:00,전주,2,나우캐스트,90.09695434570312,90.0,2,0.096954345703125
2026-08-19 06:00:00,전주,2,ECMWF,84.0,90.0,9,6.0
2026-08-19 06:00:00,전주,2,GFS,90.0,90.0,3,0.0
2026-08-19 06:00:00,강릉,2,나우캐스트,80.76887512207031,70.0,2,10.768875122070312
2026-08-19 06:00:00,강릉,2,ECMWF,98.0,70.0,9,28.0
2026-08-19 06:00:00,강릉,2,GFS,100.0,70.0,3,30.0
2026-08-19 06:00:00,제주,2,나우캐스트,27.06838035583496,30.0,2,2.931619644165039
2026-08-19 06:00:00,제주,2,ECMWF,94.0,30.0,9,64.0
2026-08-19 06:00:00,제주,2,GFS,100.0,30.0,3,70.0
2026-08-19 09:00:00,서울,5,나우캐스트,79.03644561767578,80.0,5,0.9635543823242188
2026-08-19 09:00:00,서울,5,ECMWF,72.0,80.0,12,8.0
2026-08-19 09:00:00,서울,5,GFS,100.0,80.0,6,20.0
2026-08-19 09:00:00,대전,5,나우캐스트,82.03801727294922,60.0,5,22.03801727294922
2026-08-19 09:00:00,대전,5,ECMWF,96.0,60.0,12,36.0
2026-08-19 09:00:00,대전,5,GFS,100.0,60.0,6,40.0
2026-08-19 09:00:00,대구,5,나우캐스트,86.11204528808594,100.0,5,13.887954711914062
2026-08-19 09:00:00,대구,5,ECMWF,93.0,100.0,12,7.0
2026-08-19 09:00:00,대구,5,GFS,57.0,100.0,6,43.0
2026-08-19 09:00:00,광주,5,나우캐스트,87.21397399902344,100.0,5,12.786026000976562
2026-08-19 09:00:00,광주,5,ECMWF,98.0,100.0,12,2.0
2026-08-19 09:00:00,광주,5,GFS,42.0,100.0,6,58.0
2026-08-19 09:00:00,부산,5,나우캐스트,30.109813690185547,40.0,5,9.890186309814451
2026-08-19 09:00:00,부산,5,ECMWF,16.0,40.0,12,24.0
2026-08-19 09:00:00,부산,5,GFS,16.0,40.0,6,24.0
2026-08-19 09:00:00,인천,5,나우캐스트,79.74481964111328,70.0,5,9.74481964111328
2026-08-19 09:00:00,인천,5,ECMWF,49.0,70.0,12,21.0
2026-08-19 09:00:00,인천,5,GFS,100.0,70.0,6,30.0
2026-08-19 09:00:00,수원,5,나우캐스트,77.90383911132812,80.0,5,2.096160888671875
2026-08-19 09:00:00,수원,5,ECMWF,97.0,80.0,12,17.0
2026-08-19 09:00:00,수원,5,GFS,86.0,80.0,6,6.0
2026-08-19 09:00:00,전주,5,나우캐스트,88.40215301513672,90.0,5,1.5978469848632812
2026-08-19 09:00:00,전주,5,ECMWF,100.0,90.0,12,10.0
2026-08-19 09:00:00,전주,5,GFS,100.0,90.0,6,10.0
2026-08-19 09:00:00,강릉,5,나우캐스트,72.35247802734375,60.0,5,12.35247802734375
2026-08-19 09:00:00,강릉,5,ECMWF,98.0,60.0,12,38.0
2026-08-19 09:00:00,강릉,5,GFS,100.0,60.0,6,40.0
2026-08-19 09:00:00,제주,5,나우캐스트,16.371597290039062,60.0,5,43.62840270996094
2026-08-19 09:00:00,제주,5,ECMWF,21.0,60.0,12,39.0
2026-08-19 09:00:00,제주,5,GFS,62.0,60.0,6,2.0
2026-08-19 06:00:00,서울,1,나우캐스트,72.11518859863281,80.0,1,7.8848114013671875
2026-08-19 06:00:00,서울,1,ECMWF,98.0,80.0,9,18.0
2026-08-19 06:00:00,서울,1,GFS,100.0,80.0,3,20.0
2026-08-19 06:00:00,대전,1,나우캐스트,85.56704711914062,70.0,1,15.567047119140623
2026-08-19 06:00:00,대전,1,ECMWF,80.0,70.0,9,10.0
2026-08-19 06:00:00,대전,1,GFS,100.0,70.0,3,30.0
2026-08-19 06:00:00,대구,1,나우캐스트,73.48854064941406,60.0,1,13.488540649414062
2026-08-19 06:00:00,대구,1,ECMWF,78.0,60.0,9,18.0
2026-08-19 06:00:00,대구,1,GFS,100.0,60.0,3,40.0
2026-08-19 06:00:00,광주,1,나우캐스트,96.39015197753906,100.0,1,3.6098480224609375
2026-08-19 06:00:00,광주,1,ECMWF,81.0,100.0,9,19.0
2026-08-19 06:00:00,광주,1,GFS,18.0,100.0,3,82.0
2026-08-19 06:00:00,부산,1,나우캐스트,2.3416337966918945,10.0,1,7.6583662033081055
2026-08-19 06:00:00,부산,1,ECMWF,88.0,10.0,9,78.0
2026-08-19 06:00:00,부산,1,GFS,52.0,10.0,3,42.0
2026-08-19 06:00:00,인천,1,나우캐스트,80.04251098632812,80.0,1,0.042510986328125
2026-08-19 06:00:00,인천,1,ECMWF,98.0,80.0,9,18.0
2026-08-19 06:00:00,인천,1,GFS,100.0,80.0,3,20.0
2026-08-19 06:00:00,수원,1,나우캐스트,62.18890380859375,60.0,1,2.18890380859375
2026-08-19 06:00:00,수원,1,ECMWF,100.0,60.0,9,40.0
2026-08-19 06:00:00,수원,1,GFS,100.0,60.0,3,40.0
2026-08-19 06:00:00,전주,1,나우캐스트,97.7385482788086,90.0,1,7.738548278808594
2026-08-19 06:00:00,전주,1,ECMWF,84.0,90.0,9,6.0
2026-08-19 06:00:00,전주,1,GFS,90.0,90.0,3,0.0
2026-08-19 06:00:00,강릉,1,나우캐스트,76.9207534790039,70.0,1,6.920753479003906
2026-08-19 06:00:00,강릉,1,ECMWF,98.0,70.0,9,28.0
2026-08-19 06:00:00,강릉,1,GFS,100.0,70.0,3,30.0
2026-08-19 06:00:00,제주,1,나우캐스트,24.07084083557129,30.0,1,5.929159164428711
2026-08-19 06:00:00,제주,1,ECMWF,94.0,30.0,9,64.0
2026-08-19 06:00:00,제주,1,GFS,100.0,30.0,3,70.0
2026-08-19 09:00:00,서울,4,나우캐스트,83.47267150878906,80.0,4,3.4726715087890625
2026-08-19 09:00:00,서울,4,ECMWF,72.0,80.0,12,8.0
2026-08-19 09:00:00,서울,4,GFS,100.0,80.0,6,20.0
2026-08-19 09:00:00,대전,4,나우캐스트,79.7280044555664,60.0,4,19.728004455566406
2026-08-19 09:00:00,대전,4,ECMWF,96.0,60.0,12,36.0
2026-08-19 09:00:00,대전,4,GFS,100.0,60.0,6,40.0
2026-08-19 09:00:00,대구,4,나우캐스트,86.65496063232422,100.0,4,13.34503936767578
2026-08-19 09:00:00,대구,4,ECMWF,93.0,100.0,12,7.0
2026-08-19 09:00:00,대구,4,GFS,57.0,100.0,6,43.0
2026-08-19 09:00:00,광주,4,나우캐스트,91.15990447998048,100.0,4,8.840095520019531
2026-08-19 09:00:00,광주,4,ECMWF,98.0,100.0,12,2.0
2026-08-19 09:00:00,광주,4,GFS,42.0,100.0,6,58.0
2026-08-19 09:00:00,부산,4,나우캐스트,11.98639678955078,40.0,4,28.01360321044922
2026-08-19 09:00:00,부산,4,ECMWF,16.0,40.0,12,24.0
2026-08-19 09:00:00,부산,4,GFS,16.0,40.0,6,24.0
2026-08-19 09:00:00,인천,4,나우캐스트,82.9676284790039,70.0,4,12.967628479003906
2026-08-19 09:00:00,인천,4,ECMWF,49.0,70.0,12,21.0
2026-08-19 09:00:00,인천,4,GFS,100.0,70.0,6,30.0
2026-08-19 09:00:00,수원,4,나우캐스트,83.67730712890625,80.0,4,3.67730712890625
2026-08-19 09:00:00,수원,4,ECMWF,97.0,80.0,12,17.0
2026-08-19 09:00:00,수원,4,GFS,86.0,80.0,6,6.0
2026-08-19 09:00:00,전주,4,나우캐스트,88.46910858154297,90.0,4,1.5308914184570312
2026-08-19 09:00:00,전주,4,ECMWF,100.0,90.0,12,10.0
2026-08-19 09:00:00,전주,4,GFS,100.0,90.0,6,10.0
2026-08-19 09:00:00,강릉,4,나우캐스트,76.1645736694336,60.0,4,16.164573669433594
2026-08-19 09:00:00,강릉,4,ECMWF,98.0,60.0,12,38.0
2026-08-19 09:00:00,강릉,4,GFS,100.0,60.0,6,40.0
2026-08-19 09:00:00,제주,4,나우캐스트,29.47312355041504,60.0,4,30.52687644958496
2026-08-19 09:00:00,제주,4,ECMWF,21.0,60.0,12,39.0
2026-08-19 09:00:00,제주,4,GFS,62.0,60.0,6,2.0
2026-08-19 09:00:00,서울,3,나우캐스트,83.38304138183594,80.0,3,3.383041381835937
2026-08-19 09:00:00,서울,3,ECMWF,72.0,80.0,12,8.0
2026-08-19 09:00:00,서울,3,GFS,100.0,80.0,6,20.0
2026-08-19 09:00:00,대전,3,나우캐스트,66.64738464355469,60.0,3,6.647384643554688
2026-08-19 09:00:00,대전,3,ECMWF,96.0,60.0,12,36.0
2026-08-19 09:00:00,대전,3,GFS,100.0,60.0,6,40.0
2026-08-19 09:00:00,대구,3,나우캐스트,90.1850128173828,100.0,3,9.814987182617188
2026-08-19 09:00:00,대구,3,ECMWF,93.0,100.0,12,7.0
2026-08-19 09:00:00,대구,3,GFS,57.0,100.0,6,43.0
2026-08-19 09:00:00,광주,3,나우캐스트,88.1685562133789,100.0,3,11.831443786621094
2026-08-19 09:00:00,광주,3,ECMWF,98.0,100.0,12,2.0
2026-08-19 09:00:00,광주,3,GFS,42.0,100.0,6,58.0
2026-08-19 09:00:00,부산,3,나우캐스트,17.66383934020996,40.0,3,22.33616065979004
2026-08-19 09:00:00,부산,3,ECMWF,16.0,40.0,12,24.0
2026-08-19 09:00:00,부산,3,GFS,16.0,40.0,6,24.0
2026-08-19 09:00:00,인천,3,나우캐스트,84.28228759765625,70.0,3,14.28228759765625
2026-08-19 09:00:00,인천,3,ECMWF,49.0,70.0,12,21.0
2026-08-19 09:00:00,인천,3,GFS,100.0,70.0,6,30.0
2026-08-19 09:00:00,수원,3,나우캐스트,82.75057983398438,80.0,3,2.750579833984375
2026-08-19 09:00:00,수원,3,ECMWF,97.0,80.0,12,17.0
2026-08-19 09:00:00,수원,3,GFS,86.0,80.0,6,6.0
2026-08-19 09:00:00,전주,3,나우캐스트,80.92308807373047,90.0,3,9.076911926269531
2026-08-19 09:00:00,전주,3,ECMWF,100.0,90.0,12,10.0
2026-08-19 09:00:00,전주,3,GFS,100.0,90.0,6,10.0
2026-08-19 09:00:00,강릉,3,나우캐스트,75.03585815429688,60.0,3,15.035858154296877
2026-08-19 09:00:00,강릉,3,ECMWF,98.0,60.0,12,38.0
2026-08-19 09:00:00,강릉,3,GFS,100.0,60.0,6,40.0
2026-08-19 09:00:00,제주,3,나우캐스트,25.85677146911621,60.0,3,34.14322853088379
2026-08-19 09:00:00,제주,3,ECMWF,21.0,60.0,12,39.0
2026-08-19 09:00:00,제주,3,GFS,62.0,60.0,6,2.0
2026-08-19 12:00:00,서울,6,나우캐스트,85.62315368652344,80.0,6,5.6231536865234375
2026-08-19 12:00:00,서울,6,ECMWF,100.0,80.0,15,20.0
2026-08-19 12:00:00,서울,6,GFS,100.0,80.0,9,20.0
2026-08-19 12:00:00,대전,6,나우캐스트,81.03297424316406,70.0,6,11.032974243164062
2026-08-19 12:00:00,대전,6,ECMWF,41.0,70.0,15,29.0
2026-08-19 12:00:00,대전,6,GFS,89.0,70.0,9,19.0
2026-08-19 12:00:00,대구,6,나우캐스트,67.14534759521484,90.0,6,22.85465240478516
2026-08-19 12:00:00,대구,6,ECMWF,99.0,90.0,15,9.0
2026-08-19 12:00:00,대구,6,GFS,100.0,90.0,9,10.0
2026-08-19 12:00:00,광주,6,나우캐스트,72.59141540527344,80.0,6,7.408584594726562
2026-08-19 12:00:00,광주,6,ECMWF,78.0,80.0,15,2.0
2026-08-19 12:00:00,광주,6,GFS,83.0,80.0,9,3.0
2026-08-19 12:00:00,부산,6,나우캐스트,37.35382461547852,20.0,6,17.353824615478516
2026-08-19 12:00:00,부산,6,ECMWF,16.0,20.0,15,4.0
2026-08-19 12:00:00,부산,6,GFS,5.0,20.0,9,15.0
2026-08-19 12:00:00,인천,6,나우캐스트,86.74481964111328,80.0,6,6.744819641113281
2026-08-19 12:00:00,인천,6,ECMWF,100.0,80.0,15,20.0
2026-08-19 12:00:00,인천,6,GFS,100.0,80.0,9,20.0
2026-08-19 12:00:00,수원,6,나우캐스트,84.12085723876953,80.0,6,4.120857238769531
2026-08-19 12:00:00,수원,6,ECMWF,97.0,80.0,15,17.0
2026-08-19 12:00:00,수원,6,GFS,100.0,80.0,9,20.0
2026-08-19 12:00:00,전주,6,나우캐스트,82.52772521972656,80.0,6,2.5277252197265625
2026-08-19 12:00:00,전주,6,ECMWF,47.0,80.0,15,33.0
2026-08-19 12:00:00,전주,6,GFS,93.0,80.0,9,13.0
2026-08-19 12:00:00,강릉,6,나우캐스트,83.46076965332031,70.0,6,13.460769653320312
2026-08-19 12:00:00,강릉,6,ECMWF,9.0,70.0,15,61.0
2026-08-19 12:00:00,강릉,6,GFS,93.0,70.0,9,23.0
2026-08-19 12:00:00,제주,6,나우캐스트,22.51314353942871,40.0,6,17.48685646057129
2026-08-19 12:00:00,제주,6,ECMWF,93.0,40.0,15,53.0
2026-08-19 12:00:00,제주,6,GFS,63.0,40.0,9,23.0
2026-08-19 09:00:00,서울,2,나우캐스트,86.99657440185547,80.0,2,6.996574401855469
2026-08-19 09:00:00,서울,2,ECMWF,72.0,80.0,12,8.0
2026-08-19 09:00:00,서울,2,GFS,100.0,80.0,6,20.0
2026-08-19 09:00:00,대전,2,나우캐스트,81.2854995727539,60.0,2,21.285499572753903
2026-08-19 09:00:00,대전,2,ECMWF,96.0,60.0,12,36.0
2026-08-19 09:00:00,대전,2,GFS,100.0,60.0,6,40.0
2026-08-19 09:00:00,대구,2,나우캐스트,93.47096252441406,100.0,2,6.5290374755859375
2026-08-19 09:00:00,대구,2,ECMWF,93.0,100.0,12,7.0
2026-08-19 09:00:00,대구,2,GFS,57.0,100.0,6,43.0
2026-08-19 09:00:00,광주,2,나우캐스트,94.00892639160156,100.0,2,5.9910736083984375
2026-08-19 09:00:00,광주,2,ECMWF,98.0,100.0,12,2.0
2026-08-19 09:00:00,광주,2,GFS,42.0,100.0,6,58.0
2026-08-19 09:00:00,부산,2,나우캐스트,33.73566055297852,40.0,2,6.264339447021484
2026-08-19 09:00:00,부산,2,ECMWF,16.0,40.0,12,24.0
2026-08-19 09:00:00,부산,2,GFS,16.0,40.0,6,24.0
2026-08-19 09:00:00,인천,2,나우캐스트,84.52845764160156,70.0,2,14.528457641601562
2026-08-19 09:00:00,인천,2,ECMWF,49.0,70.0,12,21.0
2026-08-19 09:00:00,인천,2,GFS,100.0,70.0,6,30.0
2026-08-19 09:00:00,수원,2,나우캐스트,85.02534484863281,80.0,2,5.0253448486328125
2026-08-19 09:00:00,수원,2,ECMWF,97.0,80.0,12,17.0
2026-08-19 09:00:00,수원,2,GFS,86.0,80.0,6,6.0
2026-08-19 09:00:00,전주,2,나우캐스트,95.0932388305664,90.0,2,5.093238830566406
2026-08-19 09:00:00,전주,2,ECMWF,100.0,90.0,12,10.0
2026-08-19 09:00:00,전주,2,GFS,100.0,90.0,6,10.0
2026-08-19 09:00:00,강릉,2,나우캐스트,74.52081298828125,60.0,2,14.52081298828125
2026-08-19 09:00:00,강릉,2,ECMWF,98.0,60.0,12,38.0
2026-08-19 09:00:00,강릉,2,GFS,100.0,60.0,6,40.0
2026-08-19 09:00:00,제주,2,나우캐스트,60.880802154541016,60.0,2,0.8808021545410156
2026-08-19 09:00:00,제주,2,ECMWF,21.0,60.0,12,39.0
2026-08-19 09:00:00,제주,2,GFS,62.0,60.0,6,2.0
2026-08-19 12:00:00,서울,5,나우캐스트,87.10682678222656,80.0,5,7.1068267822265625
2026-08-19 12:00:00,서울,5,ECMWF,100.0,80.0,15,20.0
2026-08-19 12:00:00,서울,5,GFS,100.0,80.0,9,20.0
2026-08-19 12:00:00,대전,5,나우캐스트,87.61172485351562,70.0,5,17.611724853515625
2026-08-19 12:00:00,대전,5,ECMWF,41.0,70.0,15,29.0
2026-08-19 12:00:00,대전,5,GFS,89.0,70.0,9,19.0
2026-08-19 12:00:00,대구,5,나우캐스트,89.68253326416016,90.0,5,0.3174667358398437
2026-08-19 12:00:00,대구,5,ECMWF,99.0,90.0,15,9.0
2026-08-19 12:00:00,대구,5,GFS,100.0,90.0,9,10.0
2026-08-19 12:00:00,광주,5,나우캐스트,86.82650756835938,80.0,5,6.826507568359375
2026-08-19 12:00:00,광주,5,ECMWF,78.0,80.0,15,2.0
2026-08-19 12:00:00,광주,5,GFS,83.0,80.0,9,3.0
2026-08-19 12:00:00,부산,5,나우캐스트,53.202396392822266,20.0,5,33.202396392822266
2026-08-19 12:00:00,부산,5,ECMWF,16.0,20.0,15,4.0
2026-08-19 12:00:00,부산,5,GFS,5.0,20.0,9,15.0
2026-08-19 12:00:00,인천,5,나우캐스트,85.44505310058594,80.0,5,5.4450531005859375
2026-08-19 12:00:00,인천,5,ECMWF,100.0,80.0,15,20.0
2026-08-19 12:00:00,인천,5,GFS,100.0,80.0,9,20.0
2026-08-19 12:00:00,수원,5,나우캐스트,86.56816101074219,80.0,5,6.568161010742188
2026-08-19 12:00:00,수원,5,ECMWF,97.0,80.0,15,17.0
2026-08-19 12:00:00,수원,5,GFS,100.0,80.0,9,20.0
2026-08-19 12:00:00,전주,5,나우캐스트,90.12483215332033,80.0,5,10.124832153320312
2026-08-19 12:00:00,전주,5,ECMWF,47.0,80.0,15,33.0
2026-08-19 12:00:00,전주,5,GFS,93.0,80.0,9,13.0
2026-08-19 12:00:00,강릉,5,나우캐스트,85.31222534179688,70.0,5,15.312225341796877
2026-08-19 12:00:00,강릉,5,ECMWF,9.0,70.0,15,61.0
2026-08-19 12:00:00,강릉,5,GFS,93.0,70.0,9,23.0
2026-08-19 12:00:00,제주,5,나우캐스트,45.450660705566406,40.0,5,5.450660705566406
2026-08-19 12:00:00,제주,5,ECMWF,93.0,40.0,15,53.0
2026-08-19 12:00:00,제주,5,GFS,63.0,40.0,9,23.0
2026-08-19 09:00:00,서울,1,나우캐스트,75.4874496459961,80.0,1,4.512550354003906
2026-08-19 09:00:00,서울,1,ECMWF,72.0,80.0,12,8.0
2026-08-19 09:00:00,서울,1,GFS,100.0,80.0,6,20.0
2026-08-19 09:00:00,대전,1,나우캐스트,53.76420593261719,60.0,1,6.2357940673828125
2026-08-19 09:00:00,대전,1,ECMWF,96.0,60.0,12,36.0
2026-08-19 09:00:00,대전,1,GFS,100.0,60.0,6,40.0
2026-08-19 09:00:00,대구,1,나우캐스트,96.86772918701172,100.0,1,3.132270812988281
2026-08-19 09:00:00,대구,1,ECMWF,93.0,100.0,12,7.0
2026-08-19 09:00:00,대구,1,GFS,57.0,100.0,6,43.0
2026-08-19 09:00:00,광주,1,나우캐스트,99.62689208984376,100.0,1,0.37310791015625
2026-08-19 09:00:00,광주,1,ECMWF,98.0,100.0,12,2.0
2026-08-19 09:00:00,광주,1,GFS,42.0,100.0,6,58.0
2026-08-19 09:00:00,부산,1,나우캐스트,7.065708160400391,40.0,1,32.93429183959961
2026-08-19 09:00:00,부산,1,ECMWF,16.0,40.0,12,24.0
2026-08-19 09:00:00,부산,1,GFS,16.0,40.0,6,24.0
2026-08-19 09:00:00,인천,1,나우캐스트,79.50808715820312,70.0,1,9.508087158203123
2026-08-19 09:00:00,인천,1,ECMWF,49.0,70.0,12,21.0
2026-08-19 09:00:00,인천,1,GFS,100.0,70.0,6,30.0
2026-08-19 09:00:00,수원,1,나우캐스트,74.47286987304688,80.0,1,5.527130126953125
2026-08-19 09:00:00,수원,1,ECMWF,97.0,80.0,12,17.0
2026-08-19 09:00:00,수원,1,GFS,86.0,80.0,6,6.0
2026-08-19 09:00:00,전주,1,나우캐스트,97.35774230957033,90.0,1,7.357742309570312
2026-08-19 09:00:00,전주,1,ECMWF,100.0,90.0,12,10.0
2026-08-19 09:00:00,전주,1,GFS,100.0,90.0,6,10.0
2026-08-19 09:00:00,강릉,1,나우캐스트,46.48785018920898,60.0,1,13.512149810791016
2026-08-19 09:00:00,강릉,1,ECMWF,98.0,60.0,12,38.0
2026-08-19 09:00:00,강릉,1,GFS,100.0,60.0,6,40.0
2026-08-19 09:00:00,제주,1,나우캐스트,17.157337188720703,60.0,1,42.8426628112793
2026-08-19 09:00:00,제주,1,ECMWF,21.0,60.0,12,39.0
2026-08-19 09:00:00,제주,1,GFS,62.0,60.0,6,2.0
2026-08-19 12:00:00,서울,4,나우캐스트,85.49248504638672,80.0,4,5.492485046386719
2026-08-19 12:00:00,서울,4,ECMWF,100.0,80.0,15,20.0
2026-08-19 12:00:00,서울,4,GFS,100.0,80.0,9,20.0
2026-08-19 12:00:00,대전,4,나우캐스트,82.5157241821289,70.0,4,12.515724182128906
2026-08-19 12:00:00,대전,4,ECMWF,41.0,70.0,15,29.0
2026-08-19 12:00:00,대전,4,GFS,89.0,70.0,9,19.0
2026-08-19 12:00:00,대구,4,나우캐스트,78.01727294921875,90.0,4,11.98272705078125
2026-08-19 12:00:00,대구,4,ECMWF,99.0,90.0,15,9.0
2026-08-19 12:00:00,대구,4,GFS,100.0,90.0,9,10.0
2026-08-19 12:00:00,광주,4,나우캐스트,92.80168914794922,80.0,4,12.80168914794922
2026-08-19 12:00:00,광주,4,ECMWF,78.0,80.0,15,2.0
2026-08-19 12:00:00,광주,4,GFS,83.0,80.0,9,3.0
2026-08-19 12:00:00,부산,4,나우캐스트,25.481983184814453,20.0,4,5.481983184814453
2026-08-19 12:00:00,부산,4,ECMWF,16.0,20.0,15,4.0
2026-08-19 12:00:00,부산,4,GFS,5.0,20.0,9,15.0
2026-08-19 12:00:00,인천,4,나우캐스트,84.52466583251953,80.0,4,4.524665832519531
2026-08-19 12:00:00,인천,4,ECMWF,100.0,80.0,15,20.0
2026-08-19 12:00:00,인천,4,GFS,100.0,80.0,9,20.0
2026-08-19 12:00:00,수원,4,나우캐스트,84.55426788330078,80.0,4,4.554267883300781
2026-08-19 12:00:00,수원,4,ECMWF,97.0,80.0,15,17.0
2026-08-19 12:00:00,수원,4,GFS,100.0,80.0,9,20.0
2026-08-19 12:00:00,전주,4,나우캐스트,91.08950805664062,80.0,4,11.089508056640623
2026-08-19 12:00:00,전주,4,ECMWF,47.0,80.0,15,33.0
2026-08-19 12:00:00,전주,4,GFS,93.0,80.0,9,13.0
2026-08-19 12:00:00,강릉,4,나우캐스트,78.19361877441406,70.0,4,8.193618774414062
2026-08-19 12:00:00,강릉,4,ECMWF,9.0,70.0,15,61.0
2026-08-19 12:00:00,강릉,4,GFS,93.0,70.0,9,23.0
2026-08-19 12:00:00,제주,4,나우캐스트,43.1804313659668,40.0,4,3.180431365966797
2026-08-19 12:00:00,제주,4,ECMWF,93.0,40.0,15,53.0
2026-08-19 12:00:00,제주,4,GFS,63.0,40.0,9,23.0
2026-08-19 12:00:00,서울,3,나우캐스트,84.35859680175781,80.0,3,4.3585968017578125
2026-08-19 12:00:00,서울,3,ECMWF,100.0,80.0,15,20.0
2026-08-19 12:00:00,서울,3,GFS,100.0,80.0,9,20.0
2026-08-19 12:00:00,대전,3,나우캐스트,77.95894622802734,70.0,3,7.958946228027344
2026-08-19 12:00:00,대전,3,ECMWF,41.0,70.0,15,29.0
2026-08-19 12:00:00,대전,3,GFS,89.0,70.0,9,19.0
2026-08-19 12:00:00,대구,3,나우캐스트,86.98311614990234,90.0,3,3.016883850097656
2026-08-19 12:00:00,대구,3,ECMWF,99.0,90.0,15,9.0
2026-08-19 12:00:00,대구,3,GFS,100.0,90.0,9,10.0
2026-08-19 12:00:00,광주,3,나우캐스트,93.4018096923828,80.0,3,13.401809692382812
2026-08-19 12:00:00,광주,3,ECMWF,78.0,80.0,15,2.0
2026-08-19 12:00:00,광주,3,GFS,83.0,80.0,9,3.0
2026-08-19 12:00:00,부산,3,나우캐스트,39.3921127319336,20.0,3,19.392112731933597
2026-08-19 12:00:00,부산,3,ECMWF,16.0,20.0,15,4.0
2026-08-19 12:00:00,부산,3,GFS,5.0,20.0,9,15.0
2026-08-19 12:00:00,인천,3,나우캐스트,83.28885650634766,80.0,3,3.288856506347656
2026-08-19 12:00:00,인천,3,ECMWF,100.0,80.0,15,20.0
2026-08-19 12:00:00,인천,3,GFS,100.0,80.0,9,20.0
2026-08-19 12:00:00,수원,3,나우캐스트,84.02637481689453,80.0,3,4.026374816894531
2026-08-19 12:00:00,수원,3,ECMWF,97.0,80.0,15,17.0
2026-08-19 12:00:00,수원,3,GFS,100.0,80.0,9,20.0
2026-08-19 12:00:00,전주,3,나우캐스트,91.9949722290039,80.0,3,11.994972229003906
2026-08-19 12:00:00,전주,3,ECMWF,47.0,80.0,15,33.0
2026-08-19 12:00:00,전주,3,GFS,93.0,80.0,9,13.0
2026-08-19 12:00:00,강릉,3,나우캐스트,72.74762725830078,70.0,3,2.747627258300781
2026-08-19 12:00:00,강릉,3,ECMWF,9.0,70.0,15,61.0
2026-08-19 12:00:00,강릉,3,GFS,93.0,70.0,9,23.0
2026-08-19 12:00:00,제주,3,나우캐스트,26.40478515625,40.0,3,13.59521484375
2026-08-19 12:00:00,제주,3,ECMWF,93.0,40.0,15,53.0
2026-08-19 12:00:00,제주,3,GFS,63.0,40.0,9,23.0
2026-08-19 15:00:00,서울,6,나우캐스트,78.37713623046875,90.0,6,11.62286376953125
2026-08-19 15:00:00,서울,6,ECMWF,97.0,90.0,18,7.0
2026-08-19 15:00:00,서울,6,GFS,100.0,90.0,12,10.0
2026-08-19 15:00:00,대전,6,나우캐스트,88.2796401977539,90.0,6,1.7203598022460938
2026-08-19 15:00:00,대전,6,ECMWF,91.0,90.0,18,1.0
2026-08-19 15:00:00,대전,6,GFS,100.0,90.0,12,10.0
2026-08-19 15:00:00,대구,6,나우캐스트,76.48442840576172,100.0,6,23.51557159423828
2026-08-19 15:00:00,대구,6,ECMWF,66.0,100.0,18,34.0
2026-08-19 15:00:00,대구,6,GFS,100.0,100.0,12,0.0
2026-08-19 15:00:00,광주,6,나우캐스트,86.83419036865234,90.0,6,3.165809631347656
2026-08-19 15:00:00,광주,6,ECMWF,76.0,90.0,18,14.0
2026-08-19 15:00:00,광주,6,GFS,100.0,90.0,12,10.0
2026-08-19 15:00:00,부산,6,나우캐스트,28.83877182006836,20.0,6,8.83877182006836
2026-08-19 15:00:00,부산,6,ECMWF,81.0,20.0,18,61.0
2026-08-19 15:00:00,부산,6,GFS,7.0,20.0,12,13.0
2026-08-19 15:00:00,인천,6,나우캐스트,79.01727294921875,90.0,6,10.98272705078125
2026-08-19 15:00:00,인천,6,ECMWF,51.0,90.0,18,39.0
2026-08-19 15:00:00,인천,6,GFS,100.0,90.0,12,10.0
2026-08-19 15:00:00,수원,6,나우캐스트,81.20062255859375,80.0,6,1.20062255859375
2026-08-19 15:00:00,수원,6,ECMWF,100.0,80.0,18,20.0
2026-08-19 15:00:00,수원,6,GFS,100.0,80.0,12,20.0
2026-08-19 15:00:00,전주,6,나우캐스트,88.66216278076172,90.0,6,1.3378372192382812
2026-08-19 15:00:00,전주,6,ECMWF,87.0,90.0,18,3.0
2026-08-19 15:00:00,전주,6,GFS,100.0,90.0,12,10.0
2026-08-19 15:00:00,강릉,6,나우캐스트,82.26045227050781,90.0,6,7.7395477294921875
2026-08-19 15:00:00,강릉,6,ECMWF,98.0,90.0,18,8.0
2026-08-19 15:00:00,강릉,6,GFS,90.0,90.0,12,0.0
2026-08-19 15:00:00,제주,6,나우캐스트,9.76889419555664,60.0,6,50.23110580444336
2026-08-19 15:00:00,제주,6,ECMWF,58.0,60.0,18,2.0
2026-08-19 15:00:00,제주,6,GFS,71.0,60.0,12,11.0
2026-08-19 12:00:00,서울,2,나우캐스트,86.10768127441406,80.0,2,6.107681274414063
2026-08-19 12:00:00,서울,2,ECMWF,100.0,80.0,15,20.0
2026-08-19 12:00:00,서울,2,GFS,100.0,80.0,9,20.0
2026-08-19 12:00:00,대전,2,나우캐스트,62.843379974365234,70.0,2,7.156620025634766
2026-08-19 12:00:00,대전,2,ECMWF,41.0,70.0,15,29.0
2026-08-19 12:00:00,대전,2,GFS,89.0,70.0,9,19.0
2026-08-19 12:00:00,대구,2,나우캐스트,95.20797729492188,90.0,2,5.207977294921875
2026-08-19 12:00:00,대구,2,ECMWF,99.0,90.0,15,9.0
2026-08-19 12:00:00,대구,2,GFS,100.0,90.0,9,10.0
2026-08-19 12:00:00,광주,2,나우캐스트,91.87702941894533,80.0,2,11.877029418945312
2026-08-19 12:00:00,광주,2,ECMWF,78.0,80.0,15,2.0
2026-08-19 12:00:00,광주,2,GFS,83.0,80.0,9,3.0
2026-08-19 12:00:00,부산,2,나우캐스트,16.483760833740234,20.0,2,3.5162391662597656
2026-08-19 12:00:00,부산,2,ECMWF,16.0,20.0,15,4.0
2026-08-19 12:00:00,부산,2,GFS,5.0,20.0,9,15.0
2026-08-19 12:00:00,인천,2,나우캐스트,85.11083984375,80.0,2,5.11083984375
2026-08-19 12:00:00,인천,2,ECMWF,100.0,80.0,15,20.0
2026-08-19 12:00:00,인천,2,GFS,100.0,80.0,9,20.0
2026-08-19 12:00:00,수원,2,나우캐스트,86.28778076171875,80.0,2,6.28778076171875
2026-08-19 12:00:00,수원,2,ECMWF,97.0,80.0,15,17.0
2026-08-19 12:00:00,수원,2,GFS,100.0,80.0,9,20.0
2026-08-19 12:00:00,전주,2,나우캐스트,93.1436004638672,80.0,2,13.143600463867188
2026-08-19 12:00:00,전주,2,ECMWF,47.0,80.0,15,33.0
2026-08-19 12:00:00,전주,2,GFS,93.0,80.0,9,13.0
2026-08-19 12:00:00,강릉,2,나우캐스트,73.95878601074219,70.0,2,3.958786010742188
2026-08-19 12:00:00,강릉,2,ECMWF,9.0,70.0,15,61.0
2026-08-19 12:00:00,강릉,2,GFS,93.0,70.0,9,23.0
2026-08-19 12:00:00,제주,2,나우캐스트,19.12090301513672,40.0,2,20.87909698486328
2026-08-19 12:00:00,제주,2,ECMWF,93.0,40.0,15,53.0
2026-08-19 12:00:00,제주,2,GFS,63.0,40.0,9,23.0
2026-08-19 15:00:00,서울,5,나우캐스트,71.57493591308594,90.0,5,18.425064086914062
2026-08-19 15:00:00,서울,5,ECMWF,97.0,90.0,18,7.0
2026-08-19 15:00:00,서울,5,GFS,100.0,90.0,12,10.0
2026-08-19 15:00:00,대전,5,나우캐스트,80.21358489990234,90.0,5,9.786415100097656
2026-08-19 15:00:00,대전,5,ECMWF,91.0,90.0,18,1.0
2026-08-19 15:00:00,대전,5,GFS,100.0,90.0,12,10.0
2026-08-19 15:00:00,대구,5,나우캐스트,85.20936584472656,100.0,5,14.790634155273438
2026-08-19 15:00:00,대구,5,ECMWF,66.0,100.0,18,34.0
2026-08-19 15:00:00,대구,5,GFS,100.0,100.0,12,0.0
2026-08-19 15:00:00,광주,5,나우캐스트,85.19197082519531,90.0,5,4.808029174804688
2026-08-19 15:00:00,광주,5,ECMWF,76.0,90.0,18,14.0
2026-08-19 15:00:00,광주,5,GFS,100.0,90.0,12,10.0
2026-08-19 15:00:00,부산,5,나우캐스트,16.955421447753906,20.0,5,3.0445785522460938
2026-08-19 15:00:00,부산,5,ECMWF,81.0,20.0,18,61.0
2026-08-19 15:00:00,부산,5,GFS,7.0,20.0,12,13.0
2026-08-19 15:00:00,인천,5,나우캐스트,74.62786865234375,90.0,5,15.37213134765625
2026-08-19 15:00:00,인천,5,ECMWF,51.0,90.0,18,39.0
2026-08-19 15:00:00,인천,5,GFS,100.0,90.0,12,10.0
2026-08-19 15:00:00,수원,5,나우캐스트,75.2431869506836,80.0,5,4.756813049316406
2026-08-19 15:00:00,수원,5,ECMWF,100.0,80.0,18,20.0
2026-08-19 15:00:00,수원,5,GFS,100.0,80.0,12,20.0
2026-08-19 15:00:00,전주,5,나우캐스트,86.52691650390625,90.0,5,3.47308349609375
2026-08-19 15:00:00,전주,5,ECMWF,87.0,90.0,18,3.0
2026-08-19 15:00:00,전주,5,GFS,100.0,90.0,12,10.0
2026-08-19 15:00:00,강릉,5,나우캐스트,81.97063446044922,90.0,5,8.029365539550781
2026-08-19 15:00:00,강릉,5,ECMWF,98.0,90.0,18,8.0
2026-08-19 15:00:00,강릉,5,GFS,90.0,90.0,12,0.0
2026-08-19 15:00:00,제주,5,나우캐스트,6.722999572753906,60.0,5,53.277000427246094
2026-08-19 15:00:00,제주,5,ECMWF,58.0,60.0,18,2.0
2026-08-19 15:00:00,제주,5,GFS,71.0,60.0,12,11.0
2026-08-19 12:00:00,서울,1,나우캐스트,88.14382934570312,80.0,1,8.143829345703125
2026-08-19 12:00:00,서울,1,ECMWF,100.0,80.0,15,20.0
2026-08-19 12:00:00,서울,1,GFS,100.0,80.0,9,20.0
2026-08-19 12:00:00,대전,1,나우캐스트,58.33493041992188,70.0,1,11.665069580078123
2026-08-19 12:00:00,대전,1,ECMWF,41.0,70.0,15,29.0
2026-08-19 12:00:00,대전,1,GFS,89.0,70.0,9,19.0
2026-08-19 12:00:00,대구,1,나우캐스트,92.34603881835938,90.0,1,2.346038818359375
2026-08-19 12:00:00,대구,1,ECMWF,99.0,90.0,15,9.0
2026-08-19 12:00:00,대구,1,GFS,100.0,90.0,9,10.0
2026-08-19 12:00:00,광주,1,나우캐스트,82.66134643554688,80.0,1,2.661346435546875
2026-08-19 12:00:00,광주,1,ECMWF,78.0,80.0,15,2.0
2026-08-19 12:00:00,광주,1,GFS,83.0,80.0,9,3.0
2026-08-19 12:00:00,부산,1,나우캐스트,36.343841552734375,20.0,1,16.343841552734375
2026-08-19 12:00:00,부산,1,ECMWF,16.0,20.0,15,4.0
2026-08-19 12:00:00,부산,1,GFS,5.0,20.0,9,15.0
2026-08-19 12:00:00,인천,1,나우캐스트,85.156005859375,80.0,1,5.156005859375
2026-08-19 12:00:00,인천,1,ECMWF,100.0,80.0,15,20.0
2026-08-19 12:00:00,인천,1,GFS,100.0,80.0,9,20.0
2026-08-19 12:00:00,수원,1,나우캐스트,85.02819061279297,80.0,1,5.028190612792969
2026-08-19 12:00:00,수원,1,ECMWF,97.0,80.0,15,17.0
2026-08-19 12:00:00,수원,1,GFS,100.0,80.0,9,20.0
2026-08-19 12:00:00,전주,1,나우캐스트,81.4905776977539,80.0,1,1.4905776977539062
2026-08-19 12:00:00,전주,1,ECMWF,47.0,80.0,15,33.0
2026-08-19 12:00:00,전주,1,GFS,93.0,80.0,9,13.0
2026-08-19 12:00:00,강릉,1,나우캐스트,65.2301025390625,70.0,1,4.7698974609375
2026-08-19 12:00:00,강릉,1,ECMWF,9.0,70.0,15,61.0
2026-08-19 12:00:00,강릉,1,GFS,93.0,70.0,9,23.0
2026-08-19 12:00:00,제주,1,나우캐스트,46.735389709472656,40.0,1,6.735389709472656
2026-08-19 12:00:00,제주,1,ECMWF,93.0,40.0,15,53.0
2026-08-19 12:00:00,제주,1,GFS,63.0,40.0,9,23.0
2026-08-19 15:00:00,서울,4,나우캐스트,78.98007202148438,90.0,4,11.019927978515623
2026-08-19 15:00:00,서울,4,ECMWF,97.0,90.0,18,7.0
2026-08-19 15:00:00,서울,4,GFS,100.0,90.0,12,10.0
2026-08-19 15:00:00,대전,4,나우캐스트,79.21807861328125,90.0,4,10.78192138671875
2026-08-19 15:00:00,대전,4,ECMWF,91.0,90.0,18,1.0
2026-08-19 15:00:00,대전,4,GFS,100.0,90.0,12,10.0
2026-08-19 15:00:00,대구,4,나우캐스트,81.28848266601562,100.0,4,18.71151733398437
2026-08-19 15:00:00,대구,4,ECMWF,66.0,100.0,18,34.0
2026-08-19 15:00:00,대구,4,GFS,100.0,100.0,12,0.0
2026-08-19 15:00:00,광주,4,나우캐스트,87.94813537597656,90.0,4,2.051864624023437
2026-08-19 15:00:00,광주,4,ECMWF,76.0,90.0,18,14.0
2026-08-19 15:00:00,광주,4,GFS,100.0,90.0,12,10.0
2026-08-19 15:00:00,부산,4,나우캐스트,41.65272521972656,20.0,4,21.65272521972656
2026-08-19 15:00:00,부산,4,ECMWF,81.0,20.0,18,61.0
2026-08-19 15:00:00,부산,4,GFS,7.0,20.0,12,13.0
2026-08-19 15:00:00,인천,4,나우캐스트,80.02376556396484,90.0,4,9.976234436035156
2026-08-19 15:00:00,인천,4,ECMWF,51.0,90.0,18,39.0
2026-08-19 15:00:00,인천,4,GFS,100.0,90.0,12,10.0
2026-08-19 15:00:00,수원,4,나우캐스트,80.6463623046875,80.0,4,0.6463623046875
2026-08-19 15:00:00,수원,4,ECMWF,100.0,80.0,18,20.0
2026-08-19 15:00:00,수원,4,GFS,100.0,80.0,12,20.0
2026-08-19 15:00:00,전주,4,나우캐스트,82.9322280883789,90.0,4,7.067771911621094
2026-08-19 15:00:00,전주,4,ECMWF,87.0,90.0,18,3.0
2026-08-19 15:00:00,전주,4,GFS,100.0,90.0,12,10.0
2026-08-19 15:00:00,강릉,4,나우캐스트,78.55546569824219,90.0,4,11.444534301757812
2026-08-19 15:00:00,강릉,4,ECMWF,98.0,90.0,18,8.0
2026-08-19 15:00:00,강릉,4,GFS,90.0,90.0,12,0.0
2026-08-19 15:00:00,제주,4,나우캐스트,25.594263076782227,60.0,4,34.40573692321777
2026-08-19 15:00:00,제주,4,ECMWF,58.0,60.0,18,2.0
2026-08-19 15:00:00,제주,4,GFS,71.0,60.0,12,11.0
2026-08-19 15:00:00,서울,3,나우캐스트,80.98200225830078,90.0,3,9.01799774169922
2026-08-19 15:00:00,서울,3,ECMWF,97.0,90.0,18,7.0
2026-08-19 15:00:00,서울,3,GFS,100.0,90.0,12,10.0
2026-08-19 15:00:00,대전,3,나우캐스트,87.34571838378906,90.0,3,2.654281616210937
2026-08-19 15:00:00,대전,3,ECMWF,91.0,90.0,18,1.0
2026-08-19 15:00:00,대전,3,GFS,100.0,90.0,12,10.0
2026-08-19 15:00:00,대구,3,나우캐스트,92.23379516601562,100.0,3,7.766204833984375
2026-08-19 15:00:00,대구,3,ECMWF,66.0,100.0,18,34.0
2026-08-19 15:00:00,대구,3,GFS,100.0,100.0,12,0.0
2026-08-19 15:00:00,광주,3,나우캐스트,86.53237915039062,90.0,3,3.467620849609375
2026-08-19 15:00:00,광주,3,ECMWF,76.0,90.0,18,14.0
2026-08-19 15:00:00,광주,3,GFS,100.0,90.0,12,10.0
2026-08-19 15:00:00,부산,3,나우캐스트,16.87340545654297,20.0,3,3.1265945434570312
2026-08-19 15:00:00,부산,3,ECMWF,81.0,20.0,18,61.0
2026-08-19 15:00:00,부산,3,GFS,7.0,20.0,12,13.0
2026-08-19 15:00:00,인천,3,나우캐스트,81.12906646728516,90.0,3,8.870933532714844
2026-08-19 15:00:00,인천,3,ECMWF,51.0,90.0,18,39.0
2026-08-19 15:00:00,인천,3,GFS,100.0,90.0,12,10.0
2026-08-19 15:00:00,수원,3,나우캐스트,83.12993621826172,80.0,3,3.1299362182617188
2026-08-19 15:00:00,수원,3,ECMWF,100.0,80.0,18,20.0
2026-08-19 15:00:00,수원,3,GFS,100.0,80.0,12,20.0
2026-08-19 15:00:00,전주,3,나우캐스트,91.69329071044922,90.0,3,1.6932907104492188
2026-08-19 15:00:00,전주,3,ECMWF,87.0,90.0,18,3.0
2026-08-19 15:00:00,전주,3,GFS,100.0,90.0,12,10.0
2026-08-19 15:00:00,강릉,3,나우캐스트,81.28599548339844,90.0,3,8.714004516601562
2026-08-19 15:00:00,강릉,3,ECMWF,98.0,90.0,18,8.0
2026-08-19 15:00:00,강릉,3,GFS,90.0,90.0,12,0.0
2026-08-19 15:00:00,제주,3,나우캐스트,9.486976623535156,60.0,3,50.51302337646485
2026-08-19 15:00:00,제주,3,ECMWF,58.0,60.0,18,2.0
2026-08-19 15:00:00,제주,3,GFS,71.0,60.0,12,11.0
2026-08-19 18:00:00,서울,6,나우캐스트,83.56861877441406,80.0,6,3.5686187744140625
2026-08-19 18:00:00,서울,6,ECMWF,99.0,80.0,21,19.0
2026-08-19 18:00:00,서울,6,GFS,99.0,80.0,15,19.0
2026-08-19 18:00:00,대전,6,나우캐스트,85.5361328125,80.0,6,5.5361328125
2026-08-19 18:00:00,대전,6,ECMWF,81.0,80.0,21,1.0
2026-08-19 18:00:00,대전,6,GFS,100.0,80.0,15,20.0
2026-08-19 18:00:00,대구,6,나우캐스트,84.89546966552734,100.0,6,15.104530334472656
2026-08-19 18:00:00,대구,6,ECMWF,91.0,100.0,21,9.0
2026-08-19 18:00:00,대구,6,GFS,100.0,100.0,15,0.0
2026-08-19 18:00:00,광주,6,나우캐스트,77.10589599609375,90.0,6,12.89410400390625
2026-08-19 18:00:00,광주,6,ECMWF,100.0,90.0,21,10.0
2026-08-19 18:00:00,광주,6,GFS,99.0,90.0,15,9.0
2026-08-19 18:00:00,부산,6,나우캐스트,32.339439392089844,70.0,6,37.66056060791016
2026-08-19 18:00:00,부산,6,ECMWF,91.0,70.0,21,21.0
2026-08-19 18:00:00,부산,6,GFS,10.0,70.0,15,60.0
2026-08-19 18:00:00,인천,6,나우캐스트,83.94902801513672,80.0,6,3.949028015136719
2026-08-19 18:00:00,인천,6,ECMWF,99.0,80.0,21,19.0
2026-08-19 18:00:00,인천,6,GFS,91.0,80.0,15,11.0
2026-08-19 18:00:00,수원,6,나우캐스트,84.537353515625,100.0,6,15.462646484375
2026-08-19 18:00:00,수원,6,ECMWF,98.0,100.0,21,2.0
2026-08-19 18:00:00,수원,6,GFS,100.0,100.0,15,0.0
2026-08-19 18:00:00,전주,6,나우캐스트,84.66690826416016,80.0,6,4.666908264160156
2026-08-19 18:00:00,전주,6,ECMWF,80.0,80.0,21,0.0
2026-08-19 18:00:00,전주,6,GFS,100.0,80.0,15,20.0
2026-08-19 18:00:00,강릉,6,나우캐스트,76.91773986816406,100.0,6,23.082260131835938
2026-08-19 18:00:00,강릉,6,ECMWF,67.0,100.0,21,33.0
2026-08-19 18:00:00,강릉,6,GFS,100.0,100.0,15,0.0
2026-08-19 18:00:00,제주,6,나우캐스트,6.1858086585998535,50.0,6,43.81419134140015
2026-08-19 18:00:00,제주,6,ECMWF,18.0,50.0,21,32.0
2026-08-19 18:00:00,제주,6,GFS,61.0,50.0,15,11.0
2026-08-19 15:00:00,서울,2,나우캐스트,81.70983123779297,90.0,2,8.290168762207031
2026-08-19 15:00:00,서울,2,ECMWF,97.0,90.0,18,7.0
2026-08-19 15:00:00,서울,2,GFS,100.0,90.0,12,10.0
2026-08-19 15:00:00,대전,2,나우캐스트,87.50499725341797,90.0,2,2.4950027465820312
2026-08-19 15:00:00,대전,2,ECMWF,91.0,90.0,18,1.0
2026-08-19 15:00:00,대전,2,GFS,100.0,90.0,12,10.0
2026-08-19 15:00:00,대구,2,나우캐스트,95.759033203125,100.0,2,4.240966796875
2026-08-19 15:00:00,대구,2,ECMWF,66.0,100.0,18,34.0
2026-08-19 15:00:00,대구,2,GFS,100.0,100.0,12,0.0
2026-08-19 15:00:00,광주,2,나우캐스트,85.40658569335938,90.0,2,4.593414306640625
2026-08-19 15:00:00,광주,2,ECMWF,76.0,90.0,18,14.0
2026-08-19 15:00:00,광주,2,GFS,100.0,90.0,12,10.0
2026-08-19 15:00:00,부산,2,나우캐스트,15.218019485473633,20.0,2,4.781980514526367
2026-08-19 15:00:00,부산,2,ECMWF,81.0,20.0,18,61.0
2026-08-19 15:00:00,부산,2,GFS,7.0,20.0,12,13.0
2026-08-19 15:00:00,인천,2,나우캐스트,80.22233581542969,90.0,2,9.777664184570312
2026-08-19 15:00:00,인천,2,ECMWF,51.0,90.0,18,39.0
2026-08-19 15:00:00,인천,2,GFS,100.0,90.0,12,10.0
2026-08-19 15:00:00,수원,2,나우캐스트,86.26245880126953,80.0,2,6.262458801269531
2026-08-19 15:00:00,수원,2,ECMWF,100.0,80.0,18,20.0
2026-08-19 15:00:00,수원,2,GFS,100.0,80.0,12,20.0
2026-08-19 15:00:00,전주,2,나우캐스트,90.1292724609375,90.0,2,0.1292724609375
2026-08-19 15:00:00,전주,2,ECMWF,87.0,90.0,18,3.0
2026-08-19 15:00:00,전주,2,GFS,100.0,90.0,12,10.0
2026-08-19 15:00:00,강릉,2,나우캐스트,81.39173126220703,90.0,2,8.608268737792969
2026-08-19 15:00:00,강릉,2,ECMWF,98.0,90.0,18,8.0
2026-08-19 15:00:00,강릉,2,GFS,90.0,90.0,12,0.0
2026-08-19 15:00:00,제주,2,나우캐스트,30.07139778137207,60.0,2,29.92860221862793
2026-08-19 15:00:00,제주,2,ECMWF,58.0,60.0,18,2.0
2026-08-19 15:00:00,제주,2,GFS,71.0,60.0,12,11.0
2026-08-19 18:00:00,서울,5,나우캐스트,77.93605041503906,80.0,5,2.063949584960937
2026-08-19 18:00:00,서울,5,ECMWF,99.0,80.0,21,19.0
2026-08-19 18:00:00,서울,5,GFS,99.0,80.0,15,19.0
2026-08-19 18:00:00,대전,5,나우캐스트,84.28463745117188,80.0,5,4.284637451171875
2026-08-19 18:00:00,대전,5,ECMWF,81.0,80.0,21,1.0
2026-08-19 18:00:00,대전,5,GFS,100.0,80.0,15,20.0
2026-08-19 18:00:00,대구,5,나우캐스트,83.33341217041016,100.0,5,16.666587829589844
2026-08-19 18:00:00,대구,5,ECMWF,91.0,100.0,21,9.0
2026-08-19 18:00:00,대구,5,GFS,100.0,100.0,15,0.0
2026-08-19 18:00:00,광주,5,나우캐스트,71.43441772460938,90.0,5,18.565582275390625
2026-08-19 18:00:00,광주,5,ECMWF,100.0,90.0,21,10.0
2026-08-19 18:00:00,광주,5,GFS,99.0,90.0,15,9.0
2026-08-19 18:00:00,부산,5,나우캐스트,31.61410522460937,70.0,5,38.38589477539063
2026-08-19 18:00:00,부산,5,ECMWF,91.0,70.0,21,21.0
2026-08-19 18:00:00,부산,5,GFS,10.0,70.0,15,60.0
2026-08-19 18:00:00,인천,5,나우캐스트,77.25511169433594,80.0,5,2.7448883056640625
2026-08-19 18:00:00,인천,5,ECMWF,99.0,80.0,21,19.0
2026-08-19 18:00:00,인천,5,GFS,91.0,80.0,15,11.0
2026-08-19 18:00:00,수원,5,나우캐스트,75.56787109375,100.0,5,24.43212890625
2026-08-19 18:00:00,수원,5,ECMWF,98.0,100.0,21,2.0
2026-08-19 18:00:00,수원,5,GFS,100.0,100.0,15,0.0
2026-08-19 18:00:00,전주,5,나우캐스트,80.79878234863281,80.0,5,0.7987823486328125
2026-08-19 18:00:00,전주,5,ECMWF,80.0,80.0,21,0.0
2026-08-19 18:00:00,전주,5,GFS,100.0,80.0,15,20.0
2026-08-19 18:00:00,강릉,5,나우캐스트,86.34729766845703,100.0,5,13.652702331542969
2026-08-19 18:00:00,강릉,5,ECMWF,67.0,100.0,21,33.0
2026-08-19 18:00:00,강릉,5,GFS,100.0,100.0,15,0.0
2026-08-19 18:00:00,제주,5,나우캐스트,5.488963127136231,50.0,5,44.51103687286377
2026-08-19 18:00:00,제주,5,ECMWF,18.0,50.0,21,32.0
2026-08-19 18:00:00,제주,5,GFS,61.0,50.0,15,11.0
2026-08-19 15:00:00,서울,1,나우캐스트,80.37321472167969,90.0,1,9.626785278320312
2026-08-19 15:00:00,서울,1,ECMWF,97.0,90.0,18,7.0
2026-08-19 15:00:00,서울,1,GFS,100.0,90.0,12,10.0
2026-08-19 15:00:00,대전,1,나우캐스트,90.31085968017578,90.0,1,0.3108596801757812
2026-08-19 15:00:00,대전,1,ECMWF,91.0,90.0,18,1.0
2026-08-19 15:00:00,대전,1,GFS,100.0,90.0,12,10.0
2026-08-19 15:00:00,대구,1,나우캐스트,91.99085998535156,100.0,1,8.009140014648438
2026-08-19 15:00:00,대구,1,ECMWF,66.0,100.0,18,34.0
2026-08-19 15:00:00,대구,1,GFS,100.0,100.0,12,0.0
2026-08-19 15:00:00,광주,1,나우캐스트,88.8240737915039,90.0,1,1.1759262084960938
2026-08-19 15:00:00,광주,1,ECMWF,76.0,90.0,18,14.0
2026-08-19 15:00:00,광주,1,GFS,100.0,90.0,12,10.0
2026-08-19 15:00:00,부산,1,나우캐스트,10.535502433776855,20.0,1,9.464497566223145
2026-08-19 15:00:00,부산,1,ECMWF,81.0,20.0,18,61.0
2026-08-19 15:00:00,부산,1,GFS,7.0,20.0,12,13.0
2026-08-19 15:00:00,인천,1,나우캐스트,79.9466323852539,90.0,1,10.053367614746094
2026-08-19 15:00:00,인천,1,ECMWF,51.0,90.0,18,39.0
2026-08-19 15:00:00,인천,1,GFS,100.0,90.0,12,10.0
2026-08-19 15:00:00,수원,1,나우캐스트,82.73006439208984,80.0,1,2.730064392089844
2026-08-19 15:00:00,수원,1,ECMWF,100.0,80.0,18,20.0
2026-08-19 15:00:00,수원,1,GFS,100.0,80.0,12,20.0
2026-08-19 15:00:00,전주,1,나우캐스트,86.3927001953125,90.0,1,3.6072998046875
2026-08-19 15:00:00,전주,1,ECMWF,87.0,90.0,18,3.0
2026-08-19 15:00:00,전주,1,GFS,100.0,90.0,12,10.0
2026-08-19 15:00:00,강릉,1,나우캐스트,86.28709411621094,90.0,1,3.7129058837890634
2026-08-19 15:00:00,강릉,1,ECMWF,98.0,90.0,18,8.0
2026-08-19 15:00:00,강릉,1,GFS,90.0,90.0,12,0.0
2026-08-19 15:00:00,제주,1,나우캐스트,63.55208587646485,60.0,1,3.552085876464844
2026-08-19 15:00:00,제주,1,ECMWF,58.0,60.0,18,2.0
2026-08-19 15:00:00,제주,1,GFS,71.0,60.0,12,11.0
2026-08-19 18:00:00,서울,4,나우캐스트,76.09059143066406,80.0,4,3.9094085693359375
2026-08-19 18:00:00,서울,4,ECMWF,99.0,80.0,21,19.0
2026-08-19 18:00:00,서울,4,GFS,99.0,80.0,15,19.0
2026-08-19 18:00:00,대전,4,나우캐스트,83.2254638671875,80.0,4,3.2254638671875
2026-08-19 18:00:00,대전,4,ECMWF,81.0,80.0,21,1.0
2026-08-19 18:00:00,대전,4,GFS,100.0,80.0,15,20.0
2026-08-19 18:00:00,대구,4,나우캐스트,87.85409545898438,100.0,4,12.145904541015623
2026-08-19 18:00:00,대구,4,ECMWF,91.0,100.0,21,9.0
2026-08-19 18:00:00,대구,4,GFS,100.0,100.0,15,0.0
2026-08-19 18:00:00,광주,4,나우캐스트,83.96783447265625,90.0,4,6.03216552734375
2026-08-19 18:00:00,광주,4,ECMWF,100.0,90.0,21,10.0
2026-08-19 18:00:00,광주,4,GFS,99.0,90.0,15,9.0
2026-08-19 18:00:00,부산,4,나우캐스트,46.669036865234375,70.0,4,23.330963134765625
2026-08-19 18:00:00,부산,4,ECMWF,91.0,70.0,21,21.0
2026-08-19 18:00:00,부산,4,GFS,10.0,70.0,15,60.0
2026-08-19 18:00:00,인천,4,나우캐스트,77.5055160522461,80.0,4,2.4944839477539062
2026-08-19 18:00:00,인천,4,ECMWF,99.0,80.0,21,19.0
2026-08-19 18:00:00,인천,4,GFS,91.0,80.0,15,11.0
2026-08-19 18:00:00,수원,4,나우캐스트,75.86006927490234,100.0,4,24.139930725097656
2026-08-19 18:00:00,수원,4,ECMWF,98.0,100.0,21,2.0
2026-08-19 18:00:00,수원,4,GFS,100.0,100.0,15,0.0
2026-08-19 18:00:00,전주,4,나우캐스트,86.7278823852539,80.0,4,6.727882385253906
2026-08-19 18:00:00,전주,4,ECMWF,80.0,80.0,21,0.0
2026-08-19 18:00:00,전주,4,GFS,100.0,80.0,15,20.0
2026-08-19 18:00:00,강릉,4,나우캐스트,80.97661590576172,100.0,4,19.02338409423828
2026-08-19 18:00:00,강릉,4,ECMWF,67.0,100.0,21,33.0
2026-08-19 18:00:00,강릉,4,GFS,100.0,100.0,15,0.0
2026-08-19 18:00:00,제주,4,나우캐스트,16.197511672973633,50.0,4,33.80248832702637
2026-08-19 18:00:00,제주,4,ECMWF,18.0,50.0,21,32.0
2026-08-19 18:00:00,제주,4,GFS,61.0,50.0,15,11.0
2026-08-19 18:00:00,서울,3,나우캐스트,78.07768249511719,80.0,3,1.9223175048828125
2026-08-19 18:00:00,서울,3,ECMWF,99.0,80.0,21,19.0
2026-08-19 18:00:00,서울,3,GFS,99.0,80.0,15,19.0
2026-08-19 18:00:00,대전,3,나우캐스트,80.103515625,80.0,3,0.103515625
2026-08-19 18:00:00,대전,3,ECMWF,81.0,80.0,21,1.0
2026-08-19 18:00:00,대전,3,GFS,100.0,80.0,15,20.0
2026-08-19 18:00:00,대구,3,나우캐스트,85.98059844970703,100.0,3,14.019401550292969
2026-08-19 18:00:00,대구,3,ECMWF,91.0,100.0,21,9.0
2026-08-19 18:00:00,대구,3,GFS,100.0,100.0,15,0.0
2026-08-19 18:00:00,광주,3,나우캐스트,75.38179016113281,90.0,3,14.618209838867188
2026-08-19 18:00:00,광주,3,ECMWF,100.0,90.0,21,10.0
2026-08-19 18:00:00,광주,3,GFS,99.0,90.0,15,9.0
2026-08-19 18:00:00,부산,3,나우캐스트,30.504371643066406,70.0,3,39.4956283569336
2026-08-19 18:00:00,부산,3,ECMWF,91.0,70.0,21,21.0
2026-08-19 18:00:00,부산,3,GFS,10.0,70.0,15,60.0
2026-08-19 18:00:00,인천,3,나우캐스트,79.71717071533203,80.0,3,0.2828292846679687
2026-08-19 18:00:00,인천,3,ECMWF,99.0,80.0,21,19.0
2026-08-19 18:00:00,인천,3,GFS,91.0,80.0,15,11.0
2026-08-19 18:00:00,수원,3,나우캐스트,79.28080749511719,100.0,3,20.71919250488281
2026-08-19 18:00:00,수원,3,ECMWF,98.0,100.0,21,2.0
2026-08-19 18:00:00,수원,3,GFS,100.0,100.0,15,0.0
2026-08-19 18:00:00,전주,3,나우캐스트,77.2466049194336,80.0,3,2.7533950805664062
2026-08-19 18:00:00,전주,3,ECMWF,80.0,80.0,21,0.0
2026-08-19 18:00:00,전주,3,GFS,100.0,80.0,15,20.0
2026-08-19 18:00:00,강릉,3,나우캐스트,79.189697265625,100.0,3,20.810302734375
2026-08-19 18:00:00,강릉,3,ECMWF,67.0,100.0,21,33.0
2026-08-19 18:00:00,강릉,3,GFS,100.0,100.0,15,0.0
2026-08-19 18:00:00,제주,3,나우캐스트,29.641664505004883,50.0,3,20.35833549499512
2026-08-19 18:00:00,제주,3,ECMWF,18.0,50.0,21,32.0
2026-08-19 18:00:00,제주,3,GFS,61.0,50.0,15,11.0
2026-08-19 21:00:00,서울,6,나우캐스트,79.57756042480469,70.0,6,9.577560424804688
2026-08-19 21:00:00,서울,6,ECMWF,18.0,70.0,0,52.0
2026-08-19 21:00:00,서울,6,GFS,99.0,70.0,0,29.0
2026-08-19 21:00:00,대전,6,나우캐스트,76.00434112548828,100.0,6,23.99565887451172
2026-08-19 21:00:00,대전,6,ECMWF,95.0,100.0,0,5.0
2026-08-19 21:00:00,대전,6,GFS,100.0,100.0,0,0.0
2026-08-19 21:00:00,대구,6,나우캐스트,74.78450012207031,70.0,6,4.7845001220703125
2026-08-19 21:00:00,대구,6,ECMWF,100.0,70.0,0,30.0
2026-08-19 21:00:00,대구,6,GFS,85.0,70.0,0,15.0
2026-08-19 21:00:00,광주,6,나우캐스트,46.52727508544922,80.0,6,33.47272491455078
2026-08-19 21:00:00,광주,6,ECMWF,96.0,80.0,0,16.0
2026-08-19 21:00:00,광주,6,GFS,100.0,80.0,0,20.0
2026-08-19 21:00:00,부산,6,나우캐스트,41.7032470703125,50.0,6,8.2967529296875
2026-08-19 21:00:00,부산,6,ECMWF,64.0,50.0,0,14.0
2026-08-19 21:00:00,부산,6,GFS,18.0,50.0,0,32.0
2026-08-19 21:00:00,인천,6,나우캐스트,81.24360656738281,60.0,6,21.24360656738281
2026-08-19 21:00:00,인천,6,ECMWF,49.0,60.0,0,11.0
2026-08-19 21:00:00,인천,6,GFS,99.0,60.0,0,39.0
2026-08-19 21:00:00,수원,6,나우캐스트,79.16459655761719,70.0,6,9.164596557617188
2026-08-19 21:00:00,수원,6,ECMWF,88.0,70.0,0,18.0
2026-08-19 21:00:00,수원,6,GFS,99.0,70.0,0,29.0
2026-08-19 21:00:00,전주,6,나우캐스트,67.45372772216797,100.0,6,32.54627227783203
2026-08-19 21:00:00,전주,6,ECMWF,98.0,100.0,0,2.0
2026-08-19 21:00:00,전주,6,GFS,100.0,100.0,0,0.0
2026-08-19 21:00:00,강릉,6,나우캐스트,78.94217681884766,80.0,6,1.0578231811523438
2026-08-19 21:00:00,강릉,6,ECMWF,98.0,80.0,0,18.0
2026-08-19 21:00:00,강릉,6,GFS,100.0,80.0,0,20.0
2026-08-19 21:00:00,제주,6,나우캐스트,10.157987594604492,0.0,6,10.157987594604492
2026-08-19 21:00:00,제주,6,ECMWF,86.0,0.0,0,86.0
2026-08-19 21:00:00,제주,6,GFS,100.0,0.0,0,100.0
2026-08-19 18:00:00,서울,2,나우캐스트,81.85530090332031,80.0,2,1.8553009033203125
2026-08-19 18:00:00,서울,2,ECMWF,99.0,80.0,21,19.0
2026-08-19 18:00:00,서울,2,GFS,99.0,80.0,15,19.0
2026-08-19 18:00:00,대전,2,나우캐스트,76.73954772949219,80.0,2,3.2604522705078125
2026-08-19 18:00:00,대전,2,ECMWF,81.0,80.0,21,1.0
2026-08-19 18:00:00,대전,2,GFS,100.0,80.0,15,20.0
2026-08-19 18:00:00,대구,2,나우캐스트,87.1677474975586,100.0,2,12.832252502441406
2026-08-19 18:00:00,대구,2,ECMWF,91.0,100.0,21,9.0
2026-08-19 18:00:00,대구,2,GFS,100.0,100.0,15,0.0
2026-08-19 18:00:00,광주,2,나우캐스트,77.22700500488281,90.0,2,12.772994995117188
2026-08-19 18:00:00,광주,2,ECMWF,100.0,90.0,21,10.0
2026-08-19 18:00:00,광주,2,GFS,99.0,90.0,15,9.0
2026-08-19 18:00:00,부산,2,나우캐스트,30.649518966674805,70.0,2,39.3504810333252
2026-08-19 18:00:00,부산,2,ECMWF,91.0,70.0,21,21.0
2026-08-19 18:00:00,부산,2,GFS,10.0,70.0,15,60.0
2026-08-19 18:00:00,인천,2,나우캐스트,80.17000579833984,80.0,2,0.1700057983398437
2026-08-19 18:00:00,인천,2,ECMWF,99.0,80.0,21,19.0
2026-08-19 18:00:00,인천,2,GFS,91.0,80.0,15,11.0
2026-08-19 18:00:00,수원,2,나우캐스트,84.38574981689453,100.0,2,15.614250183105469
2026-08-19 18:00:00,수원,2,ECMWF,98.0,100.0,21,2.0
2026-08-19 18:00:00,수원,2,GFS,100.0,100.0,15,0.0
2026-08-19 18:00:00,전주,2,나우캐스트,76.93170166015625,80.0,2,3.06829833984375
2026-08-19 18:00:00,전주,2,ECMWF,80.0,80.0,21,0.0
2026-08-19 18:00:00,전주,2,GFS,100.0,80.0,15,20.0
2026-08-19 18:00:00,강릉,2,나우캐스트,80.66539764404297,100.0,2,19.33460235595703
2026-08-19 18:00:00,강릉,2,ECMWF,67.0,100.0,21,33.0
2026-08-19 18:00:00,강릉,2,GFS,100.0,100.0,15,0.0
2026-08-19 18:00:00,제주,2,나우캐스트,48.35719680786133,50.0,2,1.642803192138672
2026-08-19 18:00:00,제주,2,ECMWF,18.0,50.0,21,32.0
2026-08-19 18:00:00,제주,2,GFS,61.0,50.0,15,11.0
2026-08-19 21:00:00,서울,5,나우캐스트,72.6649169921875,70.0,5,2.6649169921875
2026-08-19 21:00:00,서울,5,ECMWF,18.0,70.0,0,52.0
2026-08-19 21:00:00,서울,5,GFS,99.0,70.0,0,29.0
2026-08-19 21:00:00,대전,5,나우캐스트,73.69278717041016,100.0,5,26.307212829589844
2026-08-19 21:00:00,대전,5,ECMWF,95.0,100.0,0,5.0
2026-08-19 21:00:00,대전,5,GFS,100.0,100.0,0,0.0
2026-08-19 21:00:00,대구,5,나우캐스트,71.82872009277344,70.0,5,1.8287200927734373
2026-08-19 21:00:00,대구,5,ECMWF,100.0,70.0,0,30.0
2026-08-19 21:00:00,대구,5,GFS,85.0,70.0,0,15.0
2026-08-19 21:00:00,광주,5,나우캐스트,47.86885833740234,80.0,5,32.131141662597656
2026-08-19 21:00:00,광주,5,ECMWF,96.0,80.0,0,16.0
2026-08-19 21:00:00,광주,5,GFS,100.0,80.0,0,20.0
2026-08-19 21:00:00,부산,5,나우캐스트,36.60197448730469,50.0,5,13.398025512695312
2026-08-19 21:00:00,부산,5,ECMWF,64.0,50.0,0,14.0
2026-08-19 21:00:00,부산,5,GFS,18.0,50.0,0,32.0
2026-08-19 21:00:00,인천,5,나우캐스트,71.99215698242188,60.0,5,11.992156982421877
2026-08-19 21:00:00,인천,5,ECMWF,49.0,60.0,0,11.0
2026-08-19 21:00:00,인천,5,GFS,99.0,60.0,0,39.0
2026-08-19 21:00:00,수원,5,나우캐스트,70.89815521240234,70.0,5,0.8981552124023438
2026-08-19 21:00:00,수원,5,ECMWF,88.0,70.0,0,18.0
2026-08-19 21:00:00,수원,5,GFS,99.0,70.0,0,29.0
2026-08-19 21:00:00,전주,5,나우캐스트,67.69171142578125,100.0,5,32.30828857421875
2026-08-19 21:00:00,전주,5,ECMWF,98.0,100.0,0,2.0
2026-08-19 21:00:00,전주,5,GFS,100.0,100.0,0,0.0
2026-08-19 21:00:00,강릉,5,나우캐스트,83.38839721679688,80.0,5,3.388397216796875
2026-08-19 21:00:00,강릉,5,ECMWF,98.0,80.0,0,18.0
2026-08-19 21:00:00,강릉,5,GFS,100.0,80.0,0,20.0
2026-08-19 21:00:00,제주,5,나우캐스트,20.28442001342773,0.0,5,20.28442001342773
2026-08-19 21:00:00,제주,5,ECMWF,86.0,0.0,0,86.0
2026-08-19 21:00:00,제주,5,GFS,100.0,0.0,0,100.0
2026-08-19 18:00:00,서울,1,나우캐스트,84.49313354492188,80.0,1,4.493133544921875
2026-08-19 18:00:00,서울,1,ECMWF,99.0,80.0,21,19.0
2026-08-19 18:00:00,서울,1,GFS,99.0,80.0,15,19.0
2026-08-19 18:00:00,대전,1,나우캐스트,69.22230529785156,80.0,1,10.777694702148438
2026-08-19 18:00:00,대전,1,ECMWF,81.0,80.0,21,1.0
2026-08-19 18:00:00,대전,1,GFS,100.0,80.0,15,20.0
2026-08-19 18:00:00,대구,1,나우캐스트,93.50765991210938,100.0,1,6.492340087890625
2026-08-19 18:00:00,대구,1,ECMWF,91.0,100.0,21,9.0
2026-08-19 18:00:00,대구,1,GFS,100.0,100.0,15,0.0
2026-08-19 18:00:00,광주,1,나우캐스트,97.46807861328124,90.0,1,7.46807861328125
2026-08-19 18:00:00,광주,1,ECMWF,100.0,90.0,21,10.0
2026-08-19 18:00:00,광주,1,GFS,99.0,90.0,15,9.0
2026-08-19 18:00:00,부산,1,나우캐스트,43.235939025878906,70.0,1,26.764060974121094
2026-08-19 18:00:00,부산,1,ECMWF,91.0,70.0,21,21.0
2026-08-19 18:00:00,부산,1,GFS,10.0,70.0,15,60.0
2026-08-19 18:00:00,인천,1,나우캐스트,80.09375,80.0,1,0.09375
2026-08-19 18:00:00,인천,1,ECMWF,99.0,80.0,21,19.0
2026-08-19 18:00:00,인천,1,GFS,91.0,80.0,15,11.0
2026-08-19 18:00:00,수원,1,나우캐스트,86.31197357177734,100.0,1,13.688026428222656
2026-08-19 18:00:00,수원,1,ECMWF,98.0,100.0,21,2.0
2026-08-19 18:00:00,수원,1,GFS,100.0,100.0,15,0.0
2026-08-19 18:00:00,전주,1,나우캐스트,78.31372833251953,80.0,1,1.6862716674804688
2026-08-19 18:00:00,전주,1,ECMWF,80.0,80.0,21,0.0
2026-08-19 18:00:00,전주,1,GFS,100.0,80.0,15,20.0
2026-08-19 18:00:00,강릉,1,나우캐스트,88.58718872070312,100.0,1,11.412811279296877
2026-08-19 18:00:00,강릉,1,ECMWF,67.0,100.0,21,33.0
2026-08-19 18:00:00,강릉,1,GFS,100.0,100.0,15,0.0
2026-08-19 18:00:00,제주,1,나우캐스트,75.96498107910156,50.0,1,25.96498107910156
2026-08-19 18:00:00,제주,1,ECMWF,18.0,50.0,21,32.0
2026-08-19 18:00:00,제주,1,GFS,61.0,50.0,15,11.0
2026-08-19 21:00:00,서울,4,나우캐스트,70.9051284790039,70.0,4,0.9051284790039062
2026-08-19 21:00:00,서울,4,ECMWF,18.0,70.0,0,52.0
2026-08-19 21:00:00,서울,4,GFS,99.0,70.0,0,29.0
2026-08-19 21:00:00,대전,4,나우캐스트,78.54269409179688,100.0,4,21.457305908203125
2026-08-19 21:00:00,대전,4,ECMWF,95.0,100.0,0,5.0
2026-08-19 21:00:00,대전,4,GFS,100.0,100.0,0,0.0
2026-08-19 21:00:00,대구,4,나우캐스트,78.24560546875,70.0,4,8.24560546875
2026-08-19 21:00:00,대구,4,ECMWF,100.0,70.0,0,30.0
2026-08-19 21:00:00,대구,4,GFS,85.0,70.0,0,15.0
2026-08-19 21:00:00,광주,4,나우캐스트,58.86272811889648,80.0,4,21.13727188110352
2026-08-19 21:00:00,광주,4,ECMWF,96.0,80.0,0,16.0
2026-08-19 21:00:00,광주,4,GFS,100.0,80.0,0,20.0
2026-08-19 21:00:00,부산,4,나우캐스트,32.20344161987305,50.0,4,17.796558380126953
2026-08-19 21:00:00,부산,4,ECMWF,64.0,50.0,0,14.0
2026-08-19 21:00:00,부산,4,GFS,18.0,50.0,0,32.0
2026-08-19 21:00:00,인천,4,나우캐스트,69.00383758544922,60.0,4,9.003837585449219
2026-08-19 21:00:00,인천,4,ECMWF,49.0,60.0,0,11.0
2026-08-19 21:00:00,인천,4,GFS,99.0,60.0,0,39.0
2026-08-19 21:00:00,수원,4,나우캐스트,72.82357788085938,70.0,4,2.823577880859375
2026-08-19 21:00:00,수원,4,ECMWF,88.0,70.0,0,18.0
2026-08-19 21:00:00,수원,4,GFS,99.0,70.0,0,29.0
2026-08-19 21:00:00,전주,4,나우캐스트,71.61872863769531,100.0,4,28.381271362304688
2026-08-19 21:00:00,전주,4,ECMWF,98.0,100.0,0,2.0
2026-08-19 21:00:00,전주,4,GFS,100.0,100.0,0,0.0
2026-08-19 21:00:00,강릉,4,나우캐스트,82.75572204589844,80.0,4,2.755722045898437
2026-08-19 21:00:00,강릉,4,ECMWF,98.0,80.0,0,18.0
2026-08-19 21:00:00,강릉,4,GFS,100.0,80.0,0,20.0
2026-08-19 21:00:00,제주,4,나우캐스트,24.84308433532715,0.0,4,24.84308433532715
2026-08-19 21:00:00,제주,4,ECMWF,86.0,0.0,0,86.0
2026-08-19 21:00:00,제주,4,GFS,100.0,0.0,0,100.0
2026-08-19 21:00:00,서울,3,나우캐스트,71.4403076171875,70.0,3,1.4403076171875
2026-08-19 21:00:00,서울,3,ECMWF,18.0,70.0,0,52.0
2026-08-19 21:00:00,서울,3,GFS,99.0,70.0,0,29.0
2026-08-19 21:00:00,대전,3,나우캐스트,74.52118682861328,100.0,3,25.47881317138672
2026-08-19 21:00:00,대전,3,ECMWF,95.0,100.0,0,5.0
2026-08-19 21:00:00,대전,3,GFS,100.0,100.0,0,0.0
2026-08-19 21:00:00,대구,3,나우캐스트,78.62679290771484,70.0,3,8.626792907714844
2026-08-19 21:00:00,대구,3,ECMWF,100.0,70.0,0,30.0
2026-08-19 21:00:00,대구,3,GFS,85.0,70.0,0,15.0
2026-08-19 21:00:00,광주,3,나우캐스트,59.12989807128906,80.0,3,20.870101928710938
2026-08-19 21:00:00,광주,3,ECMWF,96.0,80.0,0,16.0
2026-08-19 21:00:00,광주,3,GFS,100.0,80.0,0,20.0
2026-08-19 21:00:00,부산,3,나우캐스트,40.99312973022461,50.0,3,9.00687026977539
2026-08-19 21:00:00,부산,3,ECMWF,64.0,50.0,0,14.0
2026-08-19 21:00:00,부산,3,GFS,18.0,50.0,0,32.0
2026-08-19 21:00:00,인천,3,나우캐스트,71.3205337524414,60.0,3,11.320533752441406
2026-08-19 21:00:00,인천,3,ECMWF,49.0,60.0,0,11.0
2026-08-19 21:00:00,인천,3,GFS,99.0,60.0,0,39.0
2026-08-19 21:00:00,수원,3,나우캐스트,72.50924682617188,70.0,3,2.509246826171875
2026-08-19 21:00:00,수원,3,ECMWF,88.0,70.0,0,18.0
2026-08-19 21:00:00,수원,3,GFS,99.0,70.0,0,29.0
2026-08-19 21:00:00,전주,3,나우캐스트,72.25408172607422,100.0,3,27.74591827392578
2026-08-19 21:00:00,전주,3,ECMWF,98.0,100.0,0,2.0
2026-08-19 21:00:00,전주,3,GFS,100.0,100.0,0,0.0
2026-08-19 21:00:00,강릉,3,나우캐스트,76.79811096191406,80.0,3,3.201889038085937
2026-08-19 21:00:00,강릉,3,ECMWF,98.0,80.0,0,18.0
2026-08-19 21:00:00,강릉,3,GFS,100.0,80.0,0,20.0
2026-08-19 21:00:00,제주,3,나우캐스트,15.794636726379396,0.0,3,15.794636726379396
2026-08-19 21:00:00,제주,3,ECMWF,86.0,0.0,0,86.0
2026-08-19 21:00:00,제주,3,GFS,100.0,0.0,0,100.0
2026-08-20 00:00:00,서울,6,나우캐스트,72.28543090820312,80.0,6,7.714569091796875
2026-08-20 00:00:00,서울,6,ECMWF,98.0,80.0,3,18.0
2026-08-20 00:00:00,서울,6,GFS,99.0,80.0,3,19.0
2026-08-20 00:00:00,대전,6,나우캐스트,66.09001922607422,80.0,6,13.90998077392578
2026-08-20 00:00:00,대전,6,ECMWF,100.0,80.0,3,20.0
2026-08-20 00:00:00,대전,6,GFS,100.0,80.0,3,20.0
2026-08-20 00:00:00,대구,6,나우캐스트,62.51496124267578,90.0,6,27.48503875732422
2026-08-20 00:00:00,대구,6,ECMWF,98.0,90.0,3,8.0
2026-08-20 00:00:00,대구,6,GFS,100.0,90.0,3,10.0
2026-08-20 00:00:00,광주,6,나우캐스트,52.871429443359375,80.0,6,27.128570556640625
2026-08-20 00:00:00,광주,6,ECMWF,98.0,80.0,3,18.0
2026-08-20 00:00:00,광주,6,GFS,100.0,80.0,3,20.0
2026-08-20 00:00:00,부산,6,나우캐스트,14.608966827392578,50.0,6,35.39103317260742
2026-08-20 00:00:00,부산,6,ECMWF,53.0,50.0,3,3.0
2026-08-20 00:00:00,부산,6,GFS,99.0,50.0,3,49.0
2026-08-20 00:00:00,인천,6,나우캐스트,70.38842010498047,80.0,6,9.611579895019531
2026-08-20 00:00:00,인천,6,ECMWF,98.0,80.0,3,18.0
2026-08-20 00:00:00,인천,6,GFS,97.0,80.0,3,17.0
2026-08-20 00:00:00,수원,6,나우캐스트,70.62356567382812,90.0,6,19.376434326171875
2026-08-20 00:00:00,수원,6,ECMWF,86.0,90.0,3,4.0
2026-08-20 00:00:00,수원,6,GFS,100.0,90.0,3,10.0
2026-08-20 00:00:00,전주,6,나우캐스트,66.78327178955078,70.0,6,3.2167282104492188
2026-08-20 00:00:00,전주,6,ECMWF,100.0,70.0,3,30.0
2026-08-20 00:00:00,전주,6,GFS,84.0,70.0,3,14.0
2026-08-20 00:00:00,강릉,6,나우캐스트,72.82696533203125,90.0,6,17.17303466796875
2026-08-20 00:00:00,강릉,6,ECMWF,68.0,90.0,3,22.0
2026-08-20 00:00:00,강릉,6,GFS,100.0,90.0,3,10.0
2026-08-20 00:00:00,제주,6,나우캐스트,7.560511112213135,0.0,6,7.560511112213135
2026-08-20 00:00:00,제주,6,ECMWF,97.0,0.0,3,97.0
2026-08-20 00:00:00,제주,6,GFS,62.0,0.0,3,62.0
2026-08-19 21:00:00,서울,2,나우캐스트,79.89851379394531,70.0,2,9.898513793945312
2026-08-19 21:00:00,서울,2,ECMWF,18.0,70.0,0,52.0
2026-08-19 21:00:00,서울,2,GFS,99.0,70.0,0,29.0
2026-08-19 21:00:00,대전,2,나우캐스트,73.67196655273438,100.0,2,26.328033447265625
2026-08-19 21:00:00,대전,2,ECMWF,95.0,100.0,0,5.0
2026-08-19 21:00:00,대전,2,GFS,100.0,100.0,0,0.0
2026-08-19 21:00:00,대구,2,나우캐스트,70.50082397460938,70.0,2,0.500823974609375
2026-08-19 21:00:00,대구,2,ECMWF,100.0,70.0,0,30.0
2026-08-19 21:00:00,대구,2,GFS,85.0,70.0,0,15.0
2026-08-19 21:00:00,광주,2,나우캐스트,47.40300750732422,80.0,2,32.59699249267578
2026-08-19 21:00:00,광주,2,ECMWF,96.0,80.0,0,16.0
2026-08-19 21:00:00,광주,2,GFS,100.0,80.0,0,20.0
2026-08-19 21:00:00,부산,2,나우캐스트,15.897541999816896,50.0,2,34.102458000183105
2026-08-19 21:00:00,부산,2,ECMWF,64.0,50.0,0,14.0
2026-08-19 21:00:00,부산,2,GFS,18.0,50.0,0,32.0
2026-08-19 21:00:00,인천,2,나우캐스트,81.1287841796875,60.0,2,21.1287841796875
2026-08-19 21:00:00,인천,2,ECMWF,49.0,60.0,0,11.0
2026-08-19 21:00:00,인천,2,GFS,99.0,60.0,0,39.0
2026-08-19 21:00:00,수원,2,나우캐스트,73.54385375976562,70.0,2,3.543853759765625
2026-08-19 21:00:00,수원,2,ECMWF,88.0,70.0,0,18.0
2026-08-19 21:00:00,수원,2,GFS,99.0,70.0,0,29.0
2026-08-19 21:00:00,전주,2,나우캐스트,71.010009765625,100.0,2,28.989990234375
2026-08-19 21:00:00,전주,2,ECMWF,98.0,100.0,0,2.0
2026-08-19 21:00:00,전주,2,GFS,100.0,100.0,0,0.0
2026-08-19 21:00:00,강릉,2,나우캐스트,79.281005859375,80.0,2,0.718994140625
2026-08-19 21:00:00,강릉,2,ECMWF,98.0,80.0,0,18.0
2026-08-19 21:00:00,강릉,2,GFS,100.0,80.0,0,20.0
2026-08-19 21:00:00,제주,2,나우캐스트,8.893884658813477,0.0,2,8.893884658813477
2026-08-19 21:00:00,제주,2,ECMWF,86.0,0.0,0,86.0
2026-08-19 21:00:00,제주,2,GFS,100.0,0.0,0,100.0
2026-08-20 00:00:00,서울,5,나우캐스트,85.40135192871094,80.0,5,5.4013519287109375
2026-08-20 00:00:00,서울,5,ECMWF,98.0,80.0,3,18.0
2026-08-20 00:00:00,서울,5,GFS,99.0,80.0,3,19.0
2026-08-20 00:00:00,대전,5,나우캐스트,67.87126159667969,80.0,5,12.128738403320312
2026-08-20 00:00:00,대전,5,ECMWF,100.0,80.0,3,20.0
2026-08-20 00:00:00,대전,5,GFS,100.0,80.0,3,20.0
2026-08-20 00:00:00,대구,5,나우캐스트,64.66299438476562,90.0,5,25.33700561523437
2026-08-20 00:00:00,대구,5,ECMWF,98.0,90.0,3,8.0
2026-08-20 00:00:00,대구,5,GFS,100.0,90.0,3,10.0
2026-08-20 00:00:00,광주,5,나우캐스트,57.64115524291992,80.0,5,22.35884475708008
2026-08-20 00:00:00,광주,5,ECMWF,98.0,80.0,3,18.0
2026-08-20 00:00:00,광주,5,GFS,100.0,80.0,3,20.0
2026-08-20 00:00:00,부산,5,나우캐스트,12.999775886535645,50.0,5,37.00022411346436
2026-08-20 00:00:00,부산,5,ECMWF,53.0,50.0,3,3.0
2026-08-20 00:00:00,부산,5,GFS,99.0,50.0,3,49.0
2026-08-20 00:00:00,인천,5,나우캐스트,83.49991607666016,80.0,5,3.499916076660156
2026-08-20 00:00:00,인천,5,ECMWF,98.0,80.0,3,18.0
2026-08-20 00:00:00,인천,5,GFS,97.0,80.0,3,17.0
2026-08-20 00:00:00,수원,5,나우캐스트,82.05441284179688,90.0,5,7.945587158203125
2026-08-20 00:00:00,수원,5,ECMWF,86.0,90.0,3,4.0
2026-08-20 00:00:00,수원,5,GFS,100.0,90.0,3,10.0
2026-08-20 00:00:00,전주,5,나우캐스트,63.75264739990234,70.0,5,6.247352600097656
2026-08-20 00:00:00,전주,5,ECMWF,100.0,70.0,3,30.0
2026-08-20 00:00:00,전주,5,GFS,84.0,70.0,3,14.0
2026-08-20 00:00:00,강릉,5,나우캐스트,73.35794830322266,90.0,5,16.642051696777344
2026-08-20 00:00:00,강릉,5,ECMWF,68.0,90.0,3,22.0
2026-08-20 00:00:00,강릉,5,GFS,100.0,90.0,3,10.0
2026-08-20 00:00:00,제주,5,나우캐스트,3.584749698638916,0.0,5,3.584749698638916
2026-08-20 00:00:00,제주,5,ECMWF,97.0,0.0,3,97.0
2026-08-20 00:00:00,제주,5,GFS,62.0,0.0,3,62.0
2026-08-19 21:00:00,서울,1,나우캐스트,61.99580383300781,70.0,1,8.004196166992188
2026-08-19 21:00:00,서울,1,ECMWF,18.0,70.0,0,52.0
2026-08-19 21:00:00,서울,1,GFS,99.0,70.0,0,29.0
2026-08-19 21:00:00,대전,1,나우캐스트,85.60566711425781,100.0,1,14.394332885742188
2026-08-19 21:00:00,대전,1,ECMWF,95.0,100.0,0,5.0
2026-08-19 21:00:00,대전,1,GFS,100.0,100.0,0,0.0
2026-08-19 21:00:00,대구,1,나우캐스트,72.40335083007812,70.0,1,2.403350830078125
2026-08-19 21:00:00,대구,1,ECMWF,100.0,70.0,0,30.0
2026-08-19 21:00:00,대구,1,GFS,85.0,70.0,0,15.0
2026-08-19 21:00:00,광주,1,나우캐스트,44.76691436767578,80.0,1,35.23308563232422
2026-08-19 21:00:00,광주,1,ECMWF,96.0,80.0,0,16.0
2026-08-19 21:00:00,광주,1,GFS,100.0,80.0,0,20.0
2026-08-19 21:00:00,부산,1,나우캐스트,3.271358013153076,50.0,1,46.72864198684693
2026-08-19 21:00:00,부산,1,ECMWF,64.0,50.0,0,14.0
2026-08-19 21:00:00,부산,1,GFS,18.0,50.0,0,32.0
2026-08-19 21:00:00,인천,1,나우캐스트,64.82858276367188,60.0,1,4.828582763671875
2026-08-19 21:00:00,인천,1,ECMWF,49.0,60.0,0,11.0
2026-08-19 21:00:00,인천,1,GFS,99.0,60.0,0,39.0
2026-08-19 21:00:00,수원,1,나우캐스트,65.46553802490234,70.0,1,4.534461975097656
2026-08-19 21:00:00,수원,1,ECMWF,88.0,70.0,0,18.0
2026-08-19 21:00:00,수원,1,GFS,99.0,70.0,0,29.0
2026-08-19 21:00:00,전주,1,나우캐스트,77.49370574951172,100.0,1,22.50629425048828
2026-08-19 21:00:00,전주,1,ECMWF,98.0,100.0,0,2.0
2026-08-19 21:00:00,전주,1,GFS,100.0,100.0,0,0.0
2026-08-19 21:00:00,강릉,1,나우캐스트,78.156982421875,80.0,1,1.843017578125
2026-08-19 21:00:00,강릉,1,ECMWF,98.0,80.0,0,18.0
2026-08-19 21:00:00,강릉,1,GFS,100.0,80.0,0,20.0
2026-08-19 21:00:00,제주,1,나우캐스트,6.376455783843994,0.0,1,6.376455783843994
2026-08-19 21:00:00,제주,1,ECMWF,86.0,0.0,0,86.0
2026-08-19 21:00:00,제주,1,GFS,100.0,0.0,0,100.0
2026-08-20 00:00:00,서울,4,나우캐스트,78.3162841796875,80.0,4,1.6837158203125
2026-08-20 00:00:00,서울,4,ECMWF,98.0,80.0,3,18.0
2026-08-20 00:00:00,서울,4,GFS,99.0,80.0,3,19.0
2026-08-20 00:00:00,대전,4,나우캐스트,62.106292724609375,80.0,4,17.893707275390625
2026-08-20 00:00:00,대전,4,ECMWF,100.0,80.0,3,20.0
2026-08-20 00:00:00,대전,4,GFS,100.0,80.0,3,20.0
2026-08-20 00:00:00,대구,4,나우캐스트,76.91674041748047,90.0,4,13.083259582519531
2026-08-20 00:00:00,대구,4,ECMWF,98.0,90.0,3,8.0
2026-08-20 00:00:00,대구,4,GFS,100.0,90.0,3,10.0
2026-08-20 00:00:00,광주,4,나우캐스트,67.57795715332031,80.0,4,12.422042846679688
2026-08-20 00:00:00,광주,4,ECMWF,98.0,80.0,3,18.0
2026-08-20 00:00:00,광주,4,GFS,100.0,80.0,3,20.0
2026-08-20 00:00:00,부산,4,나우캐스트,19.599140167236328,50.0,4,30.400859832763672
2026-08-20 00:00:00,부산,4,ECMWF,53.0,50.0,3,3.0
2026-08-20 00:00:00,부산,4,GFS,99.0,50.0,3,49.0
2026-08-20 00:00:00,인천,4,나우캐스트,78.71473693847656,80.0,4,1.2852630615234375
2026-08-20 00:00:00,인천,4,ECMWF,98.0,80.0,3,18.0
2026-08-20 00:00:00,인천,4,GFS,97.0,80.0,3,17.0
2026-08-20 00:00:00,수원,4,나우캐스트,72.9490966796875,90.0,4,17.0509033203125
2026-08-20 00:00:00,수원,4,ECMWF,86.0,90.0,3,4.0
2026-08-20 00:00:00,수원,4,GFS,100.0,90.0,3,10.0
2026-08-20 00:00:00,전주,4,나우캐스트,65.16902160644531,70.0,4,4.830978393554688
2026-08-20 00:00:00,전주,4,ECMWF,100.0,70.0,3,30.0
2026-08-20 00:00:00,전주,4,GFS,84.0,70.0,3,14.0
2026-08-20 00:00:00,강릉,4,나우캐스트,73.211669921875,90.0,4,16.788330078125
2026-08-20 00:00:00,강릉,4,ECMWF,68.0,90.0,3,22.0
2026-08-20 00:00:00,강릉,4,GFS,100.0,90.0,3,10.0
2026-08-20 00:00:00,제주,4,나우캐스트,3.7607979774475098,0.0,4,3.7607979774475098
2026-08-20 00:00:00,제주,4,ECMWF,97.0,0.0,3,97.0
2026-08-20 00:00:00,제주,4,GFS,62.0,0.0,3,62.0
2026-08-20 00:00:00,서울,3,나우캐스트,60.81318664550781,80.0,3,19.186813354492188
2026-08-20 00:00:00,서울,3,ECMWF,98.0,80.0,3,18.0
2026-08-20 00:00:00,서울,3,GFS,99.0,80.0,3,19.0
2026-08-20 00:00:00,대전,3,나우캐스트,57.589141845703125,80.0,3,22.410858154296875
2026-08-20 00:00:00,대전,3,ECMWF,100.0,80.0,3,20.0
2026-08-20 00:00:00,대전,3,GFS,100.0,80.0,3,20.0
2026-08-20 00:00:00,대구,3,나우캐스트,76.35806274414062,90.0,3,13.641937255859377
2026-08-20 00:00:00,대구,3,ECMWF,98.0,90.0,3,8.0
2026-08-20 00:00:00,대구,3,GFS,100.0,90.0,3,10.0
2026-08-20 00:00:00,광주,3,나우캐스트,69.54107666015625,80.0,3,10.45892333984375
2026-08-20 00:00:00,광주,3,ECMWF,98.0,80.0,3,18.0
2026-08-20 00:00:00,광주,3,GFS,100.0,80.0,3,20.0
2026-08-20 00:00:00,부산,3,나우캐스트,40.76579666137695,50.0,3,9.234203338623049
2026-08-20 00:00:00,부산,3,ECMWF,53.0,50.0,3,3.0
2026-08-20 00:00:00,부산,3,GFS,99.0,50.0,3,49.0
2026-08-20 00:00:00,인천,3,나우캐스트,61.406700134277344,80.0,3,18.593299865722656
2026-08-20 00:00:00,인천,3,ECMWF,98.0,80.0,3,18.0
2026-08-20 00:00:00,인천,3,GFS,97.0,80.0,3,17.0
2026-08-20 00:00:00,수원,3,나우캐스트,61.83500671386719,90.0,3,28.16499328613281
2026-08-20 00:00:00,수원,3,ECMWF,86.0,90.0,3,4.0
2026-08-20 00:00:00,수원,3,GFS,100.0,90.0,3,10.0
2026-08-20 00:00:00,전주,3,나우캐스트,57.512298583984375,70.0,3,12.487701416015623
2026-08-20 00:00:00,전주,3,ECMWF,100.0,70.0,3,30.0
2026-08-20 00:00:00,전주,3,GFS,84.0,70.0,3,14.0
2026-08-20 00:00:00,강릉,3,나우캐스트,63.68033599853516,90.0,3,26.319664001464844
2026-08-20 00:00:00,강릉,3,ECMWF,68.0,90.0,3,22.0
2026-08-20 00:00:00,강릉,3,GFS,100.0,90.0,3,10.0
2026-08-20 00:00:00,제주,3,나우캐스트,5.983242034912109,0.0,3,5.983242034912109
2026-08-20 00:00:00,제주,3,ECMWF,97.0,0.0,3,97.0
2026-08-20 00:00:00,제주,3,GFS,62.0,0.0,3,62.0
2026-08-20 03:00:00,서울,6,나우캐스트,71.2106704711914,100.0,6,28.789329528808597
2026-08-20 03:00:00,서울,6,ECMWF,100.0,100.0,6,0.0
2026-08-20 03:00:00,서울,6,GFS,100.0,100.0,0,0.0
2026-08-20 03:00:00,대전,6,나우캐스트,64.74739837646484,80.0,6,15.252601623535156
2026-08-20 03:00:00,대전,6,ECMWF,100.0,80.0,6,20.0
2026-08-20 03:00:00,대전,6,GFS,100.0,80.0,0,20.0
2026-08-20 03:00:00,대구,6,나우캐스트,61.32099151611328,70.0,6,8.679008483886719
2026-08-20 03:00:00,대구,6,ECMWF,95.0,70.0,6,25.0
2026-08-20 03:00:00,대구,6,GFS,100.0,70.0,0,30.0
2026-08-20 03:00:00,광주,6,나우캐스트,61.602684020996094,70.0,6,8.397315979003906
2026-08-20 03:00:00,광주,6,ECMWF,95.0,70.0,6,25.0
2026-08-20 03:00:00,광주,6,GFS,100.0,70.0,0,30.0
2026-08-20 03:00:00,부산,6,나우캐스트,33.218833923339844,10.0,6,23.218833923339844
2026-08-20 03:00:00,부산,6,ECMWF,93.0,10.0,6,83.0
2026-08-20 03:00:00,부산,6,GFS,98.0,10.0,0,88.0
2026-08-20 03:00:00,인천,6,나우캐스트,72.66541290283203,100.0,6,27.33458709716797
2026-08-20 03:00:00,인천,6,ECMWF,100.0,100.0,6,0.0
2026-08-20 03:00:00,인천,6,GFS,97.0,100.0,0,3.0
2026-08-20 03:00:00,수원,6,나우캐스트,70.02948760986328,90.0,6,19.97051239013672
2026-08-20 03:00:00,수원,6,ECMWF,100.0,90.0,6,10.0
2026-08-20 03:00:00,수원,6,GFS,99.0,90.0,0,9.0
2026-08-20 03:00:00,전주,6,나우캐스트,61.48969650268555,80.0,6,18.510303497314453
2026-08-20 03:00:00,전주,6,ECMWF,92.0,80.0,6,12.0
2026-08-20 03:00:00,전주,6,GFS,100.0,80.0,0,20.0
2026-08-20 03:00:00,강릉,6,나우캐스트,65.17413330078125,80.0,6,14.82586669921875
2026-08-20 03:00:00,강릉,6,ECMWF,51.0,80.0,6,29.0
2026-08-20 03:00:00,강릉,6,GFS,100.0,80.0,0,20.0
2026-08-20 03:00:00,제주,6,나우캐스트,17.758358001708984,0.0,6,17.758358001708984
2026-08-20 03:00:00,제주,6,ECMWF,31.0,0.0,6,31.0
2026-08-20 03:00:00,제주,6,GFS,50.0,0.0,0,50.0
2026-08-20 00:00:00,서울,2,나우캐스트,75.43162536621094,80.0,2,4.568374633789063
2026-08-20 00:00:00,서울,2,ECMWF,98.0,80.0,3,18.0
2026-08-20 00:00:00,서울,2,GFS,99.0,80.0,3,19.0
2026-08-20 00:00:00,대전,2,나우캐스트,65.67417907714844,80.0,2,14.325820922851562
2026-08-20 00:00:00,대전,2,ECMWF,100.0,80.0,3,20.0
2026-08-20 00:00:00,대전,2,GFS,100.0,80.0,3,20.0
2026-08-20 00:00:00,대구,2,나우캐스트,71.13458251953125,90.0,2,18.86541748046875
2026-08-20 00:00:00,대구,2,ECMWF,98.0,90.0,3,8.0
2026-08-20 00:00:00,대구,2,GFS,100.0,90.0,3,10.0
2026-08-20 00:00:00,광주,2,나우캐스트,71.6723403930664,80.0,2,8.327659606933594
2026-08-20 00:00:00,광주,2,ECMWF,98.0,80.0,3,18.0
2026-08-20 00:00:00,광주,2,GFS,100.0,80.0,3,20.0
2026-08-20 00:00:00,부산,2,나우캐스트,30.196552276611328,50.0,2,19.803447723388672
2026-08-20 00:00:00,부산,2,ECMWF,53.0,50.0,3,3.0
2026-08-20 00:00:00,부산,2,GFS,99.0,50.0,3,49.0
2026-08-20 00:00:00,인천,2,나우캐스트,78.35413360595703,80.0,2,1.6458663940429688
2026-08-20 00:00:00,인천,2,ECMWF,98.0,80.0,3,18.0
2026-08-20 00:00:00,인천,2,GFS,97.0,80.0,3,17.0
2026-08-20 00:00:00,수원,2,나우캐스트,72.57413482666016,90.0,2,17.425865173339844
2026-08-20 00:00:00,수원,2,ECMWF,86.0,90.0,3,4.0
2026-08-20 00:00:00,수원,2,GFS,100.0,90.0,3,10.0
2026-08-20 00:00:00,전주,2,나우캐스트,64.732666015625,70.0,2,5.267333984375
2026-08-20 00:00:00,전주,2,ECMWF,100.0,70.0,3,30.0
2026-08-20 00:00:00,전주,2,GFS,84.0,70.0,3,14.0
2026-08-20 00:00:00,강릉,2,나우캐스트,68.80854797363281,90.0,2,21.191452026367188
2026-08-20 00:00:00,강릉,2,ECMWF,68.0,90.0,3,22.0
2026-08-20 00:00:00,강릉,2,GFS,100.0,90.0,3,10.0
2026-08-20 00:00:00,제주,2,나우캐스트,18.2903995513916,0.0,2,18.2903995513916
2026-08-20 00:00:00,제주,2,ECMWF,97.0,0.0,3,97.0
2026-08-20 00:00:00,제주,2,GFS,62.0,0.0,3,62.0
2026-08-20 03:00:00,서울,5,나우캐스트,76.31140899658203,100.0,5,23.68859100341797
2026-08-20 03:00:00,서울,5,ECMWF,100.0,100.0,6,0.0
2026-08-20 03:00:00,서울,5,GFS,100.0,100.0,0,0.0
2026-08-20 03:00:00,대전,5,나우캐스트,66.89929962158203,80.0,5,13.100700378417969
2026-08-20 03:00:00,대전,5,ECMWF,100.0,80.0,6,20.0
2026-08-20 03:00:00,대전,5,GFS,100.0,80.0,0,20.0
2026-08-20 03:00:00,대구,5,나우캐스트,60.88456344604492,70.0,5,9.115436553955078
2026-08-20 03:00:00,대구,5,ECMWF,95.0,70.0,6,25.0
2026-08-20 03:00:00,대구,5,GFS,100.0,70.0,0,30.0
2026-08-20 03:00:00,광주,5,나우캐스트,57.27291488647461,70.0,5,12.72708511352539
2026-08-20 03:00:00,광주,5,ECMWF,95.0,70.0,6,25.0
2026-08-20 03:00:00,광주,5,GFS,100.0,70.0,0,30.0
2026-08-20 03:00:00,부산,5,나우캐스트,41.34767532348633,10.0,5,31.347675323486328
2026-08-20 03:00:00,부산,5,ECMWF,93.0,10.0,6,83.0
2026-08-20 03:00:00,부산,5,GFS,98.0,10.0,0,88.0
2026-08-20 03:00:00,인천,5,나우캐스트,77.40208435058594,100.0,5,22.597915649414062
2026-08-20 03:00:00,인천,5,ECMWF,100.0,100.0,6,0.0
2026-08-20 03:00:00,인천,5,GFS,97.0,100.0,0,3.0
2026-08-20 03:00:00,수원,5,나우캐스트,72.19354248046875,90.0,5,17.80645751953125
2026-08-20 03:00:00,수원,5,ECMWF,100.0,90.0,6,10.0
2026-08-20 03:00:00,수원,5,GFS,99.0,90.0,0,9.0
2026-08-20 03:00:00,전주,5,나우캐스트,63.22890090942383,80.0,5,16.771099090576172
2026-08-20 03:00:00,전주,5,ECMWF,92.0,80.0,6,12.0
2026-08-20 03:00:00,전주,5,GFS,100.0,80.0,0,20.0
2026-08-20 03:00:00,강릉,5,나우캐스트,74.99325561523438,80.0,5,5.006744384765625
2026-08-20 03:00:00,강릉,5,ECMWF,51.0,80.0,6,29.0
2026-08-20 03:00:00,강릉,5,GFS,100.0,80.0,0,20.0
2026-08-20 03:00:00,제주,5,나우캐스트,19.52455711364746,0.0,5,19.52455711364746
2026-08-20 03:00:00,제주,5,ECMWF,31.0,0.0,6,31.0
2026-08-20 03:00:00,제주,5,GFS,50.0,0.0,0,50.0
2026-08-20 00:00:00,서울,1,나우캐스트,87.18193817138672,80.0,1,7.181938171386719
2026-08-20 00:00:00,서울,1,ECMWF,98.0,80.0,3,18.0
2026-08-20 00:00:00,서울,1,GFS,99.0,80.0,3,19.0
2026-08-20 00:00:00,대전,1,나우캐스트,70.25344848632812,80.0,1,9.746551513671877
2026-08-20 00:00:00,대전,1,ECMWF,100.0,80.0,3,20.0
2026-08-20 00:00:00,대전,1,GFS,100.0,80.0,3,20.0
2026-08-20 00:00:00,대구,1,나우캐스트,76.23793029785156,90.0,1,13.762069702148438
2026-08-20 00:00:00,대구,1,ECMWF,98.0,90.0,3,8.0
2026-08-20 00:00:00,대구,1,GFS,100.0,90.0,3,10.0
2026-08-20 00:00:00,광주,1,나우캐스트,72.3245620727539,80.0,1,7.675437927246094
2026-08-20 00:00:00,광주,1,ECMWF,98.0,80.0,3,18.0
2026-08-20 00:00:00,광주,1,GFS,100.0,80.0,3,20.0
2026-08-20 00:00:00,부산,1,나우캐스트,22.075288772583008,50.0,1,27.924711227416992
2026-08-20 00:00:00,부산,1,ECMWF,53.0,50.0,3,3.0
2026-08-20 00:00:00,부산,1,GFS,99.0,50.0,3,49.0
2026-08-20 00:00:00,인천,1,나우캐스트,93.13153839111328,80.0,1,13.13153839111328
2026-08-20 00:00:00,인천,1,ECMWF,98.0,80.0,3,18.0
2026-08-20 00:00:00,인천,1,GFS,97.0,80.0,3,17.0
2026-08-20 00:00:00,수원,1,나우캐스트,88.31790161132812,90.0,1,1.682098388671875
2026-08-20 00:00:00,수원,1,ECMWF,86.0,90.0,3,4.0
2026-08-20 00:00:00,수원,1,GFS,100.0,90.0,3,10.0
2026-08-20 00:00:00,전주,1,나우캐스트,65.56761932373047,70.0,1,4.432380676269531
2026-08-20 00:00:00,전주,1,ECMWF,100.0,70.0,3,30.0
2026-08-20 00:00:00,전주,1,GFS,84.0,70.0,3,14.0
2026-08-20 00:00:00,강릉,1,나우캐스트,78.23982238769531,90.0,1,11.760177612304688
2026-08-20 00:00:00,강릉,1,ECMWF,68.0,90.0,3,22.0
2026-08-20 00:00:00,강릉,1,GFS,100.0,90.0,3,10.0
2026-08-20 00:00:00,제주,1,나우캐스트,8.610595703125,0.0,1,8.610595703125
2026-08-20 00:00:00,제주,1,ECMWF,97.0,0.0,3,97.0
2026-08-20 00:00:00,제주,1,GFS,62.0,0.0,3,62.0
2026-08-20 03:00:00,서울,4,나우캐스트,83.91034698486328,100.0,4,16.08965301513672
2026-08-20 03:00:00,서울,4,ECMWF,100.0,100.0,6,0.0
2026-08-20 03:00:00,서울,4,GFS,100.0,100.0,0,0.0
2026-08-20 03:00:00,대전,4,나우캐스트,73.734130859375,80.0,4,6.265869140625
2026-08-20 03:00:00,대전,4,ECMWF,100.0,80.0,6,20.0
2026-08-20 03:00:00,대전,4,GFS,100.0,80.0,0,20.0
2026-08-20 03:00:00,대구,4,나우캐스트,67.14972686767578,70.0,4,2.8502731323242188
2026-08-20 03:00:00,대구,4,ECMWF,95.0,70.0,6,25.0
2026-08-20 03:00:00,대구,4,GFS,100.0,70.0,0,30.0
2026-08-20 03:00:00,광주,4,나우캐스트,63.640846252441406,70.0,4,6.359153747558594
2026-08-20 03:00:00,광주,4,ECMWF,95.0,70.0,6,25.0
2026-08-20 03:00:00,광주,4,GFS,100.0,70.0,0,30.0
2026-08-20 03:00:00,부산,4,나우캐스트,38.261627197265625,10.0,4,28.261627197265625
2026-08-20 03:00:00,부산,4,ECMWF,93.0,10.0,6,83.0
2026-08-20 03:00:00,부산,4,GFS,98.0,10.0,0,88.0
2026-08-20 03:00:00,인천,4,나우캐스트,83.8333740234375,100.0,4,16.1666259765625
2026-08-20 03:00:00,인천,4,ECMWF,100.0,100.0,6,0.0
2026-08-20 03:00:00,인천,4,GFS,97.0,100.0,0,3.0
2026-08-20 03:00:00,수원,4,나우캐스트,81.7681884765625,90.0,4,8.2318115234375
2026-08-20 03:00:00,수원,4,ECMWF,100.0,90.0,6,10.0
2026-08-20 03:00:00,수원,4,GFS,99.0,90.0,0,9.0
2026-08-20 03:00:00,전주,4,나우캐스트,68.48531341552734,80.0,4,11.514686584472656
2026-08-20 03:00:00,전주,4,ECMWF,92.0,80.0,6,12.0
2026-08-20 03:00:00,전주,4,GFS,100.0,80.0,0,20.0
2026-08-20 03:00:00,강릉,4,나우캐스트,76.68824768066406,80.0,4,3.311752319335937
2026-08-20 03:00:00,강릉,4,ECMWF,51.0,80.0,6,29.0
2026-08-20 03:00:00,강릉,4,GFS,100.0,80.0,0,20.0
2026-08-20 03:00:00,제주,4,나우캐스트,43.74068069458008,0.0,4,43.74068069458008
2026-08-20 03:00:00,제주,4,ECMWF,31.0,0.0,6,31.0
2026-08-20 03:00:00,제주,4,GFS,50.0,0.0,0,50.0
2026-08-20 03:00:00,서울,3,나우캐스트,81.19007873535156,100.0,3,18.80992126464844
2026-08-20 03:00:00,서울,3,ECMWF,100.0,100.0,6,0.0
2026-08-20 03:00:00,서울,3,GFS,100.0,100.0,0,0.0
2026-08-20 03:00:00,대전,3,나우캐스트,83.54342651367188,80.0,3,3.543426513671875
2026-08-20 03:00:00,대전,3,ECMWF,100.0,80.0,6,20.0
2026-08-20 03:00:00,대전,3,GFS,100.0,80.0,0,20.0
2026-08-20 03:00:00,대구,3,나우캐스트,79.32057189941406,70.0,3,9.320571899414062
2026-08-20 03:00:00,대구,3,ECMWF,95.0,70.0,6,25.0
2026-08-20 03:00:00,대구,3,GFS,100.0,70.0,0,30.0
2026-08-20 03:00:00,광주,3,나우캐스트,65.68042755126953,70.0,3,4.319572448730469
2026-08-20 03:00:00,광주,3,ECMWF,95.0,70.0,6,25.0
2026-08-20 03:00:00,광주,3,GFS,100.0,70.0,0,30.0
2026-08-20 03:00:00,부산,3,나우캐스트,35.984622955322266,10.0,3,25.984622955322266
2026-08-20 03:00:00,부산,3,ECMWF,93.0,10.0,6,83.0
2026-08-20 03:00:00,부산,3,GFS,98.0,10.0,0,88.0
2026-08-20 03:00:00,인천,3,나우캐스트,82.27162170410156,100.0,3,17.728378295898438
2026-08-20 03:00:00,인천,3,ECMWF,100.0,100.0,6,0.0
2026-08-20 03:00:00,인천,3,GFS,97.0,100.0,0,3.0
2026-08-20 03:00:00,수원,3,나우캐스트,82.86604309082031,90.0,3,7.133956909179688
2026-08-20 03:00:00,수원,3,ECMWF,100.0,90.0,6,10.0
2026-08-20 03:00:00,수원,3,GFS,99.0,90.0,0,9.0
2026-08-20 03:00:00,전주,3,나우캐스트,78.39286041259766,80.0,3,1.6071395874023438
2026-08-20 03:00:00,전주,3,ECMWF,92.0,80.0,6,12.0
2026-08-20 03:00:00,전주,3,GFS,100.0,80.0,0,20.0
2026-08-20 03:00:00,강릉,3,나우캐스트,73.99119567871094,80.0,3,6.008804321289063
2026-08-20 03:00:00,강릉,3,ECMWF,51.0,80.0,6,29.0
2026-08-20 03:00:00,강릉,3,GFS,100.0,80.0,0,20.0
2026-08-20 03:00:00,제주,3,나우캐스트,50.47769165039063,0.0,3,50.47769165039063
2026-08-20 03:00:00,제주,3,ECMWF,31.0,0.0,6,31.0
2026-08-20 03:00:00,제주,3,GFS,50.0,0.0,0,50.0
2026-08-20 06:00:00,서울,6,나우캐스트,84.9605941772461,90.0,6,5.039405822753906
2026-08-20 06:00:00,서울,6,ECMWF,100.0,90.0,9,10.0
2026-08-20 06:00:00,서울,6,GFS,100.0,90.0,3,10.0
2026-08-20 06:00:00,대전,6,나우캐스트,81.4078140258789,100.0,6,18.592185974121094
2026-08-20 06:00:00,대전,6,ECMWF,100.0,100.0,9,0.0
2026-08-20 06:00:00,대전,6,GFS,100.0,100.0,3,0.0
2026-08-20 06:00:00,대구,6,나우캐스트,77.42388916015625,90.0,6,12.57611083984375
2026-08-20 06:00:00,대구,6,ECMWF,100.0,90.0,9,10.0
2026-08-20 06:00:00,대구,6,GFS,88.0,90.0,3,2.0
2026-08-20 06:00:00,광주,6,나우캐스트,59.79121780395508,70.0,6,10.208782196044922
2026-08-20 06:00:00,광주,6,ECMWF,100.0,70.0,9,30.0
2026-08-20 06:00:00,광주,6,GFS,96.0,70.0,3,26.0
2026-08-20 06:00:00,부산,6,나우캐스트,44.98529052734375,50.0,6,5.01470947265625
2026-08-20 06:00:00,부산,6,ECMWF,91.0,50.0,9,41.0
2026-08-20 06:00:00,부산,6,GFS,100.0,50.0,3,50.0
2026-08-20 06:00:00,인천,6,나우캐스트,83.94498443603516,100.0,6,16.055015563964844
2026-08-20 06:00:00,인천,6,ECMWF,100.0,100.0,9,0.0
2026-08-20 06:00:00,인천,6,GFS,100.0,100.0,3,0.0
2026-08-20 06:00:00,수원,6,나우캐스트,85.12577819824219,80.0,6,5.125778198242188
2026-08-20 06:00:00,수원,6,ECMWF,100.0,80.0,9,20.0
2026-08-20 06:00:00,수원,6,GFS,100.0,80.0,3,20.0
2026-08-20 06:00:00,전주,6,나우캐스트,76.17993927001953,80.0,6,3.8200607299804688
2026-08-20 06:00:00,전주,6,ECMWF,96.0,80.0,9,16.0
2026-08-20 06:00:00,전주,6,GFS,100.0,80.0,3,20.0
2026-08-20 06:00:00,강릉,6,나우캐스트,83.39895629882812,80.0,6,3.398956298828125
2026-08-20 06:00:00,강릉,6,ECMWF,98.0,80.0,9,18.0
2026-08-20 06:00:00,강릉,6,GFS,100.0,80.0,3,20.0
2026-08-20 06:00:00,제주,6,나우캐스트,59.53420639038086,40.0,6,19.53420639038086
2026-08-20 06:00:00,제주,6,ECMWF,51.0,40.0,9,11.0
2026-08-20 06:00:00,제주,6,GFS,92.0,40.0,3,52.0
2026-08-20 03:00:00,서울,2,나우캐스트,72.58634948730469,100.0,2,27.413650512695312
2026-08-20 03:00:00,서울,2,ECMWF,100.0,100.0,6,0.0
2026-08-20 03:00:00,서울,2,GFS,100.0,100.0,0,0.0
2026-08-20 03:00:00,대전,2,나우캐스트,88.65007019042969,80.0,2,8.650070190429688
2026-08-20 03:00:00,대전,2,ECMWF,100.0,80.0,6,20.0
2026-08-20 03:00:00,대전,2,GFS,100.0,80.0,0,20.0
2026-08-20 03:00:00,대구,2,나우캐스트,78.01583862304688,70.0,2,8.015838623046875
2026-08-20 03:00:00,대구,2,ECMWF,95.0,70.0,6,25.0
2026-08-20 03:00:00,대구,2,GFS,100.0,70.0,0,30.0
2026-08-20 03:00:00,광주,2,나우캐스트,61.885196685791016,70.0,2,8.114803314208984
2026-08-20 03:00:00,광주,2,ECMWF,95.0,70.0,6,25.0
2026-08-20 03:00:00,광주,2,GFS,100.0,70.0,0,30.0
2026-08-20 03:00:00,부산,2,나우캐스트,9.20944881439209,10.0,2,0.7905511856079102
2026-08-20 03:00:00,부산,2,ECMWF,93.0,10.0,6,83.0
2026-08-20 03:00:00,부산,2,GFS,98.0,10.0,0,88.0
2026-08-20 03:00:00,인천,2,나우캐스트,76.30703735351562,100.0,2,23.69296264648437
2026-08-20 03:00:00,인천,2,ECMWF,100.0,100.0,6,0.0
2026-08-20 03:00:00,인천,2,GFS,97.0,100.0,0,3.0
2026-08-20 03:00:00,수원,2,나우캐스트,84.07028198242188,90.0,2,5.929718017578125
2026-08-20 03:00:00,수원,2,ECMWF,100.0,90.0,6,10.0
2026-08-20 03:00:00,수원,2,GFS,99.0,90.0,0,9.0
2026-08-20 03:00:00,전주,2,나우캐스트,85.08204650878906,80.0,2,5.082046508789063
2026-08-20 03:00:00,전주,2,ECMWF,92.0,80.0,6,12.0
2026-08-20 03:00:00,전주,2,GFS,100.0,80.0,0,20.0
2026-08-20 03:00:00,강릉,2,나우캐스트,70.42855072021484,80.0,2,9.571449279785156
2026-08-20 03:00:00,강릉,2,ECMWF,51.0,80.0,6,29.0
2026-08-20 03:00:00,강릉,2,GFS,100.0,80.0,0,20.0
2026-08-20 03:00:00,제주,2,나우캐스트,31.67357635498047,0.0,2,31.67357635498047
2026-08-20 03:00:00,제주,2,ECMWF,31.0,0.0,6,31.0
2026-08-20 03:00:00,제주,2,GFS,50.0,0.0,0,50.0
2026-08-20 06:00:00,서울,5,나우캐스트,89.81199645996094,90.0,5,0.1880035400390625
2026-08-20 06:00:00,서울,5,ECMWF,100.0,90.0,9,10.0
2026-08-20 06:00:00,서울,5,GFS,100.0,90.0,3,10.0
2026-08-20 06:00:00,대전,5,나우캐스트,85.64591217041016,100.0,5,14.354087829589844
2026-08-20 06:00:00,대전,5,ECMWF,100.0,100.0,9,0.0
2026-08-20 06:00:00,대전,5,GFS,100.0,100.0,3,0.0
2026-08-20 06:00:00,대구,5,나우캐스트,72.44059753417969,90.0,5,17.559402465820312
2026-08-20 06:00:00,대구,5,ECMWF,100.0,90.0,9,10.0
2026-08-20 06:00:00,대구,5,GFS,88.0,90.0,3,2.0
2026-08-20 06:00:00,광주,5,나우캐스트,61.527587890625,70.0,5,8.472412109375
2026-08-20 06:00:00,광주,5,ECMWF,100.0,70.0,9,30.0
2026-08-20 06:00:00,광주,5,GFS,96.0,70.0,3,26.0
2026-08-20 06:00:00,부산,5,나우캐스트,45.35468673706055,50.0,5,4.645313262939453
2026-08-20 06:00:00,부산,5,ECMWF,91.0,50.0,9,41.0
2026-08-20 06:00:00,부산,5,GFS,100.0,50.0,3,50.0
2026-08-20 06:00:00,인천,5,나우캐스트,90.45413970947266,100.0,5,9.545860290527344
2026-08-20 06:00:00,인천,5,ECMWF,100.0,100.0,9,0.0
2026-08-20 06:00:00,인천,5,GFS,100.0,100.0,3,0.0
2026-08-20 06:00:00,수원,5,나우캐스트,90.44081115722656,80.0,5,10.440811157226562
2026-08-20 06:00:00,수원,5,ECMWF,100.0,80.0,9,20.0
2026-08-20 06:00:00,수원,5,GFS,100.0,80.0,3,20.0
2026-08-20 06:00:00,전주,5,나우캐스트,78.8681869506836,80.0,5,1.1318130493164062
2026-08-20 06:00:00,전주,5,ECMWF,96.0,80.0,9,16.0
2026-08-20 06:00:00,전주,5,GFS,100.0,80.0,3,20.0
2026-08-20 06:00:00,강릉,5,나우캐스트,81.90520477294922,80.0,5,1.9052047729492188
2026-08-20 06:00:00,강릉,5,ECMWF,98.0,80.0,9,18.0
2026-08-20 06:00:00,강릉,5,GFS,100.0,80.0,3,20.0
2026-08-20 06:00:00,제주,5,나우캐스트,60.79663848876953,40.0,5,20.79663848876953
2026-08-20 06:00:00,제주,5,ECMWF,51.0,40.0,9,11.0
2026-08-20 06:00:00,제주,5,GFS,92.0,40.0,3,52.0
2026-08-20 03:00:00,서울,1,나우캐스트,83.55973815917969,100.0,1,16.440261840820312
2026-08-20 03:00:00,서울,1,ECMWF,100.0,100.0,6,0.0
2026-08-20 03:00:00,서울,1,GFS,100.0,100.0,0,0.0
2026-08-20 03:00:00,대전,1,나우캐스트,76.99978637695312,80.0,1,3.000213623046875
2026-08-20 03:00:00,대전,1,ECMWF,100.0,80.0,6,20.0
2026-08-20 03:00:00,대전,1,GFS,100.0,80.0,0,20.0
2026-08-20 03:00:00,대구,1,나우캐스트,84.04598999023438,70.0,1,14.045989990234377
2026-08-20 03:00:00,대구,1,ECMWF,95.0,70.0,6,25.0
2026-08-20 03:00:00,대구,1,GFS,100.0,70.0,0,30.0
2026-08-20 03:00:00,광주,1,나우캐스트,53.39051818847656,70.0,1,16.609481811523438
2026-08-20 03:00:00,광주,1,ECMWF,95.0,70.0,6,25.0
2026-08-20 03:00:00,광주,1,GFS,100.0,70.0,0,30.0
2026-08-20 03:00:00,부산,1,나우캐스트,1.7024099826812744,10.0,1,8.297590017318726
2026-08-20 03:00:00,부산,1,ECMWF,93.0,10.0,6,83.0
2026-08-20 03:00:00,부산,1,GFS,98.0,10.0,0,88.0
2026-08-20 03:00:00,인천,1,나우캐스트,78.12840270996094,100.0,1,21.871597290039062
2026-08-20 03:00:00,인천,1,ECMWF,100.0,100.0,6,0.0
2026-08-20 03:00:00,인천,1,GFS,97.0,100.0,0,3.0
2026-08-20 03:00:00,수원,1,나우캐스트,85.8613510131836,90.0,1,4.138648986816406
2026-08-20 03:00:00,수원,1,ECMWF,100.0,90.0,6,10.0
2026-08-20 03:00:00,수원,1,GFS,99.0,90.0,0,9.0
2026-08-20 03:00:00,전주,1,나우캐스트,70.09391021728516,80.0,1,9.906089782714844
2026-08-20 03:00:00,전주,1,ECMWF,92.0,80.0,6,12.0
2026-08-20 03:00:00,전주,1,GFS,100.0,80.0,0,20.0
2026-08-20 03:00:00,강릉,1,나우캐스트,74.11163330078125,80.0,1,5.88836669921875
2026-08-20 03:00:00,강릉,1,ECMWF,51.0,80.0,6,29.0
2026-08-20 03:00:00,강릉,1,GFS,100.0,80.0,0,20.0
2026-08-20 03:00:00,제주,1,나우캐스트,10.879962921142578,0.0,1,10.879962921142578
2026-08-20 03:00:00,제주,1,ECMWF,31.0,0.0,6,31.0
2026-08-20 03:00:00,제주,1,GFS,50.0,0.0,0,50.0
2026-08-20 06:00:00,서울,4,나우캐스트,88.16790008544922,90.0,4,1.8320999145507808
2026-08-20 06:00:00,서울,4,ECMWF,100.0,90.0,9,10.0
2026-08-20 06:00:00,서울,4,GFS,100.0,90.0,3,10.0
2026-08-20 06:00:00,대전,4,나우캐스트,78.76898193359375,100.0,4,21.23101806640625
2026-08-20 06:00:00,대전,4,ECMWF,100.0,100.0,9,0.0
2026-08-20 06:00:00,대전,4,GFS,100.0,100.0,3,0.0
2026-08-20 06:00:00,대구,4,나우캐스트,61.22916412353516,90.0,4,28.770835876464844
2026-08-20 06:00:00,대구,4,ECMWF,100.0,90.0,9,10.0
2026-08-20 06:00:00,대구,4,GFS,88.0,90.0,3,2.0
2026-08-20 06:00:00,광주,4,나우캐스트,39.29872131347656,70.0,4,30.70127868652344
2026-08-20 06:00:00,광주,4,ECMWF,100.0,70.0,9,30.0
2026-08-20 06:00:00,광주,4,GFS,96.0,70.0,3,26.0
2026-08-20 06:00:00,부산,4,나우캐스트,34.16741943359375,50.0,4,15.83258056640625
2026-08-20 06:00:00,부산,4,ECMWF,91.0,50.0,9,41.0
2026-08-20 06:00:00,부산,4,GFS,100.0,50.0,3,50.0
2026-08-20 06:00:00,인천,4,나우캐스트,89.08126068115234,100.0,4,10.918739318847656
2026-08-20 06:00:00,인천,4,ECMWF,100.0,100.0,9,0.0
2026-08-20 06:00:00,인천,4,GFS,100.0,100.0,3,0.0
2026-08-20 06:00:00,수원,4,나우캐스트,89.14669036865234,80.0,4,9.146690368652344
2026-08-20 06:00:00,수원,4,ECMWF,100.0,80.0,9,20.0
2026-08-20 06:00:00,수원,4,GFS,100.0,80.0,3,20.0
2026-08-20 06:00:00,전주,4,나우캐스트,66.7673568725586,80.0,4,13.232643127441406
2026-08-20 06:00:00,전주,4,ECMWF,96.0,80.0,9,16.0
2026-08-20 06:00:00,전주,4,GFS,100.0,80.0,3,20.0
2026-08-20 06:00:00,강릉,4,나우캐스트,83.85505676269531,80.0,4,3.855056762695313
2026-08-20 06:00:00,강릉,4,ECMWF,98.0,80.0,9,18.0
2026-08-20 06:00:00,강릉,4,GFS,100.0,80.0,3,20.0
2026-08-20 06:00:00,제주,4,나우캐스트,51.88607406616211,40.0,4,11.88607406616211
2026-08-20 06:00:00,제주,4,ECMWF,51.0,40.0,9,11.0
2026-08-20 06:00:00,제주,4,GFS,92.0,40.0,3,52.0
2026-08-20 06:00:00,서울,3,나우캐스트,92.14363861083984,90.0,3,2.143638610839844
2026-08-20 06:00:00,서울,3,ECMWF,100.0,90.0,9,10.0
2026-08-20 06:00:00,서울,3,GFS,100.0,90.0,3,10.0
2026-08-20 06:00:00,대전,3,나우캐스트,89.65943908691406,100.0,3,10.340560913085938
2026-08-20 06:00:00,대전,3,ECMWF,100.0,100.0,9,0.0
2026-08-20 06:00:00,대전,3,GFS,100.0,100.0,3,0.0
2026-08-20 06:00:00,대구,3,나우캐스트,63.98101806640625,90.0,3,26.01898193359375
2026-08-20 06:00:00,대구,3,ECMWF,100.0,90.0,9,10.0
2026-08-20 06:00:00,대구,3,GFS,88.0,90.0,3,2.0
2026-08-20 06:00:00,광주,3,나우캐스트,44.88085174560547,70.0,3,25.11914825439453
2026-08-20 06:00:00,광주,3,ECMWF,100.0,70.0,9,30.0
2026-08-20 06:00:00,광주,3,GFS,96.0,70.0,3,26.0
2026-08-20 06:00:00,부산,3,나우캐스트,16.83885955810547,50.0,3,33.16114044189453
2026-08-20 06:00:00,부산,3,ECMWF,91.0,50.0,9,41.0
2026-08-20 06:00:00,부산,3,GFS,100.0,50.0,3,50.0
2026-08-20 06:00:00,인천,3,나우캐스트,91.88997650146484,100.0,3,8.110023498535156
2026-08-20 06:00:00,인천,3,ECMWF,100.0,100.0,9,0.0
2026-08-20 06:00:00,인천,3,GFS,100.0,100.0,3,0.0
2026-08-20 06:00:00,수원,3,나우캐스트,90.88552856445312,80.0,3,10.885528564453123
2026-08-20 06:00:00,수원,3,ECMWF,100.0,80.0,9,20.0
2026-08-20 06:00:00,수원,3,GFS,100.0,80.0,3,20.0
2026-08-20 06:00:00,전주,3,나우캐스트,73.04853057861328,80.0,3,6.951469421386719
2026-08-20 06:00:00,전주,3,ECMWF,96.0,80.0,9,16.0
2026-08-20 06:00:00,전주,3,GFS,100.0,80.0,3,20.0
2026-08-20 06:00:00,강릉,3,나우캐스트,82.09275817871094,80.0,3,2.092758178710937
2026-08-20 06:00:00,강릉,3,ECMWF,98.0,80.0,9,18.0
2026-08-20 06:00:00,강릉,3,GFS,100.0,80.0,3,20.0
2026-08-20 06:00:00,제주,3,나우캐스트,33.98490905761719,40.0,3,6.0150909423828125
2026-08-20 06:00:00,제주,3,ECMWF,51.0,40.0,9,11.0
2026-08-20 06:00:00,제주,3,GFS,92.0,40.0,3,52.0
2026-08-20 09:00:00,서울,6,나우캐스트,92.9476318359375,90.0,6,2.9476318359375
2026-08-20 09:00:00,서울,6,ECMWF,96.0,90.0,0,6.0
2026-08-20 09:00:00,서울,6,GFS,100.0,90.0,0,10.0
2026-08-20 09:00:00,대전,6,나우캐스트,83.8058853149414,100.0,6,16.194114685058594
2026-08-20 09:00:00,대전,6,ECMWF,100.0,100.0,0,0.0
2026-08-20 09:00:00,대전,6,GFS,100.0,100.0,0,0.0
2026-08-20 09:00:00,대구,6,나우캐스트,58.07485961914063,80.0,6,21.92514038085937
2026-08-20 09:00:00,대구,6,ECMWF,98.0,80.0,0,18.0
2026-08-20 09:00:00,대구,6,GFS,96.0,80.0,0,16.0
2026-08-20 09:00:00,광주,6,나우캐스트,40.486846923828125,70.0,6,29.513153076171875
2026-08-20 09:00:00,광주,6,ECMWF,99.0,70.0,0,29.0
2026-08-20 09:00:00,광주,6,GFS,100.0,70.0,0,30.0
2026-08-20 09:00:00,부산,6,나우캐스트,13.537004470825195,60.0,6,46.462995529174805
2026-08-20 09:00:00,부산,6,ECMWF,98.0,60.0,0,38.0
2026-08-20 09:00:00,부산,6,GFS,49.0,60.0,0,11.0
2026-08-20 09:00:00,인천,6,나우캐스트,92.60638427734376,100.0,6,7.39361572265625
2026-08-20 09:00:00,인천,6,ECMWF,95.0,100.0,0,5.0
2026-08-20 09:00:00,인천,6,GFS,100.0,100.0,0,0.0
2026-08-20 09:00:00,수원,6,나우캐스트,92.96043395996094,90.0,6,2.960433959960937
2026-08-20 09:00:00,수원,6,ECMWF,99.0,90.0,0,9.0
2026-08-20 09:00:00,수원,6,GFS,100.0,90.0,0,10.0
2026-08-20 09:00:00,전주,6,나우캐스트,69.43024444580078,90.0,6,20.56975555419922
2026-08-20 09:00:00,전주,6,ECMWF,98.0,90.0,0,8.0
2026-08-20 09:00:00,전주,6,GFS,100.0,90.0,0,10.0
2026-08-20 09:00:00,강릉,6,나우캐스트,86.77116394042969,90.0,6,3.2288360595703125
2026-08-20 09:00:00,강릉,6,ECMWF,100.0,90.0,0,10.0
2026-08-20 09:00:00,강릉,6,GFS,100.0,90.0,0,10.0
2026-08-20 09:00:00,제주,6,나우캐스트,43.82963180541992,10.0,6,33.82963180541992
2026-08-20 09:00:00,제주,6,ECMWF,34.0,10.0,0,24.0
2026-08-20 09:00:00,제주,6,GFS,26.0,10.0,0,16.0
2026-08-20 06:00:00,서울,2,나우캐스트,94.38539123535156,90.0,2,4.3853912353515625
2026-08-20 06:00:00,서울,2,ECMWF,100.0,90.0,9,10.0
2026-08-20 06:00:00,서울,2,GFS,100.0,90.0,3,10.0
2026-08-20 06:00:00,대전,2,나우캐스트,92.25210571289062,100.0,2,7.747894287109375
2026-08-20 06:00:00,대전,2,ECMWF,100.0,100.0,9,0.0
2026-08-20 06:00:00,대전,2,GFS,100.0,100.0,3,0.0
2026-08-20 06:00:00,대구,2,나우캐스트,84.29768371582031,90.0,2,5.702316284179688
2026-08-20 06:00:00,대구,2,ECMWF,100.0,90.0,9,10.0
2026-08-20 06:00:00,대구,2,GFS,88.0,90.0,3,2.0
2026-08-20 06:00:00,광주,2,나우캐스트,71.67369842529297,70.0,2,1.6736984252929688
2026-08-20 06:00:00,광주,2,ECMWF,100.0,70.0,9,30.0
2026-08-20 06:00:00,광주,2,GFS,96.0,70.0,3,26.0
2026-08-20 06:00:00,부산,2,나우캐스트,40.703651428222656,50.0,2,9.296348571777344
2026-08-20 06:00:00,부산,2,ECMWF,91.0,50.0,9,41.0
2026-08-20 06:00:00,부산,2,GFS,100.0,50.0,3,50.0
2026-08-20 06:00:00,인천,2,나우캐스트,94.4366226196289,100.0,2,5.563377380371094
2026-08-20 06:00:00,인천,2,ECMWF,100.0,100.0,9,0.0
2026-08-20 06:00:00,인천,2,GFS,100.0,100.0,3,0.0
2026-08-20 06:00:00,수원,2,나우캐스트,94.62881469726562,80.0,2,14.628814697265623
2026-08-20 06:00:00,수원,2,ECMWF,100.0,80.0,9,20.0
2026-08-20 06:00:00,수원,2,GFS,100.0,80.0,3,20.0
2026-08-20 06:00:00,전주,2,나우캐스트,84.6598892211914,80.0,2,4.659889221191406
2026-08-20 06:00:00,전주,2,ECMWF,96.0,80.0,9,16.0
2026-08-20 06:00:00,전주,2,GFS,100.0,80.0,3,20.0
2026-08-20 06:00:00,강릉,2,나우캐스트,83.32173156738281,80.0,2,3.3217315673828125
2026-08-20 06:00:00,강릉,2,ECMWF,98.0,80.0,9,18.0
2026-08-20 06:00:00,강릉,2,GFS,100.0,80.0,3,20.0
2026-08-20 06:00:00,제주,2,나우캐스트,33.512428283691406,40.0,2,6.487571716308594
2026-08-20 06:00:00,제주,2,ECMWF,51.0,40.0,9,11.0
2026-08-20 06:00:00,제주,2,GFS,92.0,40.0,3,52.0
2026-08-20 09:00:00,서울,5,나우캐스트,93.072265625,90.0,5,3.072265625
2026-08-20 09:00:00,서울,5,ECMWF,96.0,90.0,0,6.0
2026-08-20 09:00:00,서울,5,GFS,100.0,90.0,0,10.0
2026-08-20 09:00:00,대전,5,나우캐스트,89.00005340576172,100.0,5,10.99994659423828
2026-08-20 09:00:00,대전,5,ECMWF,100.0,100.0,0,0.0
2026-08-20 09:00:00,대전,5,GFS,100.0,100.0,0,0.0
2026-08-20 09:00:00,대구,5,나우캐스트,80.11106872558594,80.0,5,0.1110687255859375
2026-08-20 09:00:00,대구,5,ECMWF,98.0,80.0,0,18.0
2026-08-20 09:00:00,대구,5,GFS,96.0,80.0,0,16.0
2026-08-20 09:00:00,광주,5,나우캐스트,61.913970947265625,70.0,5,8.086029052734375
2026-08-20 09:00:00,광주,5,ECMWF,99.0,70.0,0,29.0
2026-08-20 09:00:00,광주,5,GFS,100.0,70.0,0,30.0
2026-08-20 09:00:00,부산,5,나우캐스트,26.548999786376957,60.0,5,33.45100021362305
2026-08-20 09:00:00,부산,5,ECMWF,98.0,60.0,0,38.0
2026-08-20 09:00:00,부산,5,GFS,49.0,60.0,0,11.0
2026-08-20 09:00:00,인천,5,나우캐스트,93.5032958984375,100.0,5,6.4967041015625
2026-08-20 09:00:00,인천,5,ECMWF,95.0,100.0,0,5.0
2026-08-20 09:00:00,인천,5,GFS,100.0,100.0,0,0.0
2026-08-20 09:00:00,수원,5,나우캐스트,93.0765380859375,90.0,5,3.0765380859375
2026-08-20 09:00:00,수원,5,ECMWF,99.0,90.0,0,9.0
2026-08-20 09:00:00,수원,5,GFS,100.0,90.0,0,10.0
2026-08-20 09:00:00,전주,5,나우캐스트,79.56427001953125,90.0,5,10.43572998046875
2026-08-20 09:00:00,전주,5,ECMWF,98.0,90.0,0,8.0
2026-08-20 09:00:00,전주,5,GFS,100.0,90.0,0,10.0
2026-08-20 09:00:00,강릉,5,나우캐스트,90.61146545410156,90.0,5,0.6114654541015625
2026-08-20 09:00:00,강릉,5,ECMWF,100.0,90.0,0,10.0
2026-08-20 09:00:00,강릉,5,GFS,100.0,90.0,0,10.0
2026-08-20 09:00:00,제주,5,나우캐스트,37.99745559692383,10.0,5,27.997455596923828
2026-08-20 09:00:00,제주,5,ECMWF,34.0,10.0,0,24.0
2026-08-20 09:00:00,제주,5,GFS,26.0,10.0,0,16.0
2026-08-20 06:00:00,서울,1,나우캐스트,92.22601318359376,90.0,1,2.22601318359375
2026-08-20 06:00:00,서울,1,ECMWF,100.0,90.0,9,10.0
2026-08-20 06:00:00,서울,1,GFS,100.0,90.0,3,10.0
2026-08-20 06:00:00,대전,1,나우캐스트,94.2583465576172,100.0,1,5.7416534423828125
2026-08-20 06:00:00,대전,1,ECMWF,100.0,100.0,9,0.0
2026-08-20 06:00:00,대전,1,GFS,100.0,100.0,3,0.0
2026-08-20 06:00:00,대구,1,나우캐스트,85.05237579345703,90.0,1,4.947624206542969
2026-08-20 06:00:00,대구,1,ECMWF,100.0,90.0,9,10.0
2026-08-20 06:00:00,대구,1,GFS,88.0,90.0,3,2.0
2026-08-20 06:00:00,광주,1,나우캐스트,65.81723022460938,70.0,1,4.182769775390625
2026-08-20 06:00:00,광주,1,ECMWF,100.0,70.0,9,30.0
2026-08-20 06:00:00,광주,1,GFS,96.0,70.0,3,26.0
2026-08-20 06:00:00,부산,1,나우캐스트,16.90069580078125,50.0,1,33.09930419921875
2026-08-20 06:00:00,부산,1,ECMWF,91.0,50.0,9,41.0
2026-08-20 06:00:00,부산,1,GFS,100.0,50.0,3,50.0
2026-08-20 06:00:00,인천,1,나우캐스트,93.5484619140625,100.0,1,6.4515380859375
2026-08-20 06:00:00,인천,1,ECMWF,100.0,100.0,9,0.0
2026-08-20 06:00:00,인천,1,GFS,100.0,100.0,3,0.0
2026-08-20 06:00:00,수원,1,나우캐스트,92.08273315429688,80.0,1,12.082733154296877
2026-08-20 06:00:00,수원,1,ECMWF,100.0,80.0,9,20.0
2026-08-20 06:00:00,수원,1,GFS,100.0,80.0,3,20.0
2026-08-20 06:00:00,전주,1,나우캐스트,83.9969253540039,80.0,1,3.996925354003906
2026-08-20 06:00:00,전주,1,ECMWF,96.0,80.0,9,16.0
2026-08-20 06:00:00,전주,1,GFS,100.0,80.0,3,20.0
2026-08-20 06:00:00,강릉,1,나우캐스트,64.79412841796875,80.0,1,15.20587158203125
2026-08-20 06:00:00,강릉,1,ECMWF,98.0,80.0,9,18.0
2026-08-20 06:00:00,강릉,1,GFS,100.0,80.0,3,20.0
2026-08-20 06:00:00,제주,1,나우캐스트,67.19252014160156,40.0,1,27.19252014160156
2026-08-20 06:00:00,제주,1,ECMWF,51.0,40.0,9,11.0
2026-08-20 06:00:00,제주,1,GFS,92.0,40.0,3,52.0
2026-08-20 09:00:00,서울,4,나우캐스트,92.69842529296876,90.0,4,2.69842529296875
2026-08-20 09:00:00,서울,4,ECMWF,96.0,90.0,0,6.0
2026-08-20 09:00:00,서울,4,GFS,100.0,90.0,0,10.0
2026-08-20 09:00:00,대전,4,나우캐스트,91.226806640625,100.0,4,8.773193359375
2026-08-20 09:00:00,대전,4,ECMWF,100.0,100.0,0,0.0
2026-08-20 09:00:00,대전,4,GFS,100.0,100.0,0,0.0
2026-08-20 09:00:00,대구,4,나우캐스트,85.0054702758789,80.0,4,5.005470275878906
2026-08-20 09:00:00,대구,4,ECMWF,98.0,80.0,0,18.0
2026-08-20 09:00:00,대구,4,GFS,96.0,80.0,0,16.0
2026-08-20 09:00:00,광주,4,나우캐스트,72.25392150878906,70.0,4,2.2539215087890625
2026-08-20 09:00:00,광주,4,ECMWF,99.0,70.0,0,29.0
2026-08-20 09:00:00,광주,4,GFS,100.0,70.0,0,30.0
2026-08-20 09:00:00,부산,4,나우캐스트,54.73974609375,60.0,4,5.26025390625
2026-08-20 09:00:00,부산,4,ECMWF,98.0,60.0,0,38.0
2026-08-20 09:00:00,부산,4,GFS,49.0,60.0,0,11.0
2026-08-20 09:00:00,인천,4,나우캐스트,92.65963745117188,100.0,4,7.340362548828125
2026-08-20 09:00:00,인천,4,ECMWF,95.0,100.0,0,5.0
2026-08-20 09:00:00,인천,4,GFS,100.0,100.0,0,0.0
2026-08-20 09:00:00,수원,4,나우캐스트,92.59232330322266,90.0,4,2.592323303222656
2026-08-20 09:00:00,수원,4,ECMWF,99.0,90.0,0,9.0
2026-08-20 09:00:00,수원,4,GFS,100.0,90.0,0,10.0
2026-08-20 09:00:00,전주,4,나우캐스트,85.7967300415039,90.0,4,4.203269958496094
2026-08-20 09:00:00,전주,4,ECMWF,98.0,90.0,0,8.0
2026-08-20 09:00:00,전주,4,GFS,100.0,90.0,0,10.0
2026-08-20 09:00:00,강릉,4,나우캐스트,88.96819305419922,90.0,4,1.0318069458007812
2026-08-20 09:00:00,강릉,4,ECMWF,100.0,90.0,0,10.0
2026-08-20 09:00:00,강릉,4,GFS,100.0,90.0,0,10.0
2026-08-20 09:00:00,제주,4,나우캐스트,65.7286605834961,10.0,4,55.728660583496094
2026-08-20 09:00:00,제주,4,ECMWF,34.0,10.0,0,24.0
2026-08-20 09:00:00,제주,4,GFS,26.0,10.0,0,16.0
2026-08-20 09:00:00,서울,3,나우캐스트,92.95211791992188,90.0,3,2.952117919921875
2026-08-20 09:00:00,서울,3,ECMWF,96.0,90.0,0,6.0
2026-08-20 09:00:00,서울,3,GFS,100.0,90.0,0,10.0
2026-08-20 09:00:00,대전,3,나우캐스트,90.6860809326172,100.0,3,9.313919067382812
2026-08-20 09:00:00,대전,3,ECMWF,100.0,100.0,0,0.0
2026-08-20 09:00:00,대전,3,GFS,100.0,100.0,0,0.0
2026-08-20 09:00:00,대구,3,나우캐스트,62.73027801513672,80.0,3,17.26972198486328
2026-08-20 09:00:00,대구,3,ECMWF,98.0,80.0,0,18.0
2026-08-20 09:00:00,대구,3,GFS,96.0,80.0,0,16.0
2026-08-20 09:00:00,광주,3,나우캐스트,48.18033599853516,70.0,3,21.819664001464844
2026-08-20 09:00:00,광주,3,ECMWF,99.0,70.0,0,29.0
2026-08-20 09:00:00,광주,3,GFS,100.0,70.0,0,30.0
2026-08-20 09:00:00,부산,3,나우캐스트,47.30084991455078,60.0,3,12.69915008544922
2026-08-20 09:00:00,부산,3,ECMWF,98.0,60.0,0,38.0
2026-08-20 09:00:00,부산,3,GFS,49.0,60.0,0,11.0
2026-08-20 09:00:00,인천,3,나우캐스트,92.41988372802734,100.0,3,7.580116271972656
2026-08-20 09:00:00,인천,3,ECMWF,95.0,100.0,0,5.0
2026-08-20 09:00:00,인천,3,GFS,100.0,100.0,0,0.0
2026-08-20 09:00:00,수원,3,나우캐스트,92.7050323486328,90.0,3,2.7050323486328125
2026-08-20 09:00:00,수원,3,ECMWF,99.0,90.0,0,9.0
2026-08-20 09:00:00,수원,3,GFS,100.0,90.0,0,10.0
2026-08-20 09:00:00,전주,3,나우캐스트,70.14299011230469,90.0,3,19.857009887695312
2026-08-20 09:00:00,전주,3,ECMWF,98.0,90.0,0,8.0
2026-08-20 09:00:00,전주,3,GFS,100.0,90.0,0,10.0
2026-08-20 09:00:00,강릉,3,나우캐스트,90.7609405517578,90.0,3,0.7609405517578125
2026-08-20 09:00:00,강릉,3,ECMWF,100.0,90.0,0,10.0
2026-08-20 09:00:00,강릉,3,GFS,100.0,90.0,0,10.0
2026-08-20 09:00:00,제주,3,나우캐스트,39.52475357055664,10.0,3,29.52475357055664
2026-08-20 09:00:00,제주,3,ECMWF,34.0,10.0,0,24.0
2026-08-20 09:00:00,제주,3,GFS,26.0,10.0,0,16.0
2026-08-20 12:00:00,서울,6,나우캐스트,92.6755828857422,100.0,6,7.324417114257812
2026-08-20 12:00:00,서울,6,ECMWF,100.0,100.0,3,0.0
2026-08-20 12:00:00,서울,6,GFS,100.0,100.0,3,0.0
2026-08-20 12:00:00,대전,6,나우캐스트,87.87559509277344,100.0,6,12.124404907226562
2026-08-20 12:00:00,대전,6,ECMWF,100.0,100.0,3,0.0
2026-08-20 12:00:00,대전,6,GFS,100.0,100.0,3,0.0
2026-08-20 12:00:00,대구,6,나우캐스트,73.11090087890625,80.0,6,6.88909912109375
2026-08-20 12:00:00,대구,6,ECMWF,100.0,80.0,3,20.0
2026-08-20 12:00:00,대구,6,GFS,100.0,80.0,3,20.0
2026-08-20 12:00:00,광주,6,나우캐스트,64.38615417480469,80.0,6,15.613845825195312
2026-08-20 12:00:00,광주,6,ECMWF,63.0,80.0,3,17.0
2026-08-20 12:00:00,광주,6,GFS,100.0,80.0,3,20.0
2026-08-20 12:00:00,부산,6,나우캐스트,60.2695198059082,60.0,6,0.2695198059082031
2026-08-20 12:00:00,부산,6,ECMWF,98.0,60.0,3,38.0
2026-08-20 12:00:00,부산,6,GFS,100.0,60.0,3,40.0
2026-08-20 12:00:00,인천,6,나우캐스트,92.17984008789062,100.0,6,7.820159912109375
2026-08-20 12:00:00,인천,6,ECMWF,100.0,100.0,3,0.0
2026-08-20 12:00:00,인천,6,GFS,100.0,100.0,3,0.0
2026-08-20 12:00:00,수원,6,나우캐스트,92.70055389404295,100.0,6,7.299446105957031
2026-08-20 12:00:00,수원,6,ECMWF,100.0,100.0,3,0.0
2026-08-20 12:00:00,수원,6,GFS,98.0,100.0,3,2.0
2026-08-20 12:00:00,전주,6,나우캐스트,75.9490966796875,80.0,6,4.0509033203125
2026-08-20 12:00:00,전주,6,ECMWF,99.0,80.0,3,19.0
2026-08-20 12:00:00,전주,6,GFS,100.0,80.0,3,20.0
2026-08-20 12:00:00,강릉,6,나우캐스트,92.64411926269533,80.0,6,12.644119262695312
2026-08-20 12:00:00,강릉,6,ECMWF,46.0,80.0,3,34.0
2026-08-20 12:00:00,강릉,6,GFS,74.0,80.0,3,6.0
2026-08-20 12:00:00,제주,6,나우캐스트,29.00038146972656,60.0,6,30.99961853027344
2026-08-20 12:00:00,제주,6,ECMWF,23.0,60.0,3,37.0
2026-08-20 12:00:00,제주,6,GFS,95.0,60.0,3,35.0
2026-08-20 09:00:00,서울,1,나우캐스트,90.352783203125,90.0,1,0.352783203125
2026-08-20 09:00:00,서울,1,ECMWF,96.0,90.0,0,6.0
2026-08-20 09:00:00,서울,1,GFS,100.0,90.0,0,10.0
2026-08-20 09:00:00,대전,1,나우캐스트,90.80451965332033,100.0,1,9.195480346679688
2026-08-20 09:00:00,대전,1,ECMWF,100.0,100.0,0,0.0
2026-08-20 09:00:00,대전,1,GFS,100.0,100.0,0,0.0
2026-08-20 09:00:00,대구,1,나우캐스트,58.80971145629883,80.0,1,21.19028854370117
2026-08-20 09:00:00,대구,1,ECMWF,98.0,80.0,0,18.0
2026-08-20 09:00:00,대구,1,GFS,96.0,80.0,0,16.0
2026-08-20 09:00:00,광주,1,나우캐스트,50.81953811645508,70.0,1,19.18046188354492
2026-08-20 09:00:00,광주,1,ECMWF,99.0,70.0,0,29.0
2026-08-20 09:00:00,광주,1,GFS,100.0,70.0,0,30.0
2026-08-20 09:00:00,부산,1,나우캐스트,15.794160842895508,60.0,1,44.20583915710449
2026-08-20 09:00:00,부산,1,ECMWF,98.0,60.0,0,38.0
2026-08-20 09:00:00,부산,1,GFS,49.0,60.0,0,11.0
2026-08-20 09:00:00,인천,1,나우캐스트,90.06562805175781,100.0,1,9.934371948242188
2026-08-20 09:00:00,인천,1,ECMWF,95.0,100.0,0,5.0
2026-08-20 09:00:00,인천,1,GFS,100.0,100.0,0,0.0
2026-08-20 09:00:00,수원,1,나우캐스트,92.96183013916016,90.0,1,2.961830139160156
2026-08-20 09:00:00,수원,1,ECMWF,99.0,90.0,0,9.0
2026-08-20 09:00:00,수원,1,GFS,100.0,90.0,0,10.0
2026-08-20 09:00:00,전주,1,나우캐스트,83.34942626953125,90.0,1,6.65057373046875
2026-08-20 09:00:00,전주,1,ECMWF,98.0,90.0,0,8.0
2026-08-20 09:00:00,전주,1,GFS,100.0,90.0,0,10.0
2026-08-20 09:00:00,강릉,1,나우캐스트,89.16477966308594,90.0,1,0.8352203369140625
2026-08-20 09:00:00,강릉,1,ECMWF,100.0,90.0,0,10.0
2026-08-20 09:00:00,강릉,1,GFS,100.0,90.0,0,10.0
2026-08-20 09:00:00,제주,1,나우캐스트,76.07791900634766,10.0,1,66.07791900634766
2026-08-20 09:00:00,제주,1,ECMWF,34.0,10.0,0,24.0
2026-08-20 09:00:00,제주,1,GFS,26.0,10.0,0,16.0
2026-08-20 12:00:00,서울,4,나우캐스트,92.14974975585938,100.0,4,7.850250244140625
2026-08-20 12:00:00,서울,4,ECMWF,100.0,100.0,3,0.0
2026-08-20 12:00:00,서울,4,GFS,100.0,100.0,3,0.0
2026-08-20 12:00:00,대전,4,나우캐스트,84.93799591064453,100.0,4,15.062004089355469
2026-08-20 12:00:00,대전,4,ECMWF,100.0,100.0,3,0.0
2026-08-20 12:00:00,대전,4,GFS,100.0,100.0,3,0.0
2026-08-20 12:00:00,대구,4,나우캐스트,70.02110290527344,80.0,4,9.978897094726562
2026-08-20 12:00:00,대구,4,ECMWF,100.0,80.0,3,20.0
2026-08-20 12:00:00,대구,4,GFS,100.0,80.0,3,20.0
2026-08-20 12:00:00,광주,4,나우캐스트,57.54606628417969,80.0,4,22.453933715820312
2026-08-20 12:00:00,광주,4,ECMWF,63.0,80.0,3,17.0
2026-08-20 12:00:00,광주,4,GFS,100.0,80.0,3,20.0
2026-08-20 12:00:00,부산,4,나우캐스트,47.18017578125,60.0,4,12.81982421875
2026-08-20 12:00:00,부산,4,ECMWF,98.0,60.0,3,38.0
2026-08-20 12:00:00,부산,4,GFS,100.0,60.0,3,40.0
2026-08-20 12:00:00,인천,4,나우캐스트,93.33753967285156,100.0,4,6.6624603271484375
2026-08-20 12:00:00,인천,4,ECMWF,100.0,100.0,3,0.0
2026-08-20 12:00:00,인천,4,GFS,100.0,100.0,3,0.0
2026-08-20 12:00:00,수원,4,나우캐스트,93.50837707519533,100.0,4,6.491622924804688
2026-08-20 12:00:00,수원,4,ECMWF,100.0,100.0,3,0.0
2026-08-20 12:00:00,수원,4,GFS,98.0,100.0,3,2.0
2026-08-20 12:00:00,전주,4,나우캐스트,73.89157104492188,80.0,4,6.108428955078125
2026-08-20 12:00:00,전주,4,ECMWF,99.0,80.0,3,19.0
2026-08-20 12:00:00,전주,4,GFS,100.0,80.0,3,20.0
2026-08-20 12:00:00,강릉,4,나우캐스트,90.9773178100586,80.0,4,10.977317810058594
2026-08-20 12:00:00,강릉,4,ECMWF,46.0,80.0,3,34.0
2026-08-20 12:00:00,강릉,4,GFS,74.0,80.0,3,6.0
2026-08-20 12:00:00,제주,4,나우캐스트,26.758224487304688,60.0,4,33.24177551269531
2026-08-20 12:00:00,제주,4,ECMWF,23.0,60.0,3,37.0
2026-08-20 12:00:00,제주,4,GFS,95.0,60.0,3,35.0
2026-08-20 12:00:00,서울,3,나우캐스트,94.01258850097656,100.0,3,5.9874114990234375
2026-08-20 12:00:00,서울,3,ECMWF,100.0,100.0,3,0.0
2026-08-20 12:00:00,서울,3,GFS,100.0,100.0,3,0.0
2026-08-20 12:00:00,대전,3,나우캐스트,83.60645294189453,100.0,3,16.39354705810547
2026-08-20 12:00:00,대전,3,ECMWF,100.0,100.0,3,0.0
2026-08-20 12:00:00,대전,3,GFS,100.0,100.0,3,0.0
2026-08-20 12:00:00,대구,3,나우캐스트,56.81917953491211,80.0,3,23.18082046508789
2026-08-20 12:00:00,대구,3,ECMWF,100.0,80.0,3,20.0
2026-08-20 12:00:00,대구,3,GFS,100.0,80.0,3,20.0
2026-08-20 12:00:00,광주,3,나우캐스트,48.07452392578125,80.0,3,31.92547607421875
2026-08-20 12:00:00,광주,3,ECMWF,63.0,80.0,3,17.0
2026-08-20 12:00:00,광주,3,GFS,100.0,80.0,3,20.0
2026-08-20 12:00:00,부산,3,나우캐스트,23.142528533935547,60.0,3,36.85747146606445
2026-08-20 12:00:00,부산,3,ECMWF,98.0,60.0,3,38.0
2026-08-20 12:00:00,부산,3,GFS,100.0,60.0,3,40.0
2026-08-20 12:00:00,인천,3,나우캐스트,93.48583984375,100.0,3,6.51416015625
2026-08-20 12:00:00,인천,3,ECMWF,100.0,100.0,3,0.0
2026-08-20 12:00:00,인천,3,GFS,100.0,100.0,3,0.0
2026-08-20 12:00:00,수원,3,나우캐스트,93.4547882080078,100.0,3,6.545211791992188
2026-08-20 12:00:00,수원,3,ECMWF,100.0,100.0,3,0.0
2026-08-20 12:00:00,수원,3,GFS,98.0,100.0,3,2.0
2026-08-20 12:00:00,전주,3,나우캐스트,63.324798583984375,80.0,3,16.675201416015625
2026-08-20 12:00:00,전주,3,ECMWF,99.0,80.0,3,19.0
2026-08-20 12:00:00,전주,3,GFS,100.0,80.0,3,20.0
2026-08-20 12:00:00,강릉,3,나우캐스트,90.93212890625,80.0,3,10.93212890625
2026-08-20 12:00:00,강릉,3,ECMWF,46.0,80.0,3,34.0
2026-08-20 12:00:00,강릉,3,GFS,74.0,80.0,3,6.0
2026-08-20 12:00:00,제주,3,나우캐스트,39.34015655517578,60.0,3,20.65984344482422
2026-08-20 12:00:00,제주,3,ECMWF,23.0,60.0,3,37.0
2026-08-20 12:00:00,제주,3,GFS,95.0,60.0,3,35.0
2026-08-20 15:00:00,서울,6,나우캐스트,92.77181243896484,100.0,6,7.228187561035156
2026-08-20 15:00:00,서울,6,ECMWF,86.0,100.0,6,14.0
2026-08-20 15:00:00,서울,6,GFS,100.0,100.0,6,0.0
2026-08-20 15:00:00,대전,6,나우캐스트,80.7713851928711,80.0,6,0.7713851928710938
2026-08-20 15:00:00,대전,6,ECMWF,100.0,80.0,6,20.0
2026-08-20 15:00:00,대전,6,GFS,100.0,80.0,6,20.0
2026-08-20 15:00:00,대구,6,나우캐스트,65.42683410644531,80.0,6,14.573165893554688
2026-08-20 15:00:00,대구,6,ECMWF,100.0,80.0,6,20.0
2026-08-20 15:00:00,대구,6,GFS,100.0,80.0,6,20.0
2026-08-20 15:00:00,광주,6,나우캐스트,64.40461730957031,60.0,6,4.4046173095703125
2026-08-20 15:00:00,광주,6,ECMWF,51.0,60.0,6,9.0
2026-08-20 15:00:00,광주,6,GFS,100.0,60.0,6,40.0
2026-08-20 15:00:00,부산,6,나우캐스트,29.104576110839844,60.0,6,30.89542388916016
2026-08-20 15:00:00,부산,6,ECMWF,97.0,60.0,6,37.0
2026-08-20 15:00:00,부산,6,GFS,100.0,60.0,6,40.0
2026-08-20 15:00:00,인천,6,나우캐스트,91.7712173461914,100.0,6,8.228782653808594
2026-08-20 15:00:00,인천,6,ECMWF,100.0,100.0,6,0.0
2026-08-20 15:00:00,인천,6,GFS,100.0,100.0,6,0.0
2026-08-20 15:00:00,수원,6,나우캐스트,92.55010986328124,100.0,6,7.44989013671875
2026-08-20 15:00:00,수원,6,ECMWF,79.0,100.0,6,21.0
2026-08-20 15:00:00,수원,6,GFS,100.0,100.0,6,0.0
2026-08-20 15:00:00,전주,6,나우캐스트,67.4884262084961,70.0,6,2.5115737915039062
2026-08-20 15:00:00,전주,6,ECMWF,71.0,70.0,6,1.0
2026-08-20 15:00:00,전주,6,GFS,100.0,70.0,6,30.0
2026-08-20 15:00:00,강릉,6,나우캐스트,90.74781799316406,100.0,6,9.252182006835938
2026-08-20 15:00:00,강릉,6,ECMWF,100.0,100.0,6,0.0
2026-08-20 15:00:00,강릉,6,GFS,97.0,100.0,6,3.0
2026-08-20 15:00:00,제주,6,나우캐스트,22.81938934326172,80.0,6,57.18061065673828
2026-08-20 15:00:00,제주,6,ECMWF,93.0,80.0,6,13.0
2026-08-20 15:00:00,제주,6,GFS,100.0,80.0,6,20.0
2026-08-20 12:00:00,서울,2,나우캐스트,93.29185485839844,100.0,2,6.7081451416015625
2026-08-20 12:00:00,서울,2,ECMWF,100.0,100.0,3,0.0
2026-08-20 12:00:00,서울,2,GFS,100.0,100.0,3,0.0
2026-08-20 12:00:00,대전,2,나우캐스트,88.02090454101562,100.0,2,11.979095458984377
2026-08-20 12:00:00,대전,2,ECMWF,100.0,100.0,3,0.0
2026-08-20 12:00:00,대전,2,GFS,100.0,100.0,3,0.0
2026-08-20 12:00:00,대구,2,나우캐스트,73.16510009765625,80.0,2,6.83489990234375
2026-08-20 12:00:00,대구,2,ECMWF,100.0,80.0,3,20.0
2026-08-20 12:00:00,대구,2,GFS,100.0,80.0,3,20.0
2026-08-20 12:00:00,광주,2,나우캐스트,64.23062896728516,80.0,2,15.769371032714844
2026-08-20 12:00:00,광주,2,ECMWF,63.0,80.0,3,17.0
2026-08-20 12:00:00,광주,2,GFS,100.0,80.0,3,20.0
2026-08-20 12:00:00,부산,2,나우캐스트,27.220867156982425,60.0,2,32.77913284301758
2026-08-20 12:00:00,부산,2,ECMWF,98.0,60.0,3,38.0
2026-08-20 12:00:00,부산,2,GFS,100.0,60.0,3,40.0
2026-08-20 12:00:00,인천,2,나우캐스트,93.7112808227539,100.0,2,6.288719177246094
2026-08-20 12:00:00,인천,2,ECMWF,100.0,100.0,3,0.0
2026-08-20 12:00:00,인천,2,GFS,100.0,100.0,3,0.0
2026-08-20 12:00:00,수원,2,나우캐스트,92.5579833984375,100.0,2,7.4420166015625
2026-08-20 12:00:00,수원,2,ECMWF,100.0,100.0,3,0.0
2026-08-20 12:00:00,수원,2,GFS,98.0,100.0,3,2.0
2026-08-20 12:00:00,전주,2,나우캐스트,69.86995697021484,80.0,2,10.130043029785156
2026-08-20 12:00:00,전주,2,ECMWF,99.0,80.0,3,19.0
2026-08-20 12:00:00,전주,2,GFS,100.0,80.0,3,20.0
2026-08-20 12:00:00,강릉,2,나우캐스트,87.0604248046875,80.0,2,7.0604248046875
2026-08-20 12:00:00,강릉,2,ECMWF,46.0,80.0,3,34.0
2026-08-20 12:00:00,강릉,2,GFS,74.0,80.0,3,6.0
2026-08-20 12:00:00,제주,2,나우캐스트,55.184818267822266,60.0,2,4.815181732177734
2026-08-20 12:00:00,제주,2,ECMWF,23.0,60.0,3,37.0
2026-08-20 12:00:00,제주,2,GFS,95.0,60.0,3,35.0
2026-08-20 15:00:00,서울,5,나우캐스트,92.3686981201172,100.0,5,7.6313018798828125
2026-08-20 15:00:00,서울,5,ECMWF,86.0,100.0,6,14.0
2026-08-20 15:00:00,서울,5,GFS,100.0,100.0,6,0.0
2026-08-20 15:00:00,대전,5,나우캐스트,83.36210632324219,80.0,5,3.3621063232421875
2026-08-20 15:00:00,대전,5,ECMWF,100.0,80.0,6,20.0
2026-08-20 15:00:00,대전,5,GFS,100.0,80.0,6,20.0
2026-08-20 15:00:00,대구,5,나우캐스트,71.42556762695312,80.0,5,8.574432373046875
2026-08-20 15:00:00,대구,5,ECMWF,100.0,80.0,6,20.0
2026-08-20 15:00:00,대구,5,GFS,100.0,80.0,6,20.0
2026-08-20 15:00:00,광주,5,나우캐스트,71.27516174316406,60.0,5,11.275161743164062
2026-08-20 15:00:00,광주,5,ECMWF,51.0,60.0,6,9.0
2026-08-20 15:00:00,광주,5,GFS,100.0,60.0,6,40.0
2026-08-20 15:00:00,부산,5,나우캐스트,27.00560760498047,60.0,5,32.99439239501953
2026-08-20 15:00:00,부산,5,ECMWF,97.0,60.0,6,37.0
2026-08-20 15:00:00,부산,5,GFS,100.0,60.0,6,40.0
2026-08-20 15:00:00,인천,5,나우캐스트,92.42198944091795,100.0,5,7.578010559082031
2026-08-20 15:00:00,인천,5,ECMWF,100.0,100.0,6,0.0
2026-08-20 15:00:00,인천,5,GFS,100.0,100.0,6,0.0
2026-08-20 15:00:00,수원,5,나우캐스트,91.7236785888672,100.0,5,8.276321411132812
2026-08-20 15:00:00,수원,5,ECMWF,79.0,100.0,6,21.0
2026-08-20 15:00:00,수원,5,GFS,100.0,100.0,6,0.0
2026-08-20 15:00:00,전주,5,나우캐스트,72.82920837402344,70.0,5,2.829208374023437
2026-08-20 15:00:00,전주,5,ECMWF,71.0,70.0,6,1.0
2026-08-20 15:00:00,전주,5,GFS,100.0,70.0,6,30.0
2026-08-20 15:00:00,강릉,5,나우캐스트,89.81150817871094,100.0,5,10.188491821289062
2026-08-20 15:00:00,강릉,5,ECMWF,100.0,100.0,6,0.0
2026-08-20 15:00:00,강릉,5,GFS,97.0,100.0,6,3.0
2026-08-20 15:00:00,제주,5,나우캐스트,18.026819229125977,80.0,5,61.97318077087402
2026-08-20 15:00:00,제주,5,ECMWF,93.0,80.0,6,13.0
2026-08-20 15:00:00,제주,5,GFS,100.0,80.0,6,20.0
2026-08-20 12:00:00,서울,1,나우캐스트,95.12698364257812,100.0,1,4.873016357421875
2026-08-20 12:00:00,서울,1,ECMWF,100.0,100.0,3,0.0
2026-08-20 12:00:00,서울,1,GFS,100.0,100.0,3,0.0
2026-08-20 12:00:00,대전,1,나우캐스트,89.5898208618164,100.0,1,10.410179138183594
2026-08-20 12:00:00,대전,1,ECMWF,100.0,100.0,3,0.0
2026-08-20 12:00:00,대전,1,GFS,100.0,100.0,3,0.0
2026-08-20 12:00:00,대구,1,나우캐스트,75.55342102050781,80.0,1,4.446578979492188
2026-08-20 12:00:00,대구,1,ECMWF,100.0,80.0,3,20.0
2026-08-20 12:00:00,대구,1,GFS,100.0,80.0,3,20.0
2026-08-20 12:00:00,광주,1,나우캐스트,83.9618911743164,80.0,1,3.9618911743164062
2026-08-20 12:00:00,광주,1,ECMWF,63.0,80.0,3,17.0
2026-08-20 12:00:00,광주,1,GFS,100.0,80.0,3,20.0
2026-08-20 12:00:00,부산,1,나우캐스트,18.356306076049805,60.0,1,41.6436939239502
2026-08-20 12:00:00,부산,1,ECMWF,98.0,60.0,3,38.0
2026-08-20 12:00:00,부산,1,GFS,100.0,60.0,3,40.0
2026-08-20 12:00:00,인천,1,나우캐스트,96.25787353515624,100.0,1,3.74212646484375
2026-08-20 12:00:00,인천,1,ECMWF,100.0,100.0,3,0.0
2026-08-20 12:00:00,인천,1,GFS,100.0,100.0,3,0.0
2026-08-20 12:00:00,수원,1,나우캐스트,95.15397644042967,100.0,1,4.8460235595703125
2026-08-20 12:00:00,수원,1,ECMWF,100.0,100.0,3,0.0
2026-08-20 12:00:00,수원,1,GFS,98.0,100.0,3,2.0
2026-08-20 12:00:00,전주,1,나우캐스트,63.63528060913086,80.0,1,16.36471939086914
2026-08-20 12:00:00,전주,1,ECMWF,99.0,80.0,3,19.0
2026-08-20 12:00:00,전주,1,GFS,100.0,80.0,3,20.0
2026-08-20 12:00:00,강릉,1,나우캐스트,81.33069610595703,80.0,1,1.3306961059570312
2026-08-20 12:00:00,강릉,1,ECMWF,46.0,80.0,3,34.0
2026-08-20 12:00:00,강릉,1,GFS,74.0,80.0,3,6.0
2026-08-20 12:00:00,제주,1,나우캐스트,34.74960708618164,60.0,1,25.25039291381836
2026-08-20 12:00:00,제주,1,ECMWF,23.0,60.0,3,37.0
2026-08-20 12:00:00,제주,1,GFS,95.0,60.0,3,35.0
2026-08-20 15:00:00,서울,4,나우캐스트,92.92506408691406,100.0,4,7.0749359130859375
2026-08-20 15:00:00,서울,4,ECMWF,86.0,100.0,6,14.0
2026-08-20 15:00:00,서울,4,GFS,100.0,100.0,6,0.0
2026-08-20 15:00:00,대전,4,나우캐스트,72.511474609375,80.0,4,7.488525390625
2026-08-20 15:00:00,대전,4,ECMWF,100.0,80.0,6,20.0
2026-08-20 15:00:00,대전,4,GFS,100.0,80.0,6,20.0
2026-08-20 15:00:00,대구,4,나우캐스트,63.77775192260742,80.0,4,16.222248077392578
2026-08-20 15:00:00,대구,4,ECMWF,100.0,80.0,6,20.0
2026-08-20 15:00:00,대구,4,GFS,100.0,80.0,6,20.0
2026-08-20 15:00:00,광주,4,나우캐스트,73.76432037353516,60.0,4,13.764320373535156
2026-08-20 15:00:00,광주,4,ECMWF,51.0,60.0,6,9.0
2026-08-20 15:00:00,광주,4,GFS,100.0,60.0,6,40.0
2026-08-20 15:00:00,부산,4,나우캐스트,27.79575729370117,60.0,4,32.20424270629883
2026-08-20 15:00:00,부산,4,ECMWF,97.0,60.0,6,37.0
2026-08-20 15:00:00,부산,4,GFS,100.0,60.0,6,40.0
2026-08-20 15:00:00,인천,4,나우캐스트,92.86637878417967,100.0,4,7.1336212158203125
2026-08-20 15:00:00,인천,4,ECMWF,100.0,100.0,6,0.0
2026-08-20 15:00:00,인천,4,GFS,100.0,100.0,6,0.0
2026-08-20 15:00:00,수원,4,나우캐스트,91.86262512207033,100.0,4,8.137374877929688
2026-08-20 15:00:00,수원,4,ECMWF,79.0,100.0,6,21.0
2026-08-20 15:00:00,수원,4,GFS,100.0,100.0,6,0.0
2026-08-20 15:00:00,전주,4,나우캐스트,56.42332077026367,70.0,4,13.576679229736328
2026-08-20 15:00:00,전주,4,ECMWF,71.0,70.0,6,1.0
2026-08-20 15:00:00,전주,4,GFS,100.0,70.0,6,30.0
2026-08-20 15:00:00,강릉,4,나우캐스트,90.69876098632812,100.0,4,9.301239013671877
2026-08-20 15:00:00,강릉,4,ECMWF,100.0,100.0,6,0.0
2026-08-20 15:00:00,강릉,4,GFS,97.0,100.0,6,3.0
2026-08-20 15:00:00,제주,4,나우캐스트,17.504562377929688,80.0,4,62.49543762207031
2026-08-20 15:00:00,제주,4,ECMWF,93.0,80.0,6,13.0
2026-08-20 15:00:00,제주,4,GFS,100.0,80.0,6,20.0
2026-08-20 15:00:00,서울,3,나우캐스트,94.0862808227539,100.0,3,5.913719177246094
2026-08-20 15:00:00,서울,3,ECMWF,86.0,100.0,6,14.0
2026-08-20 15:00:00,서울,3,GFS,100.0,100.0,6,0.0
2026-08-20 15:00:00,대전,3,나우캐스트,81.22795104980469,80.0,3,1.2279510498046875
2026-08-20 15:00:00,대전,3,ECMWF,100.0,80.0,6,20.0
2026-08-20 15:00:00,대전,3,GFS,100.0,80.0,6,20.0
2026-08-20 15:00:00,대구,3,나우캐스트,72.33294677734375,80.0,3,7.66705322265625
2026-08-20 15:00:00,대구,3,ECMWF,100.0,80.0,6,20.0
2026-08-20 15:00:00,대구,3,GFS,100.0,80.0,6,20.0
2026-08-20 15:00:00,광주,3,나우캐스트,77.63105773925781,60.0,3,17.631057739257812
2026-08-20 15:00:00,광주,3,ECMWF,51.0,60.0,6,9.0
2026-08-20 15:00:00,광주,3,GFS,100.0,60.0,6,40.0
2026-08-20 15:00:00,부산,3,나우캐스트,59.58570098876953,60.0,3,0.4142990112304687
2026-08-20 15:00:00,부산,3,ECMWF,97.0,60.0,6,37.0
2026-08-20 15:00:00,부산,3,GFS,100.0,60.0,6,40.0
2026-08-20 15:00:00,인천,3,나우캐스트,94.24352264404295,100.0,3,5.756477355957031
2026-08-20 15:00:00,인천,3,ECMWF,100.0,100.0,6,0.0
2026-08-20 15:00:00,인천,3,GFS,100.0,100.0,6,0.0
2026-08-20 15:00:00,수원,3,나우캐스트,93.18506622314452,100.0,3,6.814933776855469
2026-08-20 15:00:00,수원,3,ECMWF,79.0,100.0,6,21.0
2026-08-20 15:00:00,수원,3,GFS,100.0,100.0,6,0.0
2026-08-20 15:00:00,전주,3,나우캐스트,75.54492950439453,70.0,3,5.544929504394531
2026-08-20 15:00:00,전주,3,ECMWF,71.0,70.0,6,1.0
2026-08-20 15:00:00,전주,3,GFS,100.0,70.0,6,30.0
2026-08-20 15:00:00,강릉,3,나우캐스트,92.537353515625,100.0,3,7.462646484375
2026-08-20 15:00:00,강릉,3,ECMWF,100.0,100.0,6,0.0
2026-08-20 15:00:00,강릉,3,GFS,97.0,100.0,6,3.0
2026-08-20 15:00:00,제주,3,나우캐스트,65.71283721923828,80.0,3,14.28716278076172
2026-08-20 15:00:00,제주,3,ECMWF,93.0,80.0,6,13.0
2026-08-20 15:00:00,제주,3,GFS,100.0,80.0,6,20.0
2026-08-20 18:00:00,서울,6,나우캐스트,91.4822998046875,90.0,6,1.4822998046875
2026-08-20 18:00:00,서울,6,ECMWF,55.0,90.0,9,35.0
2026-08-20 18:00:00,서울,6,GFS,100.0,90.0,9,10.0
2026-08-20 18:00:00,대전,6,나우캐스트,84.2143325805664,90.0,6,5.785667419433594
2026-08-20 18:00:00,대전,6,ECMWF,91.0,90.0,9,1.0
2026-08-20 18:00:00,대전,6,GFS,92.0,90.0,9,2.0
2026-08-20 18:00:00,대구,6,나우캐스트,70.39342498779297,70.0,6,0.3934249877929687
2026-08-20 18:00:00,대구,6,ECMWF,97.0,70.0,9,27.0
2026-08-20 18:00:00,대구,6,GFS,100.0,70.0,9,30.0
2026-08-20 18:00:00,광주,6,나우캐스트,82.87841796875,90.0,6,7.12158203125
2026-08-20 18:00:00,광주,6,ECMWF,54.0,90.0,9,36.0
2026-08-20 18:00:00,광주,6,GFS,100.0,90.0,9,10.0
2026-08-20 18:00:00,부산,6,나우캐스트,74.42686462402344,60.0,6,14.426864624023438
2026-08-20 18:00:00,부산,6,ECMWF,80.0,60.0,9,20.0
2026-08-20 18:00:00,부산,6,GFS,100.0,60.0,9,40.0
2026-08-20 18:00:00,인천,6,나우캐스트,91.86026763916016,80.0,6,11.860267639160156
2026-08-20 18:00:00,인천,6,ECMWF,74.0,80.0,9,6.0
2026-08-20 18:00:00,인천,6,GFS,100.0,80.0,9,20.0
2026-08-20 18:00:00,수원,6,나우캐스트,90.4979248046875,100.0,6,9.5020751953125
2026-08-20 18:00:00,수원,6,ECMWF,85.0,100.0,9,15.0
2026-08-20 18:00:00,수원,6,GFS,100.0,100.0,9,0.0
2026-08-20 18:00:00,전주,6,나우캐스트,82.38426208496094,60.0,6,22.384262084960938
2026-08-20 18:00:00,전주,6,ECMWF,27.0,60.0,9,33.0
2026-08-20 18:00:00,전주,6,GFS,85.0,60.0,9,25.0
2026-08-20 18:00:00,강릉,6,나우캐스트,92.00753021240234,100.0,6,7.992469787597656
2026-08-20 18:00:00,강릉,6,ECMWF,98.0,100.0,9,2.0
2026-08-20 18:00:00,강릉,6,GFS,100.0,100.0,9,0.0
2026-08-20 18:00:00,제주,6,나우캐스트,54.81578826904297,80.0,6,25.18421173095703
2026-08-20 18:00:00,제주,6,ECMWF,93.0,80.0,9,13.0
2026-08-20 18:00:00,제주,6,GFS,11.0,80.0,9,69.0
2026-08-20 15:00:00,서울,2,나우캐스트,94.18904113769533,100.0,2,5.810958862304688
2026-08-20 15:00:00,서울,2,ECMWF,86.0,100.0,6,14.0
2026-08-20 15:00:00,서울,2,GFS,100.0,100.0,6,0.0
2026-08-20 15:00:00,대전,2,나우캐스트,83.79495239257812,80.0,2,3.794952392578125
2026-08-20 15:00:00,대전,2,ECMWF,100.0,80.0,6,20.0
2026-08-20 15:00:00,대전,2,GFS,100.0,80.0,6,20.0
2026-08-20 15:00:00,대구,2,나우캐스트,72.48575592041016,80.0,2,7.514244079589844
2026-08-20 15:00:00,대구,2,ECMWF,100.0,80.0,6,20.0
2026-08-20 15:00:00,대구,2,GFS,100.0,80.0,6,20.0
2026-08-20 15:00:00,광주,2,나우캐스트,71.89535522460938,60.0,2,11.895355224609377
2026-08-20 15:00:00,광주,2,ECMWF,51.0,60.0,6,9.0
2026-08-20 15:00:00,광주,2,GFS,100.0,60.0,6,40.0
2026-08-20 15:00:00,부산,2,나우캐스트,55.40470123291016,60.0,2,4.595298767089844
2026-08-20 15:00:00,부산,2,ECMWF,97.0,60.0,6,37.0
2026-08-20 15:00:00,부산,2,GFS,100.0,60.0,6,40.0
2026-08-20 15:00:00,인천,2,나우캐스트,94.22003936767578,100.0,2,5.779960632324219
2026-08-20 15:00:00,인천,2,ECMWF,100.0,100.0,6,0.0
2026-08-20 15:00:00,인천,2,GFS,100.0,100.0,6,0.0
2026-08-20 15:00:00,수원,2,나우캐스트,93.26670837402344,100.0,2,6.7332916259765625
2026-08-20 15:00:00,수원,2,ECMWF,79.0,100.0,6,21.0
2026-08-20 15:00:00,수원,2,GFS,100.0,100.0,6,0.0
2026-08-20 15:00:00,전주,2,나우캐스트,73.88075256347656,70.0,2,3.8807525634765625
2026-08-20 15:00:00,전주,2,ECMWF,71.0,70.0,6,1.0
2026-08-20 15:00:00,전주,2,GFS,100.0,70.0,6,30.0
2026-08-20 15:00:00,강릉,2,나우캐스트,94.1494598388672,100.0,2,5.8505401611328125
2026-08-20 15:00:00,강릉,2,ECMWF,100.0,100.0,6,0.0
2026-08-20 15:00:00,강릉,2,GFS,97.0,100.0,6,3.0
2026-08-20 15:00:00,제주,2,나우캐스트,70.27682495117188,80.0,2,9.723175048828123
2026-08-20 15:00:00,제주,2,ECMWF,93.0,80.0,6,13.0
2026-08-20 15:00:00,제주,2,GFS,100.0,80.0,6,20.0
2026-08-20 18:00:00,서울,5,나우캐스트,93.1381378173828,90.0,5,3.1381378173828125
2026-08-20 18:00:00,서울,5,ECMWF,55.0,90.0,9,35.0
2026-08-20 18:00:00,서울,5,GFS,100.0,90.0,9,10.0
2026-08-20 18:00:00,대전,5,나우캐스트,86.21723937988281,90.0,5,3.782760620117188
2026-08-20 18:00:00,대전,5,ECMWF,91.0,90.0,9,1.0
2026-08-20 18:00:00,대전,5,GFS,92.0,90.0,9,2.0
2026-08-20 18:00:00,대구,5,나우캐스트,71.8224105834961,70.0,5,1.8224105834960935
2026-08-20 18:00:00,대구,5,ECMWF,97.0,70.0,9,27.0
2026-08-20 18:00:00,대구,5,GFS,100.0,70.0,9,30.0
2026-08-20 18:00:00,광주,5,나우캐스트,80.0115966796875,90.0,5,9.9884033203125
2026-08-20 18:00:00,광주,5,ECMWF,54.0,90.0,9,36.0
2026-08-20 18:00:00,광주,5,GFS,100.0,90.0,9,10.0
2026-08-20 18:00:00,부산,5,나우캐스트,56.14459228515625,60.0,5,3.85540771484375
2026-08-20 18:00:00,부산,5,ECMWF,80.0,60.0,9,20.0
2026-08-20 18:00:00,부산,5,GFS,100.0,60.0,9,40.0
2026-08-20 18:00:00,인천,5,나우캐스트,93.3128890991211,80.0,5,13.312889099121094
2026-08-20 18:00:00,인천,5,ECMWF,74.0,80.0,9,6.0
2026-08-20 18:00:00,인천,5,GFS,100.0,80.0,9,20.0
2026-08-20 18:00:00,수원,5,나우캐스트,92.56657409667967,100.0,5,7.433425903320312
2026-08-20 18:00:00,수원,5,ECMWF,85.0,100.0,9,15.0
2026-08-20 18:00:00,수원,5,GFS,100.0,100.0,9,0.0
2026-08-20 18:00:00,전주,5,나우캐스트,78.36380767822266,60.0,5,18.363807678222656
2026-08-20 18:00:00,전주,5,ECMWF,27.0,60.0,9,33.0
2026-08-20 18:00:00,전주,5,GFS,85.0,60.0,9,25.0
2026-08-20 18:00:00,강릉,5,나우캐스트,93.07225036621094,100.0,5,6.927749633789063
2026-08-20 18:00:00,강릉,5,ECMWF,98.0,100.0,9,2.0
2026-08-20 18:00:00,강릉,5,GFS,100.0,100.0,9,0.0
2026-08-20 18:00:00,제주,5,나우캐스트,62.739288330078125,80.0,5,17.260711669921875
2026-08-20 18:00:00,제주,5,ECMWF,93.0,80.0,9,13.0
2026-08-20 18:00:00,제주,5,GFS,11.0,80.0,9,69.0
2026-08-20 15:00:00,서울,1,나우캐스트,93.84068298339844,100.0,1,6.1593170166015625
2026-08-20 15:00:00,서울,1,ECMWF,86.0,100.0,6,14.0
2026-08-20 15:00:00,서울,1,GFS,100.0,100.0,6,0.0
2026-08-20 15:00:00,대전,1,나우캐스트,80.35519409179688,80.0,1,0.355194091796875
2026-08-20 15:00:00,대전,1,ECMWF,100.0,80.0,6,20.0
2026-08-20 15:00:00,대전,1,GFS,100.0,80.0,6,20.0
2026-08-20 15:00:00,대구,1,나우캐스트,67.97761535644531,80.0,1,12.022384643554688
2026-08-20 15:00:00,대구,1,ECMWF,100.0,80.0,6,20.0
2026-08-20 15:00:00,대구,1,GFS,100.0,80.0,6,20.0
2026-08-20 15:00:00,광주,1,나우캐스트,76.9399642944336,60.0,1,16.939964294433594
2026-08-20 15:00:00,광주,1,ECMWF,51.0,60.0,6,9.0
2026-08-20 15:00:00,광주,1,GFS,100.0,60.0,6,40.0
2026-08-20 15:00:00,부산,1,나우캐스트,47.031959533691406,60.0,1,12.968040466308594
2026-08-20 15:00:00,부산,1,ECMWF,97.0,60.0,6,37.0
2026-08-20 15:00:00,부산,1,GFS,100.0,60.0,6,40.0
2026-08-20 15:00:00,인천,1,나우캐스트,94.39899444580078,100.0,1,5.601005554199219
2026-08-20 15:00:00,인천,1,ECMWF,100.0,100.0,6,0.0
2026-08-20 15:00:00,인천,1,GFS,100.0,100.0,6,0.0
2026-08-20 15:00:00,수원,1,나우캐스트,94.03536224365234,100.0,1,5.964637756347656
2026-08-20 15:00:00,수원,1,ECMWF,79.0,100.0,6,21.0
2026-08-20 15:00:00,수원,1,GFS,100.0,100.0,6,0.0
2026-08-20 15:00:00,전주,1,나우캐스트,67.41670989990234,70.0,1,2.583290100097656
2026-08-20 15:00:00,전주,1,ECMWF,71.0,70.0,6,1.0
2026-08-20 15:00:00,전주,1,GFS,100.0,70.0,6,30.0
2026-08-20 15:00:00,강릉,1,나우캐스트,96.55705261230467,100.0,1,3.4429473876953125
2026-08-20 15:00:00,강릉,1,ECMWF,100.0,100.0,6,0.0
2026-08-20 15:00:00,강릉,1,GFS,97.0,100.0,6,3.0
2026-08-20 15:00:00,제주,1,나우캐스트,70.99897766113281,80.0,1,9.001022338867188
2026-08-20 15:00:00,제주,1,ECMWF,93.0,80.0,6,13.0
2026-08-20 15:00:00,제주,1,GFS,100.0,80.0,6,20.0
2026-08-20 18:00:00,서울,4,나우캐스트,93.26280212402344,90.0,4,3.262802124023437
2026-08-20 18:00:00,서울,4,ECMWF,55.0,90.0,9,35.0
2026-08-20 18:00:00,서울,4,GFS,100.0,90.0,9,10.0
2026-08-20 18:00:00,대전,4,나우캐스트,82.64054870605469,90.0,4,7.359451293945312
2026-08-20 18:00:00,대전,4,ECMWF,91.0,90.0,9,1.0
2026-08-20 18:00:00,대전,4,GFS,92.0,90.0,9,2.0
2026-08-20 18:00:00,대구,4,나우캐스트,70.10506439208984,70.0,4,0.1050643920898437
2026-08-20 18:00:00,대구,4,ECMWF,97.0,70.0,9,27.0
2026-08-20 18:00:00,대구,4,GFS,100.0,70.0,9,30.0
2026-08-20 18:00:00,광주,4,나우캐스트,77.4676742553711,90.0,4,12.532325744628906
2026-08-20 18:00:00,광주,4,ECMWF,54.0,90.0,9,36.0
2026-08-20 18:00:00,광주,4,GFS,100.0,90.0,9,10.0
2026-08-20 18:00:00,부산,4,나우캐스트,49.17792510986328,60.0,4,10.82207489013672
2026-08-20 18:00:00,부산,4,ECMWF,80.0,60.0,9,20.0
2026-08-20 18:00:00,부산,4,GFS,100.0,60.0,9,40.0
2026-08-20 18:00:00,인천,4,나우캐스트,93.24102783203124,80.0,4,13.24102783203125
2026-08-20 18:00:00,인천,4,ECMWF,74.0,80.0,9,6.0
2026-08-20 18:00:00,인천,4,GFS,100.0,80.0,9,20.0
2026-08-20 18:00:00,수원,4,나우캐스트,92.29044342041016,100.0,4,7.709556579589844
2026-08-20 18:00:00,수원,4,ECMWF,85.0,100.0,9,15.0
2026-08-20 18:00:00,수원,4,GFS,100.0,100.0,9,0.0
2026-08-20 18:00:00,전주,4,나우캐스트,75.18550872802734,60.0,4,15.185508728027344
2026-08-20 18:00:00,전주,4,ECMWF,27.0,60.0,9,33.0
2026-08-20 18:00:00,전주,4,GFS,85.0,60.0,9,25.0
2026-08-20 18:00:00,강릉,4,나우캐스트,92.49742126464844,100.0,4,7.502578735351562
2026-08-20 18:00:00,강릉,4,ECMWF,98.0,100.0,9,2.0
2026-08-20 18:00:00,강릉,4,GFS,100.0,100.0,9,0.0
2026-08-20 18:00:00,제주,4,나우캐스트,44.344032287597656,80.0,4,35.655967712402344
2026-08-20 18:00:00,제주,4,ECMWF,93.0,80.0,9,13.0
2026-08-20 18:00:00,제주,4,GFS,11.0,80.0,9,69.0
2026-08-20 18:00:00,서울,3,나우캐스트,90.68898010253906,90.0,3,0.6889801025390625
2026-08-20 18:00:00,서울,3,ECMWF,55.0,90.0,9,35.0
2026-08-20 18:00:00,서울,3,GFS,100.0,90.0,9,10.0
2026-08-20 18:00:00,대전,3,나우캐스트,77.15516662597656,90.0,3,12.844833374023438
2026-08-20 18:00:00,대전,3,ECMWF,91.0,90.0,9,1.0
2026-08-20 18:00:00,대전,3,GFS,92.0,90.0,9,2.0
2026-08-20 18:00:00,대구,3,나우캐스트,68.69776153564453,70.0,3,1.3022384643554688
2026-08-20 18:00:00,대구,3,ECMWF,97.0,70.0,9,27.0
2026-08-20 18:00:00,대구,3,GFS,100.0,70.0,9,30.0
2026-08-20 18:00:00,광주,3,나우캐스트,74.50775146484375,90.0,3,15.49224853515625
2026-08-20 18:00:00,광주,3,ECMWF,54.0,90.0,9,36.0
2026-08-20 18:00:00,광주,3,GFS,100.0,90.0,9,10.0
2026-08-20 18:00:00,부산,3,나우캐스트,54.2492561340332,60.0,3,5.750743865966797
2026-08-20 18:00:00,부산,3,ECMWF,80.0,60.0,9,20.0
2026-08-20 18:00:00,부산,3,GFS,100.0,60.0,9,40.0
2026-08-20 18:00:00,인천,3,나우캐스트,90.6715850830078,80.0,3,10.671585083007812
2026-08-20 18:00:00,인천,3,ECMWF,74.0,80.0,9,6.0
2026-08-20 18:00:00,인천,3,GFS,100.0,80.0,9,20.0
2026-08-20 18:00:00,수원,3,나우캐스트,88.5358657836914,100.0,3,11.464134216308594
2026-08-20 18:00:00,수원,3,ECMWF,85.0,100.0,9,15.0
2026-08-20 18:00:00,수원,3,GFS,100.0,100.0,9,0.0
2026-08-20 18:00:00,전주,3,나우캐스트,73.687744140625,60.0,3,13.687744140625
2026-08-20 18:00:00,전주,3,ECMWF,27.0,60.0,9,33.0
2026-08-20 18:00:00,전주,3,GFS,85.0,60.0,9,25.0
2026-08-20 18:00:00,강릉,3,나우캐스트,93.23967742919922,100.0,3,6.760322570800781
2026-08-20 18:00:00,강릉,3,ECMWF,98.0,100.0,9,2.0
2026-08-20 18:00:00,강릉,3,GFS,100.0,100.0,9,0.0
2026-08-20 18:00:00,제주,3,나우캐스트,49.397708892822266,80.0,3,30.60229110717773
2026-08-20 18:00:00,제주,3,ECMWF,93.0,80.0,9,13.0
2026-08-20 18:00:00,제주,3,GFS,11.0,80.0,9,69.0
2026-08-20 21:00:00,서울,6,나우캐스트,89.72219848632812,100.0,6,10.277801513671877
2026-08-20 21:00:00,서울,6,ECMWF,94.0,100.0,0,6.0
2026-08-20 21:00:00,서울,6,GFS,74.0,100.0,12,26.0
2026-08-20 21:00:00,대전,6,나우캐스트,81.46200561523438,80.0,6,1.462005615234375
2026-08-20 21:00:00,대전,6,ECMWF,65.0,80.0,0,15.0
2026-08-20 21:00:00,대전,6,GFS,95.0,80.0,12,15.0
2026-08-20 21:00:00,대구,6,나우캐스트,72.63077545166016,100.0,6,27.369224548339844
2026-08-20 21:00:00,대구,6,ECMWF,96.0,100.0,0,4.0
2026-08-20 21:00:00,대구,6,GFS,98.0,100.0,12,2.0
2026-08-20 21:00:00,광주,6,나우캐스트,74.85176086425781,70.0,6,4.8517608642578125
2026-08-20 21:00:00,광주,6,ECMWF,63.0,70.0,0,7.0
2026-08-20 21:00:00,광주,6,GFS,100.0,70.0,12,30.0
2026-08-20 21:00:00,부산,6,나우캐스트,64.45897674560547,90.0,6,25.54102325439453
2026-08-20 21:00:00,부산,6,ECMWF,86.0,90.0,0,4.0
2026-08-20 21:00:00,부산,6,GFS,100.0,90.0,12,10.0
2026-08-20 21:00:00,인천,6,나우캐스트,89.69439697265625,90.0,6,0.30560302734375
2026-08-20 21:00:00,인천,6,ECMWF,45.0,90.0,0,45.0
2026-08-20 21:00:00,인천,6,GFS,87.0,90.0,12,3.0
2026-08-20 21:00:00,수원,6,나우캐스트,88.8910903930664,100.0,6,11.108909606933594
2026-08-20 21:00:00,수원,6,ECMWF,91.0,100.0,0,9.0
2026-08-20 21:00:00,수원,6,GFS,90.0,100.0,12,10.0
2026-08-20 21:00:00,전주,6,나우캐스트,81.04041290283203,80.0,6,1.0404129028320312
2026-08-20 21:00:00,전주,6,ECMWF,100.0,80.0,0,20.0
2026-08-20 21:00:00,전주,6,GFS,100.0,80.0,12,20.0
2026-08-20 21:00:00,강릉,6,나우캐스트,92.85977172851562,100.0,6,7.140228271484375
2026-08-20 21:00:00,강릉,6,ECMWF,93.0,100.0,0,7.0
2026-08-20 21:00:00,강릉,6,GFS,98.0,100.0,12,2.0
2026-08-20 21:00:00,제주,6,나우캐스트,37.91276550292969,0.0,6,37.91276550292969
2026-08-20 21:00:00,제주,6,ECMWF,12.0,0.0,0,12.0
2026-08-20 21:00:00,제주,6,GFS,7.0,0.0,12,7.0
2026-08-20 18:00:00,서울,2,나우캐스트,91.94248962402344,90.0,2,1.9424896240234373
2026-08-20 18:00:00,서울,2,ECMWF,55.0,90.0,9,35.0
2026-08-20 18:00:00,서울,2,GFS,100.0,90.0,9,10.0
2026-08-20 18:00:00,대전,2,나우캐스트,79.33845520019531,90.0,2,10.661544799804688
2026-08-20 18:00:00,대전,2,ECMWF,91.0,90.0,9,1.0
2026-08-20 18:00:00,대전,2,GFS,92.0,90.0,9,2.0
2026-08-20 18:00:00,대구,2,나우캐스트,60.65157699584961,70.0,2,9.34842300415039
2026-08-20 18:00:00,대구,2,ECMWF,97.0,70.0,9,27.0
2026-08-20 18:00:00,대구,2,GFS,100.0,70.0,9,30.0
2026-08-20 18:00:00,광주,2,나우캐스트,70.96863555908203,90.0,2,19.03136444091797
2026-08-20 18:00:00,광주,2,ECMWF,54.0,90.0,9,36.0
2026-08-20 18:00:00,광주,2,GFS,100.0,90.0,9,10.0
2026-08-20 18:00:00,부산,2,나우캐스트,49.08782196044922,60.0,2,10.91217803955078
2026-08-20 18:00:00,부산,2,ECMWF,80.0,60.0,9,20.0
2026-08-20 18:00:00,부산,2,GFS,100.0,60.0,9,40.0
2026-08-20 18:00:00,인천,2,나우캐스트,91.98207092285156,80.0,2,11.982070922851562
2026-08-20 18:00:00,인천,2,ECMWF,74.0,80.0,9,6.0
2026-08-20 18:00:00,인천,2,GFS,100.0,80.0,9,20.0
2026-08-20 18:00:00,수원,2,나우캐스트,90.6641616821289,100.0,2,9.335838317871094
2026-08-20 18:00:00,수원,2,ECMWF,85.0,100.0,9,15.0
2026-08-20 18:00:00,수원,2,GFS,100.0,100.0,9,0.0
2026-08-20 18:00:00,전주,2,나우캐스트,72.24537658691406,60.0,2,12.245376586914062
2026-08-20 18:00:00,전주,2,ECMWF,27.0,60.0,9,33.0
2026-08-20 18:00:00,전주,2,GFS,85.0,60.0,9,25.0
2026-08-20 18:00:00,강릉,2,나우캐스트,90.02870178222656,100.0,2,9.971298217773438
2026-08-20 18:00:00,강릉,2,ECMWF,98.0,100.0,9,2.0
2026-08-20 18:00:00,강릉,2,GFS,100.0,100.0,9,0.0
2026-08-20 18:00:00,제주,2,나우캐스트,58.88756942749024,80.0,2,21.11243057250977
2026-08-20 18:00:00,제주,2,ECMWF,93.0,80.0,9,13.0
2026-08-20 18:00:00,제주,2,GFS,11.0,80.0,9,69.0
2026-08-20 21:00:00,서울,5,나우캐스트,88.97537231445312,100.0,5,11.024627685546877
2026-08-20 21:00:00,서울,5,ECMWF,94.0,100.0,0,6.0
2026-08-20 21:00:00,서울,5,GFS,74.0,100.0,12,26.0
2026-08-20 21:00:00,대전,5,나우캐스트,81.04957580566406,80.0,5,1.0495758056640625
2026-08-20 21:00:00,대전,5,ECMWF,65.0,80.0,0,15.0
2026-08-20 21:00:00,대전,5,GFS,95.0,80.0,12,15.0
2026-08-20 21:00:00,대구,5,나우캐스트,64.67469024658203,100.0,5,35.32530975341797
2026-08-20 21:00:00,대구,5,ECMWF,96.0,100.0,0,4.0
2026-08-20 21:00:00,대구,5,GFS,98.0,100.0,12,2.0
2026-08-20 21:00:00,광주,5,나우캐스트,68.67788696289062,70.0,5,1.322113037109375
2026-08-20 21:00:00,광주,5,ECMWF,63.0,70.0,0,7.0
2026-08-20 21:00:00,광주,5,GFS,100.0,70.0,12,30.0
2026-08-20 21:00:00,부산,5,나우캐스트,49.18023300170898,90.0,5,40.819766998291016
2026-08-20 21:00:00,부산,5,ECMWF,86.0,90.0,0,4.0
2026-08-20 21:00:00,부산,5,GFS,100.0,90.0,12,10.0
2026-08-20 21:00:00,인천,5,나우캐스트,89.2987289428711,90.0,5,0.7012710571289062
2026-08-20 21:00:00,인천,5,ECMWF,45.0,90.0,0,45.0
2026-08-20 21:00:00,인천,5,GFS,87.0,90.0,12,3.0
2026-08-20 21:00:00,수원,5,나우캐스트,86.32783508300781,100.0,5,13.672164916992188
2026-08-20 21:00:00,수원,5,ECMWF,91.0,100.0,0,9.0
2026-08-20 21:00:00,수원,5,GFS,90.0,100.0,12,10.0
2026-08-20 21:00:00,전주,5,나우캐스트,79.64006042480469,80.0,5,0.3599395751953125
2026-08-20 21:00:00,전주,5,ECMWF,100.0,80.0,0,20.0
2026-08-20 21:00:00,전주,5,GFS,100.0,80.0,12,20.0
2026-08-20 21:00:00,강릉,5,나우캐스트,91.1968002319336,100.0,5,8.803199768066406
2026-08-20 21:00:00,강릉,5,ECMWF,93.0,100.0,0,7.0
2026-08-20 21:00:00,강릉,5,GFS,98.0,100.0,12,2.0
2026-08-20 21:00:00,제주,5,나우캐스트,50.40192794799805,0.0,5,50.40192794799805
2026-08-20 21:00:00,제주,5,ECMWF,12.0,0.0,0,12.0
2026-08-20 21:00:00,제주,5,GFS,7.0,0.0,12,7.0
2026-08-20 18:00:00,서울,1,나우캐스트,87.5054702758789,90.0,1,2.4945297241210938
2026-08-20 18:00:00,서울,1,ECMWF,55.0,90.0,9,35.0
2026-08-20 18:00:00,서울,1,GFS,100.0,90.0,9,10.0
2026-08-20 18:00:00,대전,1,나우캐스트,89.46084594726562,90.0,1,0.539154052734375
2026-08-20 18:00:00,대전,1,ECMWF,91.0,90.0,9,1.0
2026-08-20 18:00:00,대전,1,GFS,92.0,90.0,9,2.0
2026-08-20 18:00:00,대구,1,나우캐스트,56.485984802246094,70.0,1,13.514015197753906
2026-08-20 18:00:00,대구,1,ECMWF,97.0,70.0,9,27.0
2026-08-20 18:00:00,대구,1,GFS,100.0,70.0,9,30.0
2026-08-20 18:00:00,광주,1,나우캐스트,78.83219146728516,90.0,1,11.167808532714844
2026-08-20 18:00:00,광주,1,ECMWF,54.0,90.0,9,36.0
2026-08-20 18:00:00,광주,1,GFS,100.0,90.0,9,10.0
2026-08-20 18:00:00,부산,1,나우캐스트,61.977386474609375,60.0,1,1.977386474609375
2026-08-20 18:00:00,부산,1,ECMWF,80.0,60.0,9,20.0
2026-08-20 18:00:00,부산,1,GFS,100.0,60.0,9,40.0
2026-08-20 18:00:00,인천,1,나우캐스트,81.30099487304688,80.0,1,1.300994873046875
2026-08-20 18:00:00,인천,1,ECMWF,74.0,80.0,9,6.0
2026-08-20 18:00:00,인천,1,GFS,100.0,80.0,9,20.0
2026-08-20 18:00:00,수원,1,나우캐스트,86.4461669921875,100.0,1,13.5538330078125
2026-08-20 18:00:00,수원,1,ECMWF,85.0,100.0,9,15.0
2026-08-20 18:00:00,수원,1,GFS,100.0,100.0,9,0.0
2026-08-20 18:00:00,전주,1,나우캐스트,54.87156677246094,60.0,1,5.128433227539063
2026-08-20 18:00:00,전주,1,ECMWF,27.0,60.0,9,33.0
2026-08-20 18:00:00,전주,1,GFS,85.0,60.0,9,25.0
2026-08-20 18:00:00,강릉,1,나우캐스트,94.36788940429688,100.0,1,5.632110595703125
2026-08-20 18:00:00,강릉,1,ECMWF,98.0,100.0,9,2.0
2026-08-20 18:00:00,강릉,1,GFS,100.0,100.0,9,0.0
2026-08-20 18:00:00,제주,1,나우캐스트,58.758399963378906,80.0,1,21.241600036621094
2026-08-20 18:00:00,제주,1,ECMWF,93.0,80.0,9,13.0
2026-08-20 18:00:00,제주,1,GFS,11.0,80.0,9,69.0
2026-08-20 21:00:00,서울,4,나우캐스트,83.39825439453125,100.0,4,16.60174560546875
2026-08-20 21:00:00,서울,4,ECMWF,94.0,100.0,0,6.0
2026-08-20 21:00:00,서울,4,GFS,74.0,100.0,12,26.0
2026-08-20 21:00:00,대전,4,나우캐스트,85.35286712646484,80.0,4,5.352867126464844
2026-08-20 21:00:00,대전,4,ECMWF,65.0,80.0,0,15.0
2026-08-20 21:00:00,대전,4,GFS,95.0,80.0,12,15.0
2026-08-20 21:00:00,대구,4,나우캐스트,77.82461547851562,100.0,4,22.17538452148437
2026-08-20 21:00:00,대구,4,ECMWF,96.0,100.0,0,4.0
2026-08-20 21:00:00,대구,4,GFS,98.0,100.0,12,2.0
2026-08-20 21:00:00,광주,4,나우캐스트,74.72460174560547,70.0,4,4.724601745605469
2026-08-20 21:00:00,광주,4,ECMWF,63.0,70.0,0,7.0
2026-08-20 21:00:00,광주,4,GFS,100.0,70.0,12,30.0
2026-08-20 21:00:00,부산,4,나우캐스트,54.584617614746094,90.0,4,35.415382385253906
2026-08-20 21:00:00,부산,4,ECMWF,86.0,90.0,0,4.0
2026-08-20 21:00:00,부산,4,GFS,100.0,90.0,12,10.0
2026-08-20 21:00:00,인천,4,나우캐스트,83.57899475097656,90.0,4,6.4210052490234375
2026-08-20 21:00:00,인천,4,ECMWF,45.0,90.0,0,45.0
2026-08-20 21:00:00,인천,4,GFS,87.0,90.0,12,3.0
2026-08-20 21:00:00,수원,4,나우캐스트,82.173828125,100.0,4,17.826171875
2026-08-20 21:00:00,수원,4,ECMWF,91.0,100.0,0,9.0
2026-08-20 21:00:00,수원,4,GFS,90.0,100.0,12,10.0
2026-08-20 21:00:00,전주,4,나우캐스트,82.50770568847656,80.0,4,2.5077056884765625
2026-08-20 21:00:00,전주,4,ECMWF,100.0,80.0,0,20.0
2026-08-20 21:00:00,전주,4,GFS,100.0,80.0,12,20.0
2026-08-20 21:00:00,강릉,4,나우캐스트,89.29014587402344,100.0,4,10.709854125976562
2026-08-20 21:00:00,강릉,4,ECMWF,93.0,100.0,0,7.0
2026-08-20 21:00:00,강릉,4,GFS,98.0,100.0,12,2.0
2026-08-20 21:00:00,제주,4,나우캐스트,27.810791015625,0.0,4,27.810791015625
2026-08-20 21:00:00,제주,4,ECMWF,12.0,0.0,0,12.0
2026-08-20 21:00:00,제주,4,GFS,7.0,0.0,12,7.0
2026-08-20 21:00:00,서울,3,나우캐스트,80.69625854492188,100.0,3,19.303741455078125
2026-08-20 21:00:00,서울,3,ECMWF,94.0,100.0,0,6.0
2026-08-20 21:00:00,서울,3,GFS,74.0,100.0,12,26.0
2026-08-20 21:00:00,대전,3,나우캐스트,80.25714874267578,80.0,3,0.2571487426757812
2026-08-20 21:00:00,대전,3,ECMWF,65.0,80.0,0,15.0
2026-08-20 21:00:00,대전,3,GFS,95.0,80.0,12,15.0
2026-08-20 21:00:00,대구,3,나우캐스트,83.72996520996094,100.0,3,16.270034790039062
2026-08-20 21:00:00,대구,3,ECMWF,96.0,100.0,0,4.0
2026-08-20 21:00:00,대구,3,GFS,98.0,100.0,12,2.0
2026-08-20 21:00:00,광주,3,나우캐스트,70.93421936035156,70.0,3,0.9342193603515624
2026-08-20 21:00:00,광주,3,ECMWF,63.0,70.0,0,7.0
2026-08-20 21:00:00,광주,3,GFS,100.0,70.0,12,30.0
2026-08-20 21:00:00,부산,3,나우캐스트,59.49559020996094,90.0,3,30.504409790039062
2026-08-20 21:00:00,부산,3,ECMWF,86.0,90.0,0,4.0
2026-08-20 21:00:00,부산,3,GFS,100.0,90.0,12,10.0
2026-08-20 21:00:00,인천,3,나우캐스트,79.57070922851562,90.0,3,10.429290771484377
2026-08-20 21:00:00,인천,3,ECMWF,45.0,90.0,0,45.0
2026-08-20 21:00:00,인천,3,GFS,87.0,90.0,12,3.0
2026-08-20 21:00:00,수원,3,나우캐스트,77.46708679199219,100.0,3,22.53291320800781
2026-08-20 21:00:00,수원,3,ECMWF,91.0,100.0,0,9.0
2026-08-20 21:00:00,수원,3,GFS,90.0,100.0,12,10.0
2026-08-20 21:00:00,전주,3,나우캐스트,80.09672546386719,80.0,3,0.0967254638671875
2026-08-20 21:00:00,전주,3,ECMWF,100.0,80.0,0,20.0
2026-08-20 21:00:00,전주,3,GFS,100.0,80.0,12,20.0
2026-08-20 21:00:00,강릉,3,나우캐스트,88.58300018310547,100.0,3,11.416999816894531
2026-08-20 21:00:00,강릉,3,ECMWF,93.0,100.0,0,7.0
2026-08-20 21:00:00,강릉,3,GFS,98.0,100.0,12,2.0
2026-08-20 21:00:00,제주,3,나우캐스트,15.54439640045166,0.0,3,15.54439640045166
2026-08-20 21:00:00,제주,3,ECMWF,12.0,0.0,0,12.0
2026-08-20 21:00:00,제주,3,GFS,7.0,0.0,12,7.0
2026-08-21 00:00:00,서울,6,나우캐스트,79.58216857910156,100.0,6,20.41783142089844
2026-08-21 00:00:00,서울,6,ECMWF,43.0,100.0,3,57.0
2026-08-21 00:00:00,서울,6,GFS,99.0,100.0,15,1.0
2026-08-21 00:00:00,대전,6,나우캐스트,85.46031188964844,90.0,6,4.5396881103515625
2026-08-21 00:00:00,대전,6,ECMWF,72.0,90.0,3,18.0
2026-08-21 00:00:00,대전,6,GFS,78.0,90.0,15,12.0
2026-08-21 00:00:00,대구,6,나우캐스트,80.71815490722656,70.0,6,10.718154907226562
2026-08-21 00:00:00,대구,6,ECMWF,98.0,70.0,3,28.0
2026-08-21 00:00:00,대구,6,GFS,100.0,70.0,15,30.0
2026-08-21 00:00:00,광주,6,나우캐스트,43.53089904785156,80.0,6,36.46910095214844
2026-08-21 00:00:00,광주,6,ECMWF,73.0,80.0,3,7.0
2026-08-21 00:00:00,광주,6,GFS,100.0,80.0,15,20.0
2026-08-21 00:00:00,부산,6,나우캐스트,50.12924957275391,30.0,6,20.129249572753903
2026-08-21 00:00:00,부산,6,ECMWF,52.0,30.0,3,22.0
2026-08-21 00:00:00,부산,6,GFS,99.0,30.0,15,69.0
2026-08-21 00:00:00,인천,6,나우캐스트,79.75676727294922,100.0,6,20.24323272705078
2026-08-21 00:00:00,인천,6,ECMWF,29.0,100.0,3,71.0
2026-08-21 00:00:00,인천,6,GFS,100.0,100.0,15,0.0
2026-08-21 00:00:00,수원,6,나우캐스트,80.2729263305664,80.0,6,0.2729263305664062
2026-08-21 00:00:00,수원,6,ECMWF,66.0,80.0,3,14.0
2026-08-21 00:00:00,수원,6,GFS,98.0,80.0,15,18.0
2026-08-21 00:00:00,전주,6,나우캐스트,75.53832244873047,90.0,6,14.461677551269531
2026-08-21 00:00:00,전주,6,ECMWF,98.0,90.0,3,8.0
2026-08-21 00:00:00,전주,6,GFS,100.0,90.0,15,10.0
2026-08-21 00:00:00,강릉,6,나우캐스트,87.48696899414062,100.0,6,12.513031005859377
2026-08-21 00:00:00,강릉,6,ECMWF,98.0,100.0,3,2.0
2026-08-21 00:00:00,강릉,6,GFS,94.0,100.0,15,6.0
2026-08-21 00:00:00,제주,6,나우캐스트,14.263616561889648,0.0,6,14.263616561889648
2026-08-21 00:00:00,제주,6,ECMWF,30.0,0.0,3,30.0
2026-08-21 00:00:00,제주,6,GFS,100.0,0.0,15,100.0
2026-08-20 21:00:00,서울,2,나우캐스트,90.99534606933594,100.0,2,9.004653930664062
2026-08-20 21:00:00,서울,2,ECMWF,94.0,100.0,0,6.0
2026-08-20 21:00:00,서울,2,GFS,74.0,100.0,12,26.0
2026-08-20 21:00:00,대전,2,나우캐스트,78.51026916503906,80.0,2,1.4897308349609375
2026-08-20 21:00:00,대전,2,ECMWF,65.0,80.0,0,15.0
2026-08-20 21:00:00,대전,2,GFS,95.0,80.0,12,15.0
2026-08-20 21:00:00,대구,2,나우캐스트,86.90217590332031,100.0,2,13.097824096679688
2026-08-20 21:00:00,대구,2,ECMWF,96.0,100.0,0,4.0
2026-08-20 21:00:00,대구,2,GFS,98.0,100.0,12,2.0
2026-08-20 21:00:00,광주,2,나우캐스트,64.17975616455078,70.0,2,5.820243835449219
2026-08-20 21:00:00,광주,2,ECMWF,63.0,70.0,0,7.0
2026-08-20 21:00:00,광주,2,GFS,100.0,70.0,12,30.0
2026-08-20 21:00:00,부산,2,나우캐스트,68.09298706054688,90.0,2,21.907012939453125
2026-08-20 21:00:00,부산,2,ECMWF,86.0,90.0,0,4.0
2026-08-20 21:00:00,부산,2,GFS,100.0,90.0,12,10.0
2026-08-20 21:00:00,인천,2,나우캐스트,91.46275329589844,90.0,2,1.4627532958984375
2026-08-20 21:00:00,인천,2,ECMWF,45.0,90.0,0,45.0
2026-08-20 21:00:00,인천,2,GFS,87.0,90.0,12,3.0
2026-08-20 21:00:00,수원,2,나우캐스트,91.18540954589844,100.0,2,8.814590454101562
2026-08-20 21:00:00,수원,2,ECMWF,91.0,100.0,0,9.0
2026-08-20 21:00:00,수원,2,GFS,90.0,100.0,12,10.0
2026-08-20 21:00:00,전주,2,나우캐스트,76.43720245361328,80.0,2,3.5627975463867188
2026-08-20 21:00:00,전주,2,ECMWF,100.0,80.0,0,20.0
2026-08-20 21:00:00,전주,2,GFS,100.0,80.0,12,20.0
2026-08-20 21:00:00,강릉,2,나우캐스트,90.63777160644533,100.0,2,9.362228393554688
2026-08-20 21:00:00,강릉,2,ECMWF,93.0,100.0,0,7.0
2026-08-20 21:00:00,강릉,2,GFS,98.0,100.0,12,2.0
2026-08-20 21:00:00,제주,2,나우캐스트,4.676237106323242,0.0,2,4.676237106323242
2026-08-20 21:00:00,제주,2,ECMWF,12.0,0.0,0,12.0
2026-08-20 21:00:00,제주,2,GFS,7.0,0.0,12,7.0
2026-08-21 00:00:00,서울,5,나우캐스트,85.35990905761719,100.0,5,14.640090942382812
2026-08-21 00:00:00,서울,5,ECMWF,43.0,100.0,3,57.0
2026-08-21 00:00:00,서울,5,GFS,99.0,100.0,15,1.0
2026-08-21 00:00:00,대전,5,나우캐스트,85.90808868408203,90.0,5,4.091911315917969
2026-08-21 00:00:00,대전,5,ECMWF,72.0,90.0,3,18.0
2026-08-21 00:00:00,대전,5,GFS,78.0,90.0,15,12.0
2026-08-21 00:00:00,대구,5,나우캐스트,83.10791015625,70.0,5,13.10791015625
2026-08-21 00:00:00,대구,5,ECMWF,98.0,70.0,3,28.0
2026-08-21 00:00:00,대구,5,GFS,100.0,70.0,15,30.0
2026-08-21 00:00:00,광주,5,나우캐스트,60.6046257019043,80.0,5,19.395374298095703
2026-08-21 00:00:00,광주,5,ECMWF,73.0,80.0,3,7.0
2026-08-21 00:00:00,광주,5,GFS,100.0,80.0,15,20.0
2026-08-21 00:00:00,부산,5,나우캐스트,56.75992584228516,30.0,5,26.75992584228516
2026-08-21 00:00:00,부산,5,ECMWF,52.0,30.0,3,22.0
2026-08-21 00:00:00,부산,5,GFS,99.0,30.0,15,69.0
2026-08-21 00:00:00,인천,5,나우캐스트,86.124755859375,100.0,5,13.875244140625
2026-08-21 00:00:00,인천,5,ECMWF,29.0,100.0,3,71.0
2026-08-21 00:00:00,인천,5,GFS,100.0,100.0,15,0.0
2026-08-21 00:00:00,수원,5,나우캐스트,86.05335235595703,80.0,5,6.053352355957031
2026-08-21 00:00:00,수원,5,ECMWF,66.0,80.0,3,14.0
2026-08-21 00:00:00,수원,5,GFS,98.0,80.0,15,18.0
2026-08-21 00:00:00,전주,5,나우캐스트,79.93128204345703,90.0,5,10.068717956542969
2026-08-21 00:00:00,전주,5,ECMWF,98.0,90.0,3,8.0
2026-08-21 00:00:00,전주,5,GFS,100.0,90.0,15,10.0
2026-08-21 00:00:00,강릉,5,나우캐스트,88.73822021484375,100.0,5,11.26177978515625
2026-08-21 00:00:00,강릉,5,ECMWF,98.0,100.0,3,2.0
2026-08-21 00:00:00,강릉,5,GFS,94.0,100.0,15,6.0
2026-08-21 00:00:00,제주,5,나우캐스트,16.055641174316406,0.0,5,16.055641174316406
2026-08-21 00:00:00,제주,5,ECMWF,30.0,0.0,3,30.0
2026-08-21 00:00:00,제주,5,GFS,100.0,0.0,15,100.0
2026-08-20 21:00:00,서울,1,나우캐스트,94.42910766601562,100.0,1,5.570892333984375
2026-08-20 21:00:00,서울,1,ECMWF,94.0,100.0,0,6.0
2026-08-20 21:00:00,서울,1,GFS,74.0,100.0,12,26.0
2026-08-20 21:00:00,대전,1,나우캐스트,80.44355773925781,80.0,1,0.4435577392578125
2026-08-20 21:00:00,대전,1,ECMWF,65.0,80.0,0,15.0
2026-08-20 21:00:00,대전,1,GFS,95.0,80.0,12,15.0
2026-08-20 21:00:00,대구,1,나우캐스트,89.01594543457031,100.0,1,10.984054565429688
2026-08-20 21:00:00,대구,1,ECMWF,96.0,100.0,0,4.0
2026-08-20 21:00:00,대구,1,GFS,98.0,100.0,12,2.0
2026-08-20 21:00:00,광주,1,나우캐스트,54.85118103027344,70.0,1,15.148818969726562
2026-08-20 21:00:00,광주,1,ECMWF,63.0,70.0,0,7.0
2026-08-20 21:00:00,광주,1,GFS,100.0,70.0,12,30.0
2026-08-20 21:00:00,부산,1,나우캐스트,76.55192565917969,90.0,1,13.448074340820312
2026-08-20 21:00:00,부산,1,ECMWF,86.0,90.0,0,4.0
2026-08-20 21:00:00,부산,1,GFS,100.0,90.0,12,10.0
2026-08-20 21:00:00,인천,1,나우캐스트,95.23529815673828,90.0,1,5.235298156738281
2026-08-20 21:00:00,인천,1,ECMWF,45.0,90.0,0,45.0
2026-08-20 21:00:00,인천,1,GFS,87.0,90.0,12,3.0
2026-08-20 21:00:00,수원,1,나우캐스트,90.84777069091795,100.0,1,9.152229309082031
2026-08-20 21:00:00,수원,1,ECMWF,91.0,100.0,0,9.0
2026-08-20 21:00:00,수원,1,GFS,90.0,100.0,12,10.0
2026-08-20 21:00:00,전주,1,나우캐스트,80.92124938964844,80.0,1,0.9212493896484376
2026-08-20 21:00:00,전주,1,ECMWF,100.0,80.0,0,20.0
2026-08-20 21:00:00,전주,1,GFS,100.0,80.0,12,20.0
2026-08-20 21:00:00,강릉,1,나우캐스트,82.74604034423828,100.0,1,17.25395965576172
2026-08-20 21:00:00,강릉,1,ECMWF,93.0,100.0,0,7.0
2026-08-20 21:00:00,강릉,1,GFS,98.0,100.0,12,2.0
2026-08-20 21:00:00,제주,1,나우캐스트,3.769652843475342,0.0,1,3.769652843475342
2026-08-20 21:00:00,제주,1,ECMWF,12.0,0.0,0,12.0
2026-08-20 21:00:00,제주,1,GFS,7.0,0.0,12,7.0
2026-08-21 00:00:00,서울,4,나우캐스트,90.34010314941406,100.0,4,9.659896850585938
2026-08-21 00:00:00,서울,4,ECMWF,43.0,100.0,3,57.0
2026-08-21 00:00:00,서울,4,GFS,99.0,100.0,15,1.0
2026-08-21 00:00:00,대전,4,나우캐스트,86.33210754394531,90.0,4,3.667892456054688
2026-08-21 00:00:00,대전,4,ECMWF,72.0,90.0,3,18.0
2026-08-21 00:00:00,대전,4,GFS,78.0,90.0,15,12.0
2026-08-21 00:00:00,대구,4,나우캐스트,83.25942993164062,70.0,4,13.259429931640623
2026-08-21 00:00:00,대구,4,ECMWF,98.0,70.0,3,28.0
2026-08-21 00:00:00,대구,4,GFS,100.0,70.0,15,30.0
2026-08-21 00:00:00,광주,4,나우캐스트,48.327735900878906,80.0,4,31.672264099121094
2026-08-21 00:00:00,광주,4,ECMWF,73.0,80.0,3,7.0
2026-08-21 00:00:00,광주,4,GFS,100.0,80.0,15,20.0
2026-08-21 00:00:00,부산,4,나우캐스트,66.88510131835938,30.0,4,36.885101318359375
2026-08-21 00:00:00,부산,4,ECMWF,52.0,30.0,3,22.0
2026-08-21 00:00:00,부산,4,GFS,99.0,30.0,15,69.0
2026-08-21 00:00:00,인천,4,나우캐스트,90.80671691894533,100.0,4,9.193283081054688
2026-08-21 00:00:00,인천,4,ECMWF,29.0,100.0,3,71.0
2026-08-21 00:00:00,인천,4,GFS,100.0,100.0,15,0.0
2026-08-21 00:00:00,수원,4,나우캐스트,88.56510925292969,80.0,4,8.565109252929688
2026-08-21 00:00:00,수원,4,ECMWF,66.0,80.0,3,14.0
2026-08-21 00:00:00,수원,4,GFS,98.0,80.0,15,18.0
2026-08-21 00:00:00,전주,4,나우캐스트,75.96378326416016,90.0,4,14.036216735839844
2026-08-21 00:00:00,전주,4,ECMWF,98.0,90.0,3,8.0
2026-08-21 00:00:00,전주,4,GFS,100.0,90.0,15,10.0
2026-08-21 00:00:00,강릉,4,나우캐스트,89.12738037109375,100.0,4,10.87261962890625
2026-08-21 00:00:00,강릉,4,ECMWF,98.0,100.0,3,2.0
2026-08-21 00:00:00,강릉,4,GFS,94.0,100.0,15,6.0
2026-08-21 00:00:00,제주,4,나우캐스트,10.219034194946287,0.0,4,10.219034194946287
2026-08-21 00:00:00,제주,4,ECMWF,30.0,0.0,3,30.0
2026-08-21 00:00:00,제주,4,GFS,100.0,0.0,15,100.0
2026-08-21 00:00:00,서울,3,나우캐스트,89.28872680664062,100.0,3,10.711273193359377
2026-08-21 00:00:00,서울,3,ECMWF,43.0,100.0,3,57.0
2026-08-21 00:00:00,서울,3,GFS,99.0,100.0,15,1.0
2026-08-21 00:00:00,대전,3,나우캐스트,80.48190307617188,90.0,3,9.518096923828123
2026-08-21 00:00:00,대전,3,ECMWF,72.0,90.0,3,18.0
2026-08-21 00:00:00,대전,3,GFS,78.0,90.0,15,12.0
2026-08-21 00:00:00,대구,3,나우캐스트,70.75242614746094,70.0,3,0.7524261474609375
2026-08-21 00:00:00,대구,3,ECMWF,98.0,70.0,3,28.0
2026-08-21 00:00:00,대구,3,GFS,100.0,70.0,15,30.0
2026-08-21 00:00:00,광주,3,나우캐스트,53.94176483154297,80.0,3,26.05823516845703
2026-08-21 00:00:00,광주,3,ECMWF,73.0,80.0,3,7.0
2026-08-21 00:00:00,광주,3,GFS,100.0,80.0,15,20.0
2026-08-21 00:00:00,부산,3,나우캐스트,52.87899017333984,30.0,3,22.878990173339844
2026-08-21 00:00:00,부산,3,ECMWF,52.0,30.0,3,22.0
2026-08-21 00:00:00,부산,3,GFS,99.0,30.0,15,69.0
2026-08-21 00:00:00,인천,3,나우캐스트,87.9787826538086,100.0,3,12.021217346191406
2026-08-21 00:00:00,인천,3,ECMWF,29.0,100.0,3,71.0
2026-08-21 00:00:00,인천,3,GFS,100.0,100.0,15,0.0
2026-08-21 00:00:00,수원,3,나우캐스트,84.58137512207031,80.0,3,4.5813751220703125
2026-08-21 00:00:00,수원,3,ECMWF,66.0,80.0,3,14.0
2026-08-21 00:00:00,수원,3,GFS,98.0,80.0,15,18.0
2026-08-21 00:00:00,전주,3,나우캐스트,76.22053527832031,90.0,3,13.779464721679688
2026-08-21 00:00:00,전주,3,ECMWF,98.0,90.0,3,8.0
2026-08-21 00:00:00,전주,3,GFS,100.0,90.0,15,10.0
2026-08-21 00:00:00,강릉,3,나우캐스트,91.38034057617188,100.0,3,8.619659423828125
2026-08-21 00:00:00,강릉,3,ECMWF,98.0,100.0,3,2.0
2026-08-21 00:00:00,강릉,3,GFS,94.0,100.0,15,6.0
2026-08-21 00:00:00,제주,3,나우캐스트,6.385380744934082,0.0,3,6.385380744934082
2026-08-21 00:00:00,제주,3,ECMWF,30.0,0.0,3,30.0
2026-08-21 00:00:00,제주,3,GFS,100.0,0.0,15,100.0
2026-08-21 00:00:00,서울,2,나우캐스트,87.7125473022461,100.0,2,12.287452697753906
2026-08-21 00:00:00,서울,2,ECMWF,43.0,100.0,3,57.0
2026-08-21 00:00:00,서울,2,GFS,99.0,100.0,15,1.0
2026-08-21 00:00:00,대전,2,나우캐스트,74.1926498413086,90.0,2,15.807350158691406
2026-08-21 00:00:00,대전,2,ECMWF,72.0,90.0,3,18.0
2026-08-21 00:00:00,대전,2,GFS,78.0,90.0,15,12.0
2026-08-21 00:00:00,대구,2,나우캐스트,68.93177795410156,70.0,2,1.0682220458984375
2026-08-21 00:00:00,대구,2,ECMWF,98.0,70.0,3,28.0
2026-08-21 00:00:00,대구,2,GFS,100.0,70.0,15,30.0
2026-08-21 00:00:00,광주,2,나우캐스트,54.25894165039063,80.0,2,25.74105834960937
2026-08-21 00:00:00,광주,2,ECMWF,73.0,80.0,3,7.0
2026-08-21 00:00:00,광주,2,GFS,100.0,80.0,15,20.0
2026-08-21 00:00:00,부산,2,나우캐스트,65.84017181396484,30.0,2,35.840171813964844
2026-08-21 00:00:00,부산,2,ECMWF,52.0,30.0,3,22.0
2026-08-21 00:00:00,부산,2,GFS,99.0,30.0,15,69.0
2026-08-21 00:00:00,인천,2,나우캐스트,86.06842803955078,100.0,2,13.93157196044922
2026-08-21 00:00:00,인천,2,ECMWF,29.0,100.0,3,71.0
2026-08-21 00:00:00,인천,2,GFS,100.0,100.0,15,0.0
2026-08-21 00:00:00,수원,2,나우캐스트,81.21226501464844,80.0,2,1.2122650146484375
2026-08-21 00:00:00,수원,2,ECMWF,66.0,80.0,3,14.0
2026-08-21 00:00:00,수원,2,GFS,98.0,80.0,15,18.0
2026-08-21 00:00:00,전주,2,나우캐스트,79.86965942382812,90.0,2,10.130340576171877
2026-08-21 00:00:00,전주,2,ECMWF,98.0,90.0,3,8.0
2026-08-21 00:00:00,전주,2,GFS,100.0,90.0,15,10.0
2026-08-21 00:00:00,강릉,2,나우캐스트,95.32008361816406,100.0,2,4.6799163818359375
2026-08-21 00:00:00,강릉,2,ECMWF,98.0,100.0,3,2.0
2026-08-21 00:00:00,강릉,2,GFS,94.0,100.0,15,6.0
2026-08-21 00:00:00,제주,2,나우캐스트,2.9564096927642822,0.0,2,2.9564096927642822
2026-08-21 00:00:00,제주,2,ECMWF,30.0,0.0,3,30.0
2026-08-21 00:00:00,제주,2,GFS,100.0,0.0,15,100.0
2026-08-21 00:00:00,서울,1,나우캐스트,99.3287353515625,100.0,1,0.6712646484375
2026-08-21 00:00:00,서울,1,ECMWF,43.0,100.0,3,57.0
2026-08-21 00:00:00,서울,1,GFS,99.0,100.0,15,1.0
2026-08-21 00:00:00,대전,1,나우캐스트,81.65949249267578,90.0,1,8.340507507324219
2026-08-21 00:00:00,대전,1,ECMWF,72.0,90.0,3,18.0
2026-08-21 00:00:00,대전,1,GFS,78.0,90.0,15,12.0
2026-08-21 00:00:00,대구,1,나우캐스트,55.25594711303711,70.0,1,14.74405288696289
2026-08-21 00:00:00,대구,1,ECMWF,98.0,70.0,3,28.0
2026-08-21 00:00:00,대구,1,GFS,100.0,70.0,15,30.0
2026-08-21 00:00:00,광주,1,나우캐스트,72.02969360351562,80.0,1,7.970306396484375
2026-08-21 00:00:00,광주,1,ECMWF,73.0,80.0,3,7.0
2026-08-21 00:00:00,광주,1,GFS,100.0,80.0,15,20.0
2026-08-21 00:00:00,부산,1,나우캐스트,22.90757179260254,30.0,1,7.092428207397461
2026-08-21 00:00:00,부산,1,ECMWF,52.0,30.0,3,22.0
2026-08-21 00:00:00,부산,1,GFS,99.0,30.0,15,69.0
2026-08-21 00:00:00,인천,1,나우캐스트,98.83487701416016,100.0,1,1.1651229858398438
2026-08-21 00:00:00,인천,1,ECMWF,29.0,100.0,3,71.0
2026-08-21 00:00:00,인천,1,GFS,100.0,100.0,15,0.0
2026-08-21 00:00:00,수원,1,나우캐스트,87.1023178100586,80.0,1,7.102317810058594
2026-08-21 00:00:00,수원,1,ECMWF,66.0,80.0,3,14.0
2026-08-21 00:00:00,수원,1,GFS,98.0,80.0,15,18.0
2026-08-21 00:00:00,전주,1,나우캐스트,82.16492462158203,90.0,1,7.835075378417969
2026-08-21 00:00:00,전주,1,ECMWF,98.0,90.0,3,8.0
2026-08-21 00:00:00,전주,1,GFS,100.0,90.0,15,10.0
2026-08-21 00:00:00,강릉,1,나우캐스트,98.29541015625,100.0,1,1.70458984375
2026-08-21 00:00:00,강릉,1,ECMWF,98.0,100.0,3,2.0
2026-08-21 00:00:00,강릉,1,GFS,94.0,100.0,15,6.0
2026-08-21 00:00:00,제주,1,나우캐스트,15.238161087036133,0.0,1,15.238161087036133
2026-08-21 00:00:00,제주,1,ECMWF,30.0,0.0,3,30.0
2026-08-21 00:00:00,제주,1,GFS,100.0,0.0,15,100.0
2026-08-21 03:00:00,서울,6,나우캐스트,88.87504577636719,100.0,6,11.124954223632812
2026-08-21 03:00:00,서울,6,ECMWF,95.0,100.0,6,5.0
2026-08-21 03:00:00,서울,6,GFS,100.0,100.0,0,0.0
2026-08-21 03:00:00,서울,6,KIM,71.0,100.0,0,29.0
2026-08-21 03:00:00,대전,6,나우캐스트,85.885009765625,80.0,6,5.885009765625
2026-08-21 03:00:00,대전,6,ECMWF,99.0,80.0,6,19.0
2026-08-21 03:00:00,대전,6,GFS,99.0,80.0,0,19.0
2026-08-21 03:00:00,대전,6,KIM,100.0,80.0,0,20.0
2026-08-21 03:00:00,대구,6,나우캐스트,70.2924575805664,70.0,6,0.2924575805664062
2026-08-21 03:00:00,대구,6,ECMWF,89.0,70.0,6,19.0
2026-08-21 03:00:00,대구,6,GFS,90.0,70.0,0,20.0
2026-08-21 03:00:00,대구,6,KIM,100.0,70.0,0,30.0
2026-08-21 03:00:00,광주,6,나우캐스트,57.68464660644531,70.0,6,12.315353393554688
2026-08-21 03:00:00,광주,6,ECMWF,73.0,70.0,6,3.0
2026-08-21 03:00:00,광주,6,GFS,100.0,70.0,0,30.0
2026-08-21 03:00:00,광주,6,KIM,100.0,70.0,0,30.0
2026-08-21 03:00:00,부산,6,나우캐스트,56.786170959472656,90.0,6,33.213829040527344
2026-08-21 03:00:00,부산,6,ECMWF,45.0,90.0,6,45.0
2026-08-21 03:00:00,부산,6,GFS,100.0,90.0,0,10.0
2026-08-21 03:00:00,부산,6,KIM,70.0,90.0,0,20.0
2026-08-21 03:00:00,인천,6,나우캐스트,88.27616119384766,80.0,6,8.276161193847656
2026-08-21 03:00:00,인천,6,ECMWF,95.0,80.0,6,15.0
2026-08-21 03:00:00,인천,6,GFS,100.0,80.0,0,20.0
2026-08-21 03:00:00,인천,6,KIM,67.0,80.0,0,13.0
2026-08-21 03:00:00,수원,6,나우캐스트,86.64395904541016,80.0,6,6.643959045410156
2026-08-21 03:00:00,수원,6,ECMWF,98.0,80.0,6,18.0
2026-08-21 03:00:00,수원,6,GFS,91.0,80.0,0,11.0
2026-08-21 03:00:00,수원,6,KIM,87.0,80.0,0,7.0
2026-08-21 03:00:00,전주,6,나우캐스트,73.71636199951172,60.0,6,13.71636199951172
2026-08-21 03:00:00,전주,6,ECMWF,73.0,60.0,6,13.0
2026-08-21 03:00:00,전주,6,GFS,100.0,60.0,0,40.0
2026-08-21 03:00:00,전주,6,KIM,100.0,60.0,0,40.0
2026-08-21 03:00:00,강릉,6,나우캐스트,88.01287841796875,100.0,6,11.98712158203125
2026-08-21 03:00:00,강릉,6,ECMWF,66.0,100.0,6,34.0
2026-08-21 03:00:00,강릉,6,GFS,37.0,100.0,0,63.0
2026-08-21 03:00:00,강릉,6,KIM,44.0,100.0,0,56.0
2026-08-21 03:00:00,제주,6,나우캐스트,21.596269607543945,40.0,6,18.40373039245605
2026-08-21 03:00:00,제주,6,ECMWF,70.0,40.0,6,30.0
2026-08-21 03:00:00,제주,6,GFS,100.0,40.0,0,60.0
2026-08-21 03:00:00,제주,6,KIM,85.0,40.0,0,45.0
2026-08-21 03:00:00,서울,5,나우캐스트,88.49563598632812,100.0,5,11.504364013671877
2026-08-21 03:00:00,서울,5,ECMWF,95.0,100.0,6,5.0
2026-08-21 03:00:00,서울,5,GFS,100.0,100.0,0,0.0
2026-08-21 03:00:00,서울,5,KIM,71.0,100.0,0,29.0
2026-08-21 03:00:00,대전,5,나우캐스트,81.64888000488281,80.0,5,1.6488800048828125
2026-08-21 03:00:00,대전,5,ECMWF,99.0,80.0,6,19.0
2026-08-21 03:00:00,대전,5,GFS,99.0,80.0,0,19.0
2026-08-21 03:00:00,대전,5,KIM,100.0,80.0,0,20.0
2026-08-21 03:00:00,대구,5,나우캐스트,69.01730346679688,70.0,5,0.982696533203125
2026-08-21 03:00:00,대구,5,ECMWF,89.0,70.0,6,19.0
2026-08-21 03:00:00,대구,5,GFS,90.0,70.0,0,20.0
2026-08-21 03:00:00,대구,5,KIM,100.0,70.0,0,30.0
2026-08-21 03:00:00,광주,5,나우캐스트,44.41848373413086,70.0,5,25.58151626586914
2026-08-21 03:00:00,광주,5,ECMWF,73.0,70.0,6,3.0
2026-08-21 03:00:00,광주,5,GFS,100.0,70.0,0,30.0
2026-08-21 03:00:00,광주,5,KIM,100.0,70.0,0,30.0
2026-08-21 03:00:00,부산,5,나우캐스트,65.03746032714844,90.0,5,24.96253967285156
2026-08-21 03:00:00,부산,5,ECMWF,45.0,90.0,6,45.0
2026-08-21 03:00:00,부산,5,GFS,100.0,90.0,0,10.0
2026-08-21 03:00:00,부산,5,KIM,70.0,90.0,0,20.0
2026-08-21 03:00:00,인천,5,나우캐스트,88.88859558105469,80.0,5,8.888595581054688
2026-08-21 03:00:00,인천,5,ECMWF,95.0,80.0,6,15.0
2026-08-21 03:00:00,인천,5,GFS,100.0,80.0,0,20.0
2026-08-21 03:00:00,인천,5,KIM,67.0,80.0,0,13.0
2026-08-21 03:00:00,수원,5,나우캐스트,87.18605041503906,80.0,5,7.186050415039063
2026-08-21 03:00:00,수원,5,ECMWF,98.0,80.0,6,18.0
2026-08-21 03:00:00,수원,5,GFS,91.0,80.0,0,11.0
2026-08-21 03:00:00,수원,5,KIM,87.0,80.0,0,7.0
2026-08-21 03:00:00,전주,5,나우캐스트,73.22315979003906,60.0,5,13.223159790039062
2026-08-21 03:00:00,전주,5,ECMWF,73.0,60.0,6,13.0
2026-08-21 03:00:00,전주,5,GFS,100.0,60.0,0,40.0
2026-08-21 03:00:00,전주,5,KIM,100.0,60.0,0,40.0
2026-08-21 03:00:00,강릉,5,나우캐스트,87.16778564453125,100.0,5,12.83221435546875
2026-08-21 03:00:00,강릉,5,ECMWF,66.0,100.0,6,34.0
2026-08-21 03:00:00,강릉,5,GFS,37.0,100.0,0,63.0
2026-08-21 03:00:00,강릉,5,KIM,44.0,100.0,0,56.0
2026-08-21 03:00:00,제주,5,나우캐스트,7.256138324737549,40.0,5,32.74386167526245
2026-08-21 03:00:00,제주,5,ECMWF,70.0,40.0,6,30.0
2026-08-21 03:00:00,제주,5,GFS,100.0,40.0,0,60.0
2026-08-21 03:00:00,제주,5,KIM,85.0,40.0,0,45.0
2026-08-21 03:00:00,서울,4,나우캐스트,90.67068481445312,100.0,4,9.329315185546877
2026-08-21 03:00:00,서울,4,ECMWF,95.0,100.0,6,5.0
2026-08-21 03:00:00,서울,4,GFS,100.0,100.0,0,0.0
2026-08-21 03:00:00,서울,4,KIM,71.0,100.0,0,29.0
2026-08-21 03:00:00,대전,4,나우캐스트,79.8751220703125,80.0,4,0.1248779296875
2026-08-21 03:00:00,대전,4,ECMWF,99.0,80.0,6,19.0
2026-08-21 03:00:00,대전,4,GFS,99.0,80.0,0,19.0
2026-08-21 03:00:00,대전,4,KIM,100.0,80.0,0,20.0
2026-08-21 03:00:00,대구,4,나우캐스트,65.65274047851562,70.0,4,4.347259521484375
2026-08-21 03:00:00,대구,4,ECMWF,89.0,70.0,6,19.0
2026-08-21 03:00:00,대구,4,GFS,90.0,70.0,0,20.0
2026-08-21 03:00:00,대구,4,KIM,100.0,70.0,0,30.0
2026-08-21 03:00:00,광주,4,나우캐스트,46.98584365844727,70.0,4,23.01415634155273
2026-08-21 03:00:00,광주,4,ECMWF,73.0,70.0,6,3.0
2026-08-21 03:00:00,광주,4,GFS,100.0,70.0,0,30.0
2026-08-21 03:00:00,광주,4,KIM,100.0,70.0,0,30.0
2026-08-21 03:00:00,부산,4,나우캐스트,54.375274658203125,90.0,4,35.624725341796875
2026-08-21 03:00:00,부산,4,ECMWF,45.0,90.0,6,45.0
2026-08-21 03:00:00,부산,4,GFS,100.0,90.0,0,10.0
2026-08-21 03:00:00,부산,4,KIM,70.0,90.0,0,20.0
2026-08-21 03:00:00,인천,4,나우캐스트,89.82683563232422,80.0,4,9.82683563232422
2026-08-21 03:00:00,인천,4,ECMWF,95.0,80.0,6,15.0
2026-08-21 03:00:00,인천,4,GFS,100.0,80.0,0,20.0
2026-08-21 03:00:00,인천,4,KIM,67.0,80.0,0,13.0
2026-08-21 03:00:00,수원,4,나우캐스트,87.63179779052734,80.0,4,7.631797790527344
2026-08-21 03:00:00,수원,4,ECMWF,98.0,80.0,6,18.0
2026-08-21 03:00:00,수원,4,GFS,91.0,80.0,0,11.0
2026-08-21 03:00:00,수원,4,KIM,87.0,80.0,0,7.0
2026-08-21 03:00:00,전주,4,나우캐스트,74.16683959960938,60.0,4,14.166839599609377
2026-08-21 03:00:00,전주,4,ECMWF,73.0,60.0,6,13.0
2026-08-21 03:00:00,전주,4,GFS,100.0,60.0,0,40.0
2026-08-21 03:00:00,전주,4,KIM,100.0,60.0,0,40.0
2026-08-21 03:00:00,강릉,4,나우캐스트,90.07685089111328,100.0,4,9.92314910888672
2026-08-21 03:00:00,강릉,4,ECMWF,66.0,100.0,6,34.0
2026-08-21 03:00:00,강릉,4,GFS,37.0,100.0,0,63.0
2026-08-21 03:00:00,강릉,4,KIM,44.0,100.0,0,56.0
2026-08-21 03:00:00,제주,4,나우캐스트,16.61591339111328,40.0,4,23.38408660888672
2026-08-21 03:00:00,제주,4,ECMWF,70.0,40.0,6,30.0
2026-08-21 03:00:00,제주,4,GFS,100.0,40.0,0,60.0
2026-08-21 03:00:00,제주,4,KIM,85.0,40.0,0,45.0
2026-08-21 03:00:00,서울,3,나우캐스트,92.3873519897461,100.0,3,7.612648010253906
2026-08-21 03:00:00,서울,3,ECMWF,95.0,100.0,6,5.0
2026-08-21 03:00:00,서울,3,GFS,100.0,100.0,0,0.0
2026-08-21 03:00:00,서울,3,KIM,71.0,100.0,0,29.0
2026-08-21 03:00:00,대전,3,나우캐스트,79.8899154663086,80.0,3,0.1100845336914062
2026-08-21 03:00:00,대전,3,ECMWF,99.0,80.0,6,19.0
2026-08-21 03:00:00,대전,3,GFS,99.0,80.0,0,19.0
2026-08-21 03:00:00,대전,3,KIM,100.0,80.0,0,20.0
2026-08-21 03:00:00,대구,3,나우캐스트,63.04885482788086,70.0,3,6.951145172119141
2026-08-21 03:00:00,대구,3,ECMWF,89.0,70.0,6,19.0
2026-08-21 03:00:00,대구,3,GFS,90.0,70.0,0,20.0
2026-08-21 03:00:00,대구,3,KIM,100.0,70.0,0,30.0
2026-08-21 03:00:00,광주,3,나우캐스트,58.26394271850586,70.0,3,11.73605728149414
2026-08-21 03:00:00,광주,3,ECMWF,73.0,70.0,6,3.0
2026-08-21 03:00:00,광주,3,GFS,100.0,70.0,0,30.0
2026-08-21 03:00:00,광주,3,KIM,100.0,70.0,0,30.0
2026-08-21 03:00:00,부산,3,나우캐스트,57.483848571777344,90.0,3,32.516151428222656
2026-08-21 03:00:00,부산,3,ECMWF,45.0,90.0,6,45.0
2026-08-21 03:00:00,부산,3,GFS,100.0,90.0,0,10.0
2026-08-21 03:00:00,부산,3,KIM,70.0,90.0,0,20.0
2026-08-21 03:00:00,인천,3,나우캐스트,93.70030975341795,80.0,3,13.700309753417969
2026-08-21 03:00:00,인천,3,ECMWF,95.0,80.0,6,15.0
2026-08-21 03:00:00,인천,3,GFS,100.0,80.0,0,20.0
2026-08-21 03:00:00,인천,3,KIM,67.0,80.0,0,13.0
2026-08-21 03:00:00,수원,3,나우캐스트,90.65443420410156,80.0,3,10.654434204101562
2026-08-21 03:00:00,수원,3,ECMWF,98.0,80.0,6,18.0
2026-08-21 03:00:00,수원,3,GFS,91.0,80.0,0,11.0
2026-08-21 03:00:00,수원,3,KIM,87.0,80.0,0,7.0
2026-08-21 03:00:00,전주,3,나우캐스트,69.86185455322266,60.0,3,9.861854553222656
2026-08-21 03:00:00,전주,3,ECMWF,73.0,60.0,6,13.0
2026-08-21 03:00:00,전주,3,GFS,100.0,60.0,0,40.0
2026-08-21 03:00:00,전주,3,KIM,100.0,60.0,0,40.0
2026-08-21 03:00:00,강릉,3,나우캐스트,87.44731140136719,100.0,3,12.552688598632812
2026-08-21 03:00:00,강릉,3,ECMWF,66.0,100.0,6,34.0
2026-08-21 03:00:00,강릉,3,GFS,37.0,100.0,0,63.0
2026-08-21 03:00:00,강릉,3,KIM,44.0,100.0,0,56.0
2026-08-21 03:00:00,제주,3,나우캐스트,10.214632987976074,40.0,3,29.78536701202393
2026-08-21 03:00:00,제주,3,ECMWF,70.0,40.0,6,30.0
2026-08-21 03:00:00,제주,3,GFS,100.0,40.0,0,60.0
2026-08-21 03:00:00,제주,3,KIM,85.0,40.0,0,45.0
2026-08-21 06:00:00,서울,6,나우캐스트,92.47599792480467,100.0,6,7.524002075195312
2026-08-21 06:00:00,서울,6,ECMWF,100.0,100.0,9,0.0
2026-08-21 06:00:00,서울,6,GFS,100.0,100.0,3,0.0
2026-08-21 06:00:00,서울,6,KIM,100.0,100.0,3,0.0
2026-08-21 06:00:00,대전,6,나우캐스트,77.66918182373047,90.0,6,12.330818176269531
2026-08-21 06:00:00,대전,6,ECMWF,100.0,90.0,9,10.0
2026-08-21 06:00:00,대전,6,GFS,100.0,90.0,3,10.0
2026-08-21 06:00:00,대전,6,KIM,100.0,90.0,3,10.0
2026-08-21 06:00:00,대구,6,나우캐스트,70.48147583007812,100.0,6,29.518524169921875
2026-08-21 06:00:00,대구,6,ECMWF,97.0,100.0,9,3.0
2026-08-21 06:00:00,대구,6,GFS,72.0,100.0,3,28.0
2026-08-21 06:00:00,대구,6,KIM,100.0,100.0,3,0.0
2026-08-21 06:00:00,광주,6,나우캐스트,26.675731658935547,70.0,6,43.32426834106445
2026-08-21 06:00:00,광주,6,ECMWF,99.0,70.0,9,29.0
2026-08-21 06:00:00,광주,6,GFS,99.0,70.0,3,29.0
2026-08-21 06:00:00,광주,6,KIM,100.0,70.0,3,30.0
2026-08-21 06:00:00,부산,6,나우캐스트,62.02968215942383,30.0,6,32.02968215942383
2026-08-21 06:00:00,부산,6,ECMWF,24.0,30.0,9,6.0
2026-08-21 06:00:00,부산,6,GFS,100.0,30.0,3,70.0
2026-08-21 06:00:00,부산,6,KIM,100.0,30.0,3,70.0
2026-08-21 06:00:00,인천,6,나우캐스트,92.97911834716795,100.0,6,7.020881652832031
2026-08-21 06:00:00,인천,6,ECMWF,100.0,100.0,9,0.0
2026-08-21 06:00:00,인천,6,GFS,100.0,100.0,3,0.0
2026-08-21 06:00:00,인천,6,KIM,100.0,100.0,3,0.0
2026-08-21 06:00:00,수원,6,나우캐스트,91.45765686035156,100.0,6,8.542343139648438
2026-08-21 06:00:00,수원,6,ECMWF,100.0,100.0,9,0.0
2026-08-21 06:00:00,수원,6,GFS,87.0,100.0,3,13.0
2026-08-21 06:00:00,수원,6,KIM,100.0,100.0,3,0.0
2026-08-21 06:00:00,전주,6,나우캐스트,63.6998176574707,80.0,6,16.300182342529297
2026-08-21 06:00:00,전주,6,ECMWF,100.0,80.0,9,20.0
2026-08-21 06:00:00,전주,6,GFS,99.0,80.0,3,19.0
2026-08-21 06:00:00,전주,6,KIM,100.0,80.0,3,20.0
2026-08-21 06:00:00,강릉,6,나우캐스트,89.01834106445312,100.0,6,10.981658935546877
2026-08-21 06:00:00,강릉,6,ECMWF,100.0,100.0,9,0.0
2026-08-21 06:00:00,강릉,6,GFS,100.0,100.0,3,0.0
2026-08-21 06:00:00,강릉,6,KIM,100.0,100.0,3,0.0
2026-08-21 06:00:00,제주,6,나우캐스트,13.310205459594728,40.0,6,26.689794540405277
2026-08-21 06:00:00,제주,6,ECMWF,91.0,40.0,9,51.0
2026-08-21 06:00:00,제주,6,GFS,86.0,40.0,3,46.0
2026-08-21 06:00:00,제주,6,KIM,82.0,40.0,3,42.0
2026-08-21 03:00:00,서울,2,나우캐스트,86.6729507446289,100.0,2,13.327049255371094
2026-08-21 03:00:00,서울,2,ECMWF,95.0,100.0,6,5.0
2026-08-21 03:00:00,서울,2,GFS,100.0,100.0,0,0.0
2026-08-21 03:00:00,서울,2,KIM,71.0,100.0,0,29.0
2026-08-21 03:00:00,대전,2,나우캐스트,81.88685607910156,80.0,2,1.8868560791015625
2026-08-21 03:00:00,대전,2,ECMWF,99.0,80.0,6,19.0
2026-08-21 03:00:00,대전,2,GFS,99.0,80.0,0,19.0
2026-08-21 03:00:00,대전,2,KIM,100.0,80.0,0,20.0
2026-08-21 03:00:00,대구,2,나우캐스트,64.62258911132812,70.0,2,5.377410888671875
2026-08-21 03:00:00,대구,2,ECMWF,89.0,70.0,6,19.0
2026-08-21 03:00:00,대구,2,GFS,90.0,70.0,0,20.0
2026-08-21 03:00:00,대구,2,KIM,100.0,70.0,0,30.0
2026-08-21 03:00:00,광주,2,나우캐스트,75.92457580566406,70.0,2,5.924575805664063
2026-08-21 03:00:00,광주,2,ECMWF,73.0,70.0,6,3.0
2026-08-21 03:00:00,광주,2,GFS,100.0,70.0,0,30.0
2026-08-21 03:00:00,광주,2,KIM,100.0,70.0,0,30.0
2026-08-21 03:00:00,부산,2,나우캐스트,37.21233749389648,90.0,2,52.78766250610352
2026-08-21 03:00:00,부산,2,ECMWF,45.0,90.0,6,45.0
2026-08-21 03:00:00,부산,2,GFS,100.0,90.0,0,10.0
2026-08-21 03:00:00,부산,2,KIM,70.0,90.0,0,20.0
2026-08-21 03:00:00,인천,2,나우캐스트,91.8772201538086,80.0,2,11.877220153808594
2026-08-21 03:00:00,인천,2,ECMWF,95.0,80.0,6,15.0
2026-08-21 03:00:00,인천,2,GFS,100.0,80.0,0,20.0
2026-08-21 03:00:00,인천,2,KIM,67.0,80.0,0,13.0
2026-08-21 03:00:00,수원,2,나우캐스트,85.03590393066406,80.0,2,5.035903930664063
2026-08-21 03:00:00,수원,2,ECMWF,98.0,80.0,6,18.0
2026-08-21 03:00:00,수원,2,GFS,91.0,80.0,0,11.0
2026-08-21 03:00:00,수원,2,KIM,87.0,80.0,0,7.0
2026-08-21 03:00:00,전주,2,나우캐스트,60.928497314453125,60.0,2,0.928497314453125
2026-08-21 03:00:00,전주,2,ECMWF,73.0,60.0,6,13.0
2026-08-21 03:00:00,전주,2,GFS,100.0,60.0,0,40.0
2026-08-21 03:00:00,전주,2,KIM,100.0,60.0,0,40.0
2026-08-21 03:00:00,강릉,2,나우캐스트,81.96322631835938,100.0,2,18.036773681640625
2026-08-21 03:00:00,강릉,2,ECMWF,66.0,100.0,6,34.0
2026-08-21 03:00:00,강릉,2,GFS,37.0,100.0,0,63.0
2026-08-21 03:00:00,강릉,2,KIM,44.0,100.0,0,56.0
2026-08-21 03:00:00,제주,2,나우캐스트,8.651738166809082,40.0,2,31.34826183319092
2026-08-21 03:00:00,제주,2,ECMWF,70.0,40.0,6,30.0
2026-08-21 03:00:00,제주,2,GFS,100.0,40.0,0,60.0
2026-08-21 03:00:00,제주,2,KIM,85.0,40.0,0,45.0
2026-08-21 06:00:00,서울,5,나우캐스트,91.80401611328124,100.0,5,8.19598388671875
2026-08-21 06:00:00,서울,5,ECMWF,100.0,100.0,9,0.0
2026-08-21 06:00:00,서울,5,GFS,100.0,100.0,3,0.0
2026-08-21 06:00:00,서울,5,KIM,100.0,100.0,3,0.0
2026-08-21 06:00:00,대전,5,나우캐스트,75.66378784179688,90.0,5,14.336212158203123
2026-08-21 06:00:00,대전,5,ECMWF,100.0,90.0,9,10.0
2026-08-21 06:00:00,대전,5,GFS,100.0,90.0,3,10.0
2026-08-21 06:00:00,대전,5,KIM,100.0,90.0,3,10.0
2026-08-21 06:00:00,대구,5,나우캐스트,60.406288146972656,100.0,5,39.593711853027344
2026-08-21 06:00:00,대구,5,ECMWF,97.0,100.0,9,3.0
2026-08-21 06:00:00,대구,5,GFS,72.0,100.0,3,28.0
2026-08-21 06:00:00,대구,5,KIM,100.0,100.0,3,0.0
2026-08-21 06:00:00,광주,5,나우캐스트,57.66093444824219,70.0,5,12.339065551757812
2026-08-21 06:00:00,광주,5,ECMWF,99.0,70.0,9,29.0
2026-08-21 06:00:00,광주,5,GFS,99.0,70.0,3,29.0
2026-08-21 06:00:00,광주,5,KIM,100.0,70.0,3,30.0
2026-08-21 06:00:00,부산,5,나우캐스트,54.22256851196289,30.0,5,24.22256851196289
2026-08-21 06:00:00,부산,5,ECMWF,24.0,30.0,9,6.0
2026-08-21 06:00:00,부산,5,GFS,100.0,30.0,3,70.0
2026-08-21 06:00:00,부산,5,KIM,100.0,30.0,3,70.0
2026-08-21 06:00:00,인천,5,나우캐스트,91.78509521484376,100.0,5,8.21490478515625
2026-08-21 06:00:00,인천,5,ECMWF,100.0,100.0,9,0.0
2026-08-21 06:00:00,인천,5,GFS,100.0,100.0,3,0.0
2026-08-21 06:00:00,인천,5,KIM,100.0,100.0,3,0.0
2026-08-21 06:00:00,수원,5,나우캐스트,89.98692321777344,100.0,5,10.013076782226562
2026-08-21 06:00:00,수원,5,ECMWF,100.0,100.0,9,0.0
2026-08-21 06:00:00,수원,5,GFS,87.0,100.0,3,13.0
2026-08-21 06:00:00,수원,5,KIM,100.0,100.0,3,0.0
2026-08-21 06:00:00,전주,5,나우캐스트,58.49920654296875,80.0,5,21.50079345703125
2026-08-21 06:00:00,전주,5,ECMWF,100.0,80.0,9,20.0
2026-08-21 06:00:00,전주,5,GFS,99.0,80.0,3,19.0
2026-08-21 06:00:00,전주,5,KIM,100.0,80.0,3,20.0
2026-08-21 06:00:00,강릉,5,나우캐스트,83.04319763183594,100.0,5,16.956802368164062
2026-08-21 06:00:00,강릉,5,ECMWF,100.0,100.0,9,0.0
2026-08-21 06:00:00,강릉,5,GFS,100.0,100.0,3,0.0
2026-08-21 06:00:00,강릉,5,KIM,100.0,100.0,3,0.0
2026-08-21 06:00:00,제주,5,나우캐스트,11.15567398071289,40.0,5,28.84432601928711
2026-08-21 06:00:00,제주,5,ECMWF,91.0,40.0,9,51.0
2026-08-21 06:00:00,제주,5,GFS,86.0,40.0,3,46.0
2026-08-21 06:00:00,제주,5,KIM,82.0,40.0,3,42.0
2026-08-21 03:00:00,서울,1,나우캐스트,83.86797332763672,100.0,1,16.13202667236328
2026-08-21 03:00:00,서울,1,ECMWF,95.0,100.0,6,5.0
2026-08-21 03:00:00,서울,1,GFS,100.0,100.0,0,0.0
2026-08-21 03:00:00,서울,1,KIM,71.0,100.0,0,29.0
2026-08-21 03:00:00,대전,1,나우캐스트,86.58990478515625,80.0,1,6.58990478515625
2026-08-21 03:00:00,대전,1,ECMWF,99.0,80.0,6,19.0
2026-08-21 03:00:00,대전,1,GFS,99.0,80.0,0,19.0
2026-08-21 03:00:00,대전,1,KIM,100.0,80.0,0,20.0
2026-08-21 03:00:00,대구,1,나우캐스트,54.13188171386719,70.0,1,15.868118286132812
2026-08-21 03:00:00,대구,1,ECMWF,89.0,70.0,6,19.0
2026-08-21 03:00:00,대구,1,GFS,90.0,70.0,0,20.0
2026-08-21 03:00:00,대구,1,KIM,100.0,70.0,0,30.0
2026-08-21 03:00:00,광주,1,나우캐스트,70.87783813476562,70.0,1,0.877838134765625
2026-08-21 03:00:00,광주,1,ECMWF,73.0,70.0,6,3.0
2026-08-21 03:00:00,광주,1,GFS,100.0,70.0,0,30.0
2026-08-21 03:00:00,광주,1,KIM,100.0,70.0,0,30.0
2026-08-21 03:00:00,부산,1,나우캐스트,19.310508728027344,90.0,1,70.68949127197266
2026-08-21 03:00:00,부산,1,ECMWF,45.0,90.0,6,45.0
2026-08-21 03:00:00,부산,1,GFS,100.0,90.0,0,10.0
2026-08-21 03:00:00,부산,1,KIM,70.0,90.0,0,20.0
2026-08-21 03:00:00,인천,1,나우캐스트,85.81095886230469,80.0,1,5.810958862304688
2026-08-21 03:00:00,인천,1,ECMWF,95.0,80.0,6,15.0
2026-08-21 03:00:00,인천,1,GFS,100.0,80.0,0,20.0
2026-08-21 03:00:00,인천,1,KIM,67.0,80.0,0,13.0
2026-08-21 03:00:00,수원,1,나우캐스트,84.63697814941406,80.0,1,4.636978149414063
2026-08-21 03:00:00,수원,1,ECMWF,98.0,80.0,6,18.0
2026-08-21 03:00:00,수원,1,GFS,91.0,80.0,0,11.0
2026-08-21 03:00:00,수원,1,KIM,87.0,80.0,0,7.0
2026-08-21 03:00:00,전주,1,나우캐스트,65.6304702758789,60.0,1,5.630470275878906
2026-08-21 03:00:00,전주,1,ECMWF,73.0,60.0,6,13.0
2026-08-21 03:00:00,전주,1,GFS,100.0,60.0,0,40.0
2026-08-21 03:00:00,전주,1,KIM,100.0,60.0,0,40.0
2026-08-21 03:00:00,강릉,1,나우캐스트,91.51870727539062,100.0,1,8.481292724609375
2026-08-21 03:00:00,강릉,1,ECMWF,66.0,100.0,6,34.0
2026-08-21 03:00:00,강릉,1,GFS,37.0,100.0,0,63.0
2026-08-21 03:00:00,강릉,1,KIM,44.0,100.0,0,56.0
2026-08-21 03:00:00,제주,1,나우캐스트,14.833321571350098,40.0,1,25.166678428649902
2026-08-21 03:00:00,제주,1,ECMWF,70.0,40.0,6,30.0
2026-08-21 03:00:00,제주,1,GFS,100.0,40.0,0,60.0
2026-08-21 03:00:00,제주,1,KIM,85.0,40.0,0,45.0
2026-08-21 06:00:00,서울,4,나우캐스트,93.46013641357422,100.0,4,6.539863586425781
2026-08-21 06:00:00,서울,4,ECMWF,100.0,100.0,9,0.0
2026-08-21 06:00:00,서울,4,GFS,100.0,100.0,3,0.0
2026-08-21 06:00:00,서울,4,KIM,100.0,100.0,3,0.0
2026-08-21 06:00:00,대전,4,나우캐스트,79.56713104248047,90.0,4,10.432868957519531
2026-08-21 06:00:00,대전,4,ECMWF,100.0,90.0,9,10.0
2026-08-21 06:00:00,대전,4,GFS,100.0,90.0,3,10.0
2026-08-21 06:00:00,대전,4,KIM,100.0,90.0,3,10.0
2026-08-21 06:00:00,대구,4,나우캐스트,71.18681335449219,100.0,4,28.81318664550781
2026-08-21 06:00:00,대구,4,ECMWF,97.0,100.0,9,3.0
2026-08-21 06:00:00,대구,4,GFS,72.0,100.0,3,28.0
2026-08-21 06:00:00,대구,4,KIM,100.0,100.0,3,0.0
2026-08-21 06:00:00,광주,4,나우캐스트,69.79512023925781,70.0,4,0.2048797607421875
2026-08-21 06:00:00,광주,4,ECMWF,99.0,70.0,9,29.0
2026-08-21 06:00:00,광주,4,GFS,99.0,70.0,3,29.0
2026-08-21 06:00:00,광주,4,KIM,100.0,70.0,3,30.0
2026-08-21 06:00:00,부산,4,나우캐스트,55.40378952026367,30.0,4,25.403789520263672
2026-08-21 06:00:00,부산,4,ECMWF,24.0,30.0,9,6.0
2026-08-21 06:00:00,부산,4,GFS,100.0,30.0,3,70.0
2026-08-21 06:00:00,부산,4,KIM,100.0,30.0,3,70.0
2026-08-21 06:00:00,인천,4,나우캐스트,93.7344970703125,100.0,4,6.2655029296875
2026-08-21 06:00:00,인천,4,ECMWF,100.0,100.0,9,0.0
2026-08-21 06:00:00,인천,4,GFS,100.0,100.0,3,0.0
2026-08-21 06:00:00,인천,4,KIM,100.0,100.0,3,0.0
2026-08-21 06:00:00,수원,4,나우캐스트,94.19861602783205,100.0,4,5.801383972167969
2026-08-21 06:00:00,수원,4,ECMWF,100.0,100.0,9,0.0
2026-08-21 06:00:00,수원,4,GFS,87.0,100.0,3,13.0
2026-08-21 06:00:00,수원,4,KIM,100.0,100.0,3,0.0
2026-08-21 06:00:00,전주,4,나우캐스트,67.19617462158203,80.0,4,12.803825378417969
2026-08-21 06:00:00,전주,4,ECMWF,100.0,80.0,9,20.0
2026-08-21 06:00:00,전주,4,GFS,99.0,80.0,3,19.0
2026-08-21 06:00:00,전주,4,KIM,100.0,80.0,3,20.0
2026-08-21 06:00:00,강릉,4,나우캐스트,87.67034912109375,100.0,4,12.32965087890625
2026-08-21 06:00:00,강릉,4,ECMWF,100.0,100.0,9,0.0
2026-08-21 06:00:00,강릉,4,GFS,100.0,100.0,3,0.0
2026-08-21 06:00:00,강릉,4,KIM,100.0,100.0,3,0.0
2026-08-21 06:00:00,제주,4,나우캐스트,7.009413242340088,40.0,4,32.99058675765991
2026-08-21 06:00:00,제주,4,ECMWF,91.0,40.0,9,51.0
2026-08-21 06:00:00,제주,4,GFS,86.0,40.0,3,46.0
2026-08-21 06:00:00,제주,4,KIM,82.0,40.0,3,42.0
2026-08-21 06:00:00,서울,3,나우캐스트,92.80851745605467,100.0,3,7.1914825439453125
2026-08-21 06:00:00,서울,3,ECMWF,100.0,100.0,9,0.0
2026-08-21 06:00:00,서울,3,GFS,100.0,100.0,3,0.0
2026-08-21 06:00:00,서울,3,KIM,100.0,100.0,3,0.0
2026-08-21 06:00:00,대전,3,나우캐스트,81.55355834960938,90.0,3,8.446441650390625
2026-08-21 06:00:00,대전,3,ECMWF,100.0,90.0,9,10.0
2026-08-21 06:00:00,대전,3,GFS,100.0,90.0,3,10.0
2026-08-21 06:00:00,대전,3,KIM,100.0,90.0,3,10.0
2026-08-21 06:00:00,대구,3,나우캐스트,67.69941711425781,100.0,3,32.30058288574219
2026-08-21 06:00:00,대구,3,ECMWF,97.0,100.0,9,3.0
2026-08-21 06:00:00,대구,3,GFS,72.0,100.0,3,28.0
2026-08-21 06:00:00,대구,3,KIM,100.0,100.0,3,0.0
2026-08-21 06:00:00,광주,3,나우캐스트,48.05647277832031,70.0,3,21.943527221679688
2026-08-21 06:00:00,광주,3,ECMWF,99.0,70.0,9,29.0
2026-08-21 06:00:00,광주,3,GFS,99.0,70.0,3,29.0
2026-08-21 06:00:00,광주,3,KIM,100.0,70.0,3,30.0
2026-08-21 06:00:00,부산,3,나우캐스트,67.43881225585938,30.0,3,37.438812255859375
2026-08-21 06:00:00,부산,3,ECMWF,24.0,30.0,9,6.0
2026-08-21 06:00:00,부산,3,GFS,100.0,30.0,3,70.0
2026-08-21 06:00:00,부산,3,KIM,100.0,30.0,3,70.0
2026-08-21 06:00:00,인천,3,나우캐스트,94.27619171142578,100.0,3,5.723808288574219
2026-08-21 06:00:00,인천,3,ECMWF,100.0,100.0,9,0.0
2026-08-21 06:00:00,인천,3,GFS,100.0,100.0,3,0.0
2026-08-21 06:00:00,인천,3,KIM,100.0,100.0,3,0.0
2026-08-21 06:00:00,수원,3,나우캐스트,92.95016479492188,100.0,3,7.049835205078125
2026-08-21 06:00:00,수원,3,ECMWF,100.0,100.0,9,0.0
2026-08-21 06:00:00,수원,3,GFS,87.0,100.0,3,13.0
2026-08-21 06:00:00,수원,3,KIM,100.0,100.0,3,0.0
2026-08-21 06:00:00,전주,3,나우캐스트,67.53446960449219,80.0,3,12.465530395507812
2026-08-21 06:00:00,전주,3,ECMWF,100.0,80.0,9,20.0
2026-08-21 06:00:00,전주,3,GFS,99.0,80.0,3,19.0
2026-08-21 06:00:00,전주,3,KIM,100.0,80.0,3,20.0
2026-08-21 06:00:00,강릉,3,나우캐스트,83.8887939453125,100.0,3,16.1112060546875
2026-08-21 06:00:00,강릉,3,ECMWF,100.0,100.0,9,0.0
2026-08-21 06:00:00,강릉,3,GFS,100.0,100.0,3,0.0
2026-08-21 06:00:00,강릉,3,KIM,100.0,100.0,3,0.0
2026-08-21 06:00:00,제주,3,나우캐스트,30.603553771972656,40.0,3,9.396446228027344
2026-08-21 06:00:00,제주,3,ECMWF,91.0,40.0,9,51.0
2026-08-21 06:00:00,제주,3,GFS,86.0,40.0,3,46.0
2026-08-21 06:00:00,제주,3,KIM,82.0,40.0,3,42.0
2026-08-21 09:00:00,서울,6,나우캐스트,92.36016082763672,100.0,6,7.639839172363281
2026-08-21 09:00:00,서울,6,ECMWF,100.0,100.0,12,0.0
2026-08-21 09:00:00,서울,6,GFS,100.0,100.0,6,0.0
2026-08-21 09:00:00,서울,6,KIM,100.0,100.0,6,0.0
2026-08-21 09:00:00,대전,6,나우캐스트,80.30662536621094,100.0,6,19.693374633789062
2026-08-21 09:00:00,대전,6,ECMWF,97.0,100.0,12,3.0
2026-08-21 09:00:00,대전,6,GFS,100.0,100.0,6,0.0
2026-08-21 09:00:00,대전,6,KIM,100.0,100.0,6,0.0
2026-08-21 09:00:00,대구,6,나우캐스트,73.57661437988281,70.0,6,3.5766143798828125
2026-08-21 09:00:00,대구,6,ECMWF,96.0,70.0,12,26.0
2026-08-21 09:00:00,대구,6,GFS,71.0,70.0,6,1.0
2026-08-21 09:00:00,대구,6,KIM,100.0,70.0,6,30.0
2026-08-21 09:00:00,광주,6,나우캐스트,62.42254638671875,80.0,6,17.57745361328125
2026-08-21 09:00:00,광주,6,ECMWF,100.0,80.0,12,20.0
2026-08-21 09:00:00,광주,6,GFS,100.0,80.0,6,20.0
2026-08-21 09:00:00,광주,6,KIM,100.0,80.0,6,20.0
2026-08-21 09:00:00,부산,6,나우캐스트,69.4215316772461,40.0,6,29.421531677246094
2026-08-21 09:00:00,부산,6,ECMWF,43.0,40.0,12,3.0
2026-08-21 09:00:00,부산,6,GFS,100.0,40.0,6,60.0
2026-08-21 09:00:00,부산,6,KIM,100.0,40.0,6,60.0
2026-08-21 09:00:00,인천,6,나우캐스트,91.10034942626952,100.0,6,8.899650573730469
2026-08-21 09:00:00,인천,6,ECMWF,100.0,100.0,12,0.0
2026-08-21 09:00:00,인천,6,GFS,100.0,100.0,6,0.0
2026-08-21 09:00:00,인천,6,KIM,100.0,100.0,6,0.0
2026-08-21 09:00:00,수원,6,나우캐스트,91.28759765625,100.0,6,8.71240234375
2026-08-21 09:00:00,수원,6,ECMWF,100.0,100.0,12,0.0
2026-08-21 09:00:00,수원,6,GFS,100.0,100.0,6,0.0
2026-08-21 09:00:00,수원,6,KIM,100.0,100.0,6,0.0
2026-08-21 09:00:00,전주,6,나우캐스트,73.38790893554688,90.0,6,16.612091064453125
2026-08-21 09:00:00,전주,6,ECMWF,99.0,90.0,12,9.0
2026-08-21 09:00:00,전주,6,GFS,100.0,90.0,6,10.0
2026-08-21 09:00:00,전주,6,KIM,100.0,90.0,6,10.0
2026-08-21 09:00:00,강릉,6,나우캐스트,91.16261291503906,100.0,6,8.837387084960938
2026-08-21 09:00:00,강릉,6,ECMWF,100.0,100.0,12,0.0
2026-08-21 09:00:00,강릉,6,GFS,100.0,100.0,6,0.0
2026-08-21 09:00:00,강릉,6,KIM,94.0,100.0,6,6.0
2026-08-21 09:00:00,제주,6,나우캐스트,52.42314910888672,20.0,6,32.42314910888672
2026-08-21 09:00:00,제주,6,ECMWF,99.0,20.0,12,79.0
2026-08-21 09:00:00,제주,6,GFS,69.0,20.0,6,49.0
2026-08-21 09:00:00,제주,6,KIM,90.0,20.0,6,70.0
2026-08-21 06:00:00,서울,2,나우캐스트,95.4286117553711,100.0,2,4.571388244628906
2026-08-21 06:00:00,서울,2,ECMWF,100.0,100.0,9,0.0
2026-08-21 06:00:00,서울,2,GFS,100.0,100.0,3,0.0
2026-08-21 06:00:00,서울,2,KIM,100.0,100.0,3,0.0
2026-08-21 06:00:00,대전,2,나우캐스트,82.93069458007812,90.0,2,7.069305419921875
2026-08-21 06:00:00,대전,2,ECMWF,100.0,90.0,9,10.0
2026-08-21 06:00:00,대전,2,GFS,100.0,90.0,3,10.0
2026-08-21 06:00:00,대전,2,KIM,100.0,90.0,3,10.0
2026-08-21 06:00:00,대구,2,나우캐스트,61.75410079956055,100.0,2,38.24589920043945
2026-08-21 06:00:00,대구,2,ECMWF,97.0,100.0,9,3.0
2026-08-21 06:00:00,대구,2,GFS,72.0,100.0,3,28.0
2026-08-21 06:00:00,대구,2,KIM,100.0,100.0,3,0.0
2026-08-21 06:00:00,광주,2,나우캐스트,41.39324951171875,70.0,2,28.60675048828125
2026-08-21 06:00:00,광주,2,ECMWF,99.0,70.0,9,29.0
2026-08-21 06:00:00,광주,2,GFS,99.0,70.0,3,29.0
2026-08-21 06:00:00,광주,2,KIM,100.0,70.0,3,30.0
2026-08-21 06:00:00,부산,2,나우캐스트,59.01464080810547,30.0,2,29.01464080810547
2026-08-21 06:00:00,부산,2,ECMWF,24.0,30.0,9,6.0
2026-08-21 06:00:00,부산,2,GFS,100.0,30.0,3,70.0
2026-08-21 06:00:00,부산,2,KIM,100.0,30.0,3,70.0
2026-08-21 06:00:00,인천,2,나우캐스트,95.62687683105467,100.0,2,4.3731231689453125
2026-08-21 06:00:00,인천,2,ECMWF,100.0,100.0,9,0.0
2026-08-21 06:00:00,인천,2,GFS,100.0,100.0,3,0.0
2026-08-21 06:00:00,인천,2,KIM,100.0,100.0,3,0.0
2026-08-21 06:00:00,수원,2,나우캐스트,94.9998550415039,100.0,2,5.000144958496094
2026-08-21 06:00:00,수원,2,ECMWF,100.0,100.0,9,0.0
2026-08-21 06:00:00,수원,2,GFS,87.0,100.0,3,13.0
2026-08-21 06:00:00,수원,2,KIM,100.0,100.0,3,0.0
2026-08-21 06:00:00,전주,2,나우캐스트,81.27488708496094,80.0,2,1.2748870849609375
2026-08-21 06:00:00,전주,2,ECMWF,100.0,80.0,9,20.0
2026-08-21 06:00:00,전주,2,GFS,99.0,80.0,3,19.0
2026-08-21 06:00:00,전주,2,KIM,100.0,80.0,3,20.0
2026-08-21 06:00:00,강릉,2,나우캐스트,86.92453002929688,100.0,2,13.075469970703123
2026-08-21 06:00:00,강릉,2,ECMWF,100.0,100.0,9,0.0
2026-08-21 06:00:00,강릉,2,GFS,100.0,100.0,3,0.0
2026-08-21 06:00:00,강릉,2,KIM,100.0,100.0,3,0.0
2026-08-21 06:00:00,제주,2,나우캐스트,15.485698699951172,40.0,2,24.514301300048828
2026-08-21 06:00:00,제주,2,ECMWF,91.0,40.0,9,51.0
2026-08-21 06:00:00,제주,2,GFS,86.0,40.0,3,46.0
2026-08-21 06:00:00,제주,2,KIM,82.0,40.0,3,42.0
2026-08-21 09:00:00,서울,5,나우캐스트,94.00505065917967,100.0,5,5.9949493408203125
2026-08-21 09:00:00,서울,5,ECMWF,100.0,100.0,12,0.0
2026-08-21 09:00:00,서울,5,GFS,100.0,100.0,6,0.0
2026-08-21 09:00:00,서울,5,KIM,100.0,100.0,6,0.0
2026-08-21 09:00:00,대전,5,나우캐스트,89.77970886230469,100.0,5,10.220291137695312
2026-08-21 09:00:00,대전,5,ECMWF,97.0,100.0,12,3.0
2026-08-21 09:00:00,대전,5,GFS,100.0,100.0,6,0.0
2026-08-21 09:00:00,대전,5,KIM,100.0,100.0,6,0.0
2026-08-21 09:00:00,대구,5,나우캐스트,65.58648681640625,70.0,5,4.41351318359375
2026-08-21 09:00:00,대구,5,ECMWF,96.0,70.0,12,26.0
2026-08-21 09:00:00,대구,5,GFS,71.0,70.0,6,1.0
2026-08-21 09:00:00,대구,5,KIM,100.0,70.0,6,30.0
2026-08-21 09:00:00,광주,5,나우캐스트,72.78948974609375,80.0,5,7.21051025390625
2026-08-21 09:00:00,광주,5,ECMWF,100.0,80.0,12,20.0
2026-08-21 09:00:00,광주,5,GFS,100.0,80.0,6,20.0
2026-08-21 09:00:00,광주,5,KIM,100.0,80.0,6,20.0
2026-08-21 09:00:00,부산,5,나우캐스트,79.72383117675781,40.0,5,39.72383117675781
2026-08-21 09:00:00,부산,5,ECMWF,43.0,40.0,12,3.0
2026-08-21 09:00:00,부산,5,GFS,100.0,40.0,6,60.0
2026-08-21 09:00:00,부산,5,KIM,100.0,40.0,6,60.0
2026-08-21 09:00:00,인천,5,나우캐스트,93.95613098144533,100.0,5,6.043869018554688
2026-08-21 09:00:00,인천,5,ECMWF,100.0,100.0,12,0.0
2026-08-21 09:00:00,인천,5,GFS,100.0,100.0,6,0.0
2026-08-21 09:00:00,인천,5,KIM,100.0,100.0,6,0.0
2026-08-21 09:00:00,수원,5,나우캐스트,93.40838623046876,100.0,5,6.59161376953125
2026-08-21 09:00:00,수원,5,ECMWF,100.0,100.0,12,0.0
2026-08-21 09:00:00,수원,5,GFS,100.0,100.0,6,0.0
2026-08-21 09:00:00,수원,5,KIM,100.0,100.0,6,0.0
2026-08-21 09:00:00,전주,5,나우캐스트,84.186767578125,90.0,5,5.813232421875
2026-08-21 09:00:00,전주,5,ECMWF,99.0,90.0,12,9.0
2026-08-21 09:00:00,전주,5,GFS,100.0,90.0,6,10.0
2026-08-21 09:00:00,전주,5,KIM,100.0,90.0,6,10.0
2026-08-21 09:00:00,강릉,5,나우캐스트,90.97614288330078,100.0,5,9.02385711669922
2026-08-21 09:00:00,강릉,5,ECMWF,100.0,100.0,12,0.0
2026-08-21 09:00:00,강릉,5,GFS,100.0,100.0,6,0.0
2026-08-21 09:00:00,강릉,5,KIM,94.0,100.0,6,6.0
2026-08-21 09:00:00,제주,5,나우캐스트,46.36663055419922,20.0,5,26.36663055419922
2026-08-21 09:00:00,제주,5,ECMWF,99.0,20.0,12,79.0
2026-08-21 09:00:00,제주,5,GFS,69.0,20.0,6,49.0
2026-08-21 09:00:00,제주,5,KIM,90.0,20.0,6,70.0
2026-08-21 06:00:00,서울,1,나우캐스트,96.40391540527344,100.0,1,3.5960845947265625
2026-08-21 06:00:00,서울,1,ECMWF,100.0,100.0,9,0.0
2026-08-21 06:00:00,서울,1,GFS,100.0,100.0,3,0.0
2026-08-21 06:00:00,서울,1,KIM,100.0,100.0,3,0.0
2026-08-21 06:00:00,대전,1,나우캐스트,74.09117126464844,90.0,1,15.908828735351562
2026-08-21 06:00:00,대전,1,ECMWF,100.0,90.0,9,10.0
2026-08-21 06:00:00,대전,1,GFS,100.0,90.0,3,10.0
2026-08-21 06:00:00,대전,1,KIM,100.0,90.0,3,10.0
2026-08-21 06:00:00,대구,1,나우캐스트,84.08570098876953,100.0,1,15.914299011230469
2026-08-21 06:00:00,대구,1,ECMWF,97.0,100.0,9,3.0
2026-08-21 06:00:00,대구,1,GFS,72.0,100.0,3,28.0
2026-08-21 06:00:00,대구,1,KIM,100.0,100.0,3,0.0
2026-08-21 06:00:00,광주,1,나우캐스트,26.34026527404785,70.0,1,43.65973472595215
2026-08-21 06:00:00,광주,1,ECMWF,99.0,70.0,9,29.0
2026-08-21 06:00:00,광주,1,GFS,99.0,70.0,3,29.0
2026-08-21 06:00:00,광주,1,KIM,100.0,70.0,3,30.0
2026-08-21 06:00:00,부산,1,나우캐스트,21.649513244628903,30.0,1,8.350486755371094
2026-08-21 06:00:00,부산,1,ECMWF,24.0,30.0,9,6.0
2026-08-21 06:00:00,부산,1,GFS,100.0,30.0,3,70.0
2026-08-21 06:00:00,부산,1,KIM,100.0,30.0,3,70.0
2026-08-21 06:00:00,인천,1,나우캐스트,96.65276336669922,100.0,1,3.347236633300781
2026-08-21 06:00:00,인천,1,ECMWF,100.0,100.0,9,0.0
2026-08-21 06:00:00,인천,1,GFS,100.0,100.0,3,0.0
2026-08-21 06:00:00,인천,1,KIM,100.0,100.0,3,0.0
2026-08-21 06:00:00,수원,1,나우캐스트,95.10430908203124,100.0,1,4.89569091796875
2026-08-21 06:00:00,수원,1,ECMWF,100.0,100.0,9,0.0
2026-08-21 06:00:00,수원,1,GFS,87.0,100.0,3,13.0
2026-08-21 06:00:00,수원,1,KIM,100.0,100.0,3,0.0
2026-08-21 06:00:00,전주,1,나우캐스트,86.52530670166016,80.0,1,6.525306701660156
2026-08-21 06:00:00,전주,1,ECMWF,100.0,80.0,9,20.0
2026-08-21 06:00:00,전주,1,GFS,99.0,80.0,3,19.0
2026-08-21 06:00:00,전주,1,KIM,100.0,80.0,3,20.0
2026-08-21 06:00:00,강릉,1,나우캐스트,87.83885192871094,100.0,1,12.161148071289062
2026-08-21 06:00:00,강릉,1,ECMWF,100.0,100.0,9,0.0
2026-08-21 06:00:00,강릉,1,GFS,100.0,100.0,3,0.0
2026-08-21 06:00:00,강릉,1,KIM,100.0,100.0,3,0.0
2026-08-21 06:00:00,제주,1,나우캐스트,23.20441436767578,40.0,1,16.79558563232422
2026-08-21 06:00:00,제주,1,ECMWF,91.0,40.0,9,51.0
2026-08-21 06:00:00,제주,1,GFS,86.0,40.0,3,46.0
2026-08-21 06:00:00,제주,1,KIM,82.0,40.0,3,42.0
2026-08-21 09:00:00,서울,4,나우캐스트,95.47259521484376,100.0,4,4.52740478515625
2026-08-21 09:00:00,서울,4,ECMWF,100.0,100.0,12,0.0
2026-08-21 09:00:00,서울,4,GFS,100.0,100.0,6,0.0
2026-08-21 09:00:00,서울,4,KIM,100.0,100.0,6,0.0
2026-08-21 09:00:00,대전,4,나우캐스트,91.052978515625,100.0,4,8.947021484375
2026-08-21 09:00:00,대전,4,ECMWF,97.0,100.0,12,3.0
2026-08-21 09:00:00,대전,4,GFS,100.0,100.0,6,0.0
2026-08-21 09:00:00,대전,4,KIM,100.0,100.0,6,0.0
2026-08-21 09:00:00,대구,4,나우캐스트,78.28246307373047,70.0,4,8.282463073730469
2026-08-21 09:00:00,대구,4,ECMWF,96.0,70.0,12,26.0
2026-08-21 09:00:00,대구,4,GFS,71.0,70.0,6,1.0
2026-08-21 09:00:00,대구,4,KIM,100.0,70.0,6,30.0
2026-08-21 09:00:00,광주,4,나우캐스트,64.3674545288086,80.0,4,15.632545471191406
2026-08-21 09:00:00,광주,4,ECMWF,100.0,80.0,12,20.0
2026-08-21 09:00:00,광주,4,GFS,100.0,80.0,6,20.0
2026-08-21 09:00:00,광주,4,KIM,100.0,80.0,6,20.0
2026-08-21 09:00:00,부산,4,나우캐스트,74.38684844970703,40.0,4,34.38684844970703
2026-08-21 09:00:00,부산,4,ECMWF,43.0,40.0,12,3.0
2026-08-21 09:00:00,부산,4,GFS,100.0,40.0,6,60.0
2026-08-21 09:00:00,부산,4,KIM,100.0,40.0,6,60.0
2026-08-21 09:00:00,인천,4,나우캐스트,95.65821838378906,100.0,4,4.3417816162109375
2026-08-21 09:00:00,인천,4,ECMWF,100.0,100.0,12,0.0
2026-08-21 09:00:00,인천,4,GFS,100.0,100.0,6,0.0
2026-08-21 09:00:00,인천,4,KIM,100.0,100.0,6,0.0
2026-08-21 09:00:00,수원,4,나우캐스트,94.3634262084961,100.0,4,5.636573791503906
2026-08-21 09:00:00,수원,4,ECMWF,100.0,100.0,12,0.0
2026-08-21 09:00:00,수원,4,GFS,100.0,100.0,6,0.0
2026-08-21 09:00:00,수원,4,KIM,100.0,100.0,6,0.0
2026-08-21 09:00:00,전주,4,나우캐스트,88.42176818847656,90.0,4,1.5782318115234375
2026-08-21 09:00:00,전주,4,ECMWF,99.0,90.0,12,9.0
2026-08-21 09:00:00,전주,4,GFS,100.0,90.0,6,10.0
2026-08-21 09:00:00,전주,4,KIM,100.0,90.0,6,10.0
2026-08-21 09:00:00,강릉,4,나우캐스트,91.31597137451172,100.0,4,8.684028625488281
2026-08-21 09:00:00,강릉,4,ECMWF,100.0,100.0,12,0.0
2026-08-21 09:00:00,강릉,4,GFS,100.0,100.0,6,0.0
2026-08-21 09:00:00,강릉,4,KIM,94.0,100.0,6,6.0
2026-08-21 09:00:00,제주,4,나우캐스트,53.16215515136719,20.0,4,33.16215515136719
2026-08-21 09:00:00,제주,4,ECMWF,99.0,20.0,12,79.0
2026-08-21 09:00:00,제주,4,GFS,69.0,20.0,6,49.0
2026-08-21 09:00:00,제주,4,KIM,90.0,20.0,6,70.0
2026-08-21 09:00:00,서울,3,나우캐스트,94.38128662109376,100.0,3,5.61871337890625
2026-08-21 09:00:00,서울,3,ECMWF,100.0,100.0,12,0.0
2026-08-21 09:00:00,서울,3,GFS,100.0,100.0,6,0.0
2026-08-21 09:00:00,서울,3,KIM,100.0,100.0,6,0.0
2026-08-21 09:00:00,대전,3,나우캐스트,93.33719635009766,100.0,3,6.662803649902344
2026-08-21 09:00:00,대전,3,ECMWF,97.0,100.0,12,3.0
2026-08-21 09:00:00,대전,3,GFS,100.0,100.0,6,0.0
2026-08-21 09:00:00,대전,3,KIM,100.0,100.0,6,0.0
2026-08-21 09:00:00,대구,3,나우캐스트,83.95245361328125,70.0,3,13.95245361328125
2026-08-21 09:00:00,대구,3,ECMWF,96.0,70.0,12,26.0
2026-08-21 09:00:00,대구,3,GFS,71.0,70.0,6,1.0
2026-08-21 09:00:00,대구,3,KIM,100.0,70.0,6,30.0
2026-08-21 09:00:00,광주,3,나우캐스트,71.12843322753906,80.0,3,8.871566772460938
2026-08-21 09:00:00,광주,3,ECMWF,100.0,80.0,12,20.0
2026-08-21 09:00:00,광주,3,GFS,100.0,80.0,6,20.0
2026-08-21 09:00:00,광주,3,KIM,100.0,80.0,6,20.0
2026-08-21 09:00:00,부산,3,나우캐스트,45.37138748168945,40.0,3,5.371387481689453
2026-08-21 09:00:00,부산,3,ECMWF,43.0,40.0,12,3.0
2026-08-21 09:00:00,부산,3,GFS,100.0,40.0,6,60.0
2026-08-21 09:00:00,부산,3,KIM,100.0,40.0,6,60.0
2026-08-21 09:00:00,인천,3,나우캐스트,95.30323791503906,100.0,3,4.6967620849609375
2026-08-21 09:00:00,인천,3,ECMWF,100.0,100.0,12,0.0
2026-08-21 09:00:00,인천,3,GFS,100.0,100.0,6,0.0
2026-08-21 09:00:00,인천,3,KIM,100.0,100.0,6,0.0
2026-08-21 09:00:00,수원,3,나우캐스트,94.19987487792967,100.0,3,5.8001251220703125
2026-08-21 09:00:00,수원,3,ECMWF,100.0,100.0,12,0.0
2026-08-21 09:00:00,수원,3,GFS,100.0,100.0,6,0.0
2026-08-21 09:00:00,수원,3,KIM,100.0,100.0,6,0.0
2026-08-21 09:00:00,전주,3,나우캐스트,91.77948760986328,90.0,3,1.7794876098632812
2026-08-21 09:00:00,전주,3,ECMWF,99.0,90.0,12,9.0
2026-08-21 09:00:00,전주,3,GFS,100.0,90.0,6,10.0
2026-08-21 09:00:00,전주,3,KIM,100.0,90.0,6,10.0
2026-08-21 09:00:00,강릉,3,나우캐스트,92.790771484375,100.0,3,7.209228515625
2026-08-21 09:00:00,강릉,3,ECMWF,100.0,100.0,12,0.0
2026-08-21 09:00:00,강릉,3,GFS,100.0,100.0,6,0.0
2026-08-21 09:00:00,강릉,3,KIM,94.0,100.0,6,6.0
2026-08-21 09:00:00,제주,3,나우캐스트,27.330894470214844,20.0,3,7.330894470214844
2026-08-21 09:00:00,제주,3,ECMWF,99.0,20.0,12,79.0
2026-08-21 09:00:00,제주,3,GFS,69.0,20.0,6,49.0
2026-08-21 09:00:00,제주,3,KIM,90.0,20.0,6,70.0
2026-08-21 12:00:00,서울,6,나우캐스트,93.17999267578124,100.0,6,6.82000732421875
2026-08-21 12:00:00,서울,6,ECMWF,100.0,100.0,15,0.0
2026-08-21 12:00:00,서울,6,GFS,100.0,100.0,9,0.0
2026-08-21 12:00:00,서울,6,KIM,100.0,100.0,9,0.0
2026-08-21 12:00:00,대전,6,나우캐스트,91.2877197265625,100.0,6,8.7122802734375
2026-08-21 12:00:00,대전,6,ECMWF,99.0,100.0,15,1.0
2026-08-21 12:00:00,대전,6,GFS,100.0,100.0,9,0.0
2026-08-21 12:00:00,대전,6,KIM,100.0,100.0,9,0.0
2026-08-21 12:00:00,대구,6,나우캐스트,88.64111328125,100.0,6,11.35888671875
2026-08-21 12:00:00,대구,6,ECMWF,48.0,100.0,15,52.0
2026-08-21 12:00:00,대구,6,GFS,78.0,100.0,9,22.0
2026-08-21 12:00:00,대구,6,KIM,100.0,100.0,9,0.0
2026-08-21 12:00:00,광주,6,나우캐스트,77.59686279296875,80.0,6,2.40313720703125
2026-08-21 12:00:00,광주,6,ECMWF,99.0,80.0,15,19.0
2026-08-21 12:00:00,광주,6,GFS,100.0,80.0,9,20.0
2026-08-21 12:00:00,광주,6,KIM,100.0,80.0,9,20.0
2026-08-21 12:00:00,부산,6,나우캐스트,51.95990753173828,80.0,6,28.04009246826172
2026-08-21 12:00:00,부산,6,ECMWF,9.0,80.0,15,71.0
2026-08-21 12:00:00,부산,6,GFS,15.0,80.0,9,65.0
2026-08-21 12:00:00,부산,6,KIM,100.0,80.0,9,20.0
2026-08-21 12:00:00,인천,6,나우캐스트,93.97405242919922,100.0,6,6.025947570800781
2026-08-21 12:00:00,인천,6,ECMWF,100.0,100.0,15,0.0
2026-08-21 12:00:00,인천,6,GFS,100.0,100.0,9,0.0
2026-08-21 12:00:00,인천,6,KIM,100.0,100.0,9,0.0
2026-08-21 12:00:00,수원,6,나우캐스트,92.84111785888672,100.0,6,7.158882141113281
2026-08-21 12:00:00,수원,6,ECMWF,100.0,100.0,15,0.0
2026-08-21 12:00:00,수원,6,GFS,100.0,100.0,9,0.0
2026-08-21 12:00:00,수원,6,KIM,100.0,100.0,9,0.0
2026-08-21 12:00:00,전주,6,나우캐스트,88.23616790771484,90.0,6,1.7638320922851562
2026-08-21 12:00:00,전주,6,ECMWF,100.0,90.0,15,10.0
2026-08-21 12:00:00,전주,6,GFS,100.0,90.0,9,10.0
2026-08-21 12:00:00,전주,6,KIM,100.0,90.0,9,10.0
2026-08-21 12:00:00,강릉,6,나우캐스트,92.7414093017578,100.0,6,7.2585906982421875
2026-08-21 12:00:00,강릉,6,ECMWF,100.0,100.0,15,0.0
2026-08-21 12:00:00,강릉,6,GFS,100.0,100.0,9,0.0
2026-08-21 12:00:00,강릉,6,KIM,100.0,100.0,9,0.0
2026-08-21 12:00:00,제주,6,나우캐스트,45.45499420166016,70.0,6,24.545005798339844
2026-08-21 12:00:00,제주,6,ECMWF,92.0,70.0,15,22.0
2026-08-21 12:00:00,제주,6,GFS,83.0,70.0,9,13.0
2026-08-21 12:00:00,제주,6,KIM,93.0,70.0,9,23.0
2026-08-21 09:00:00,서울,2,나우캐스트,97.87820434570312,100.0,2,2.121795654296875
2026-08-21 09:00:00,서울,2,ECMWF,100.0,100.0,12,0.0
2026-08-21 09:00:00,서울,2,GFS,100.0,100.0,6,0.0
2026-08-21 09:00:00,서울,2,KIM,100.0,100.0,6,0.0
2026-08-21 09:00:00,대전,2,나우캐스트,97.2021484375,100.0,2,2.7978515625
2026-08-21 09:00:00,대전,2,ECMWF,97.0,100.0,12,3.0
2026-08-21 09:00:00,대전,2,GFS,100.0,100.0,6,0.0
2026-08-21 09:00:00,대전,2,KIM,100.0,100.0,6,0.0
2026-08-21 09:00:00,대구,2,나우캐스트,82.58932495117188,70.0,2,12.589324951171877
2026-08-21 09:00:00,대구,2,ECMWF,96.0,70.0,12,26.0
2026-08-21 09:00:00,대구,2,GFS,71.0,70.0,6,1.0
2026-08-21 09:00:00,대구,2,KIM,100.0,70.0,6,30.0
2026-08-21 09:00:00,광주,2,나우캐스트,73.62406921386719,80.0,2,6.3759307861328125
2026-08-21 09:00:00,광주,2,ECMWF,100.0,80.0,12,20.0
2026-08-21 09:00:00,광주,2,GFS,100.0,80.0,6,20.0
2026-08-21 09:00:00,광주,2,KIM,100.0,80.0,6,20.0
2026-08-21 09:00:00,부산,2,나우캐스트,43.75098037719727,40.0,2,3.7509803771972656
2026-08-21 09:00:00,부산,2,ECMWF,43.0,40.0,12,3.0
2026-08-21 09:00:00,부산,2,GFS,100.0,40.0,6,60.0
2026-08-21 09:00:00,부산,2,KIM,100.0,40.0,6,60.0
2026-08-21 09:00:00,인천,2,나우캐스트,97.93360900878906,100.0,2,2.066390991210937
2026-08-21 09:00:00,인천,2,ECMWF,100.0,100.0,12,0.0
2026-08-21 09:00:00,인천,2,GFS,100.0,100.0,6,0.0
2026-08-21 09:00:00,인천,2,KIM,100.0,100.0,6,0.0
2026-08-21 09:00:00,수원,2,나우캐스트,97.8257064819336,100.0,2,2.1742935180664062
2026-08-21 09:00:00,수원,2,ECMWF,100.0,100.0,12,0.0
2026-08-21 09:00:00,수원,2,GFS,100.0,100.0,6,0.0
2026-08-21 09:00:00,수원,2,KIM,100.0,100.0,6,0.0
2026-08-21 09:00:00,전주,2,나우캐스트,95.18875885009766,90.0,2,5.188758850097656
2026-08-21 09:00:00,전주,2,ECMWF,99.0,90.0,12,9.0
2026-08-21 09:00:00,전주,2,GFS,100.0,90.0,6,10.0
2026-08-21 09:00:00,전주,2,KIM,100.0,90.0,6,10.0
2026-08-21 09:00:00,강릉,2,나우캐스트,94.01409912109376,100.0,2,5.98590087890625
2026-08-21 09:00:00,강릉,2,ECMWF,100.0,100.0,12,0.0
2026-08-21 09:00:00,강릉,2,GFS,100.0,100.0,6,0.0
2026-08-21 09:00:00,강릉,2,KIM,94.0,100.0,6,6.0
2026-08-21 09:00:00,제주,2,나우캐스트,51.082176208496094,20.0,2,31.082176208496094
2026-08-21 09:00:00,제주,2,ECMWF,99.0,20.0,12,79.0
2026-08-21 09:00:00,제주,2,GFS,69.0,20.0,6,49.0
2026-08-21 09:00:00,제주,2,KIM,90.0,20.0,6,70.0
2026-08-21 12:00:00,서울,5,나우캐스트,95.90774536132812,100.0,5,4.092254638671875
2026-08-21 12:00:00,서울,5,ECMWF,100.0,100.0,15,0.0
2026-08-21 12:00:00,서울,5,GFS,100.0,100.0,9,0.0
2026-08-21 12:00:00,서울,5,KIM,100.0,100.0,9,0.0
2026-08-21 12:00:00,대전,5,나우캐스트,93.81269073486328,100.0,5,6.187309265136719
2026-08-21 12:00:00,대전,5,ECMWF,99.0,100.0,15,1.0
2026-08-21 12:00:00,대전,5,GFS,100.0,100.0,9,0.0
2026-08-21 12:00:00,대전,5,KIM,100.0,100.0,9,0.0
2026-08-21 12:00:00,대구,5,나우캐스트,82.30130767822266,100.0,5,17.698692321777344
2026-08-21 12:00:00,대구,5,ECMWF,48.0,100.0,15,52.0
2026-08-21 12:00:00,대구,5,GFS,78.0,100.0,9,22.0
2026-08-21 12:00:00,대구,5,KIM,100.0,100.0,9,0.0
2026-08-21 12:00:00,광주,5,나우캐스트,77.77726745605469,80.0,5,2.2227325439453125
2026-08-21 12:00:00,광주,5,ECMWF,99.0,80.0,15,19.0
2026-08-21 12:00:00,광주,5,GFS,100.0,80.0,9,20.0
2026-08-21 12:00:00,광주,5,KIM,100.0,80.0,9,20.0
2026-08-21 12:00:00,부산,5,나우캐스트,52.01531219482422,80.0,5,27.98468780517578
2026-08-21 12:00:00,부산,5,ECMWF,9.0,80.0,15,71.0
2026-08-21 12:00:00,부산,5,GFS,15.0,80.0,9,65.0
2026-08-21 12:00:00,부산,5,KIM,100.0,80.0,9,20.0
2026-08-21 12:00:00,인천,5,나우캐스트,95.9593276977539,100.0,5,4.040672302246094
2026-08-21 12:00:00,인천,5,ECMWF,100.0,100.0,15,0.0
2026-08-21 12:00:00,인천,5,GFS,100.0,100.0,9,0.0
2026-08-21 12:00:00,인천,5,KIM,100.0,100.0,9,0.0
2026-08-21 12:00:00,수원,5,나우캐스트,95.81175994873048,100.0,5,4.188240051269531
2026-08-21 12:00:00,수원,5,ECMWF,100.0,100.0,15,0.0
2026-08-21 12:00:00,수원,5,GFS,100.0,100.0,9,0.0
2026-08-21 12:00:00,수원,5,KIM,100.0,100.0,9,0.0
2026-08-21 12:00:00,전주,5,나우캐스트,91.22084045410156,90.0,5,1.2208404541015625
2026-08-21 12:00:00,전주,5,ECMWF,100.0,90.0,15,10.0
2026-08-21 12:00:00,전주,5,GFS,100.0,90.0,9,10.0
2026-08-21 12:00:00,전주,5,KIM,100.0,90.0,9,10.0
2026-08-21 12:00:00,강릉,5,나우캐스트,95.14005279541016,100.0,5,4.859947204589844
2026-08-21 12:00:00,강릉,5,ECMWF,100.0,100.0,15,0.0
2026-08-21 12:00:00,강릉,5,GFS,100.0,100.0,9,0.0
2026-08-21 12:00:00,강릉,5,KIM,100.0,100.0,9,0.0
2026-08-21 12:00:00,제주,5,나우캐스트,57.8792839050293,70.0,5,12.120716094970703
2026-08-21 12:00:00,제주,5,ECMWF,92.0,70.0,15,22.0
2026-08-21 12:00:00,제주,5,GFS,83.0,70.0,9,13.0
2026-08-21 12:00:00,제주,5,KIM,93.0,70.0,9,23.0
2026-08-21 09:00:00,서울,1,나우캐스트,94.90951538085938,100.0,1,5.090484619140625
2026-08-21 09:00:00,서울,1,ECMWF,100.0,100.0,12,0.0
2026-08-21 09:00:00,서울,1,GFS,100.0,100.0,6,0.0
2026-08-21 09:00:00,서울,1,KIM,100.0,100.0,6,0.0
2026-08-21 09:00:00,대전,1,나우캐스트,92.96296691894533,100.0,1,7.037033081054688
2026-08-21 09:00:00,대전,1,ECMWF,97.0,100.0,12,3.0
2026-08-21 09:00:00,대전,1,GFS,100.0,100.0,6,0.0
2026-08-21 09:00:00,대전,1,KIM,100.0,100.0,6,0.0
2026-08-21 09:00:00,대구,1,나우캐스트,67.58365631103516,70.0,1,2.416343688964844
2026-08-21 09:00:00,대구,1,ECMWF,96.0,70.0,12,26.0
2026-08-21 09:00:00,대구,1,GFS,71.0,70.0,6,1.0
2026-08-21 09:00:00,대구,1,KIM,100.0,70.0,6,30.0
2026-08-21 09:00:00,광주,1,나우캐스트,72.07642364501953,80.0,1,7.923576354980469
2026-08-21 09:00:00,광주,1,ECMWF,100.0,80.0,12,20.0
2026-08-21 09:00:00,광주,1,GFS,100.0,80.0,6,20.0
2026-08-21 09:00:00,광주,1,KIM,100.0,80.0,6,20.0
2026-08-21 09:00:00,부산,1,나우캐스트,19.82293128967285,40.0,1,20.17706871032715
2026-08-21 09:00:00,부산,1,ECMWF,43.0,40.0,12,3.0
2026-08-21 09:00:00,부산,1,GFS,100.0,40.0,6,60.0
2026-08-21 09:00:00,부산,1,KIM,100.0,40.0,6,60.0
2026-08-21 09:00:00,인천,1,나우캐스트,95.5864028930664,100.0,1,4.413597106933594
2026-08-21 09:00:00,인천,1,ECMWF,100.0,100.0,12,0.0
2026-08-21 09:00:00,인천,1,GFS,100.0,100.0,6,0.0
2026-08-21 09:00:00,인천,1,KIM,100.0,100.0,6,0.0
2026-08-21 09:00:00,수원,1,나우캐스트,94.96498107910156,100.0,1,5.0350189208984375
2026-08-21 09:00:00,수원,1,ECMWF,100.0,100.0,12,0.0
2026-08-21 09:00:00,수원,1,GFS,100.0,100.0,6,0.0
2026-08-21 09:00:00,수원,1,KIM,100.0,100.0,6,0.0
2026-08-21 09:00:00,전주,1,나우캐스트,92.80257415771484,90.0,1,2.802574157714844
2026-08-21 09:00:00,전주,1,ECMWF,99.0,90.0,12,9.0
2026-08-21 09:00:00,전주,1,GFS,100.0,90.0,6,10.0
2026-08-21 09:00:00,전주,1,KIM,100.0,90.0,6,10.0
2026-08-21 09:00:00,강릉,1,나우캐스트,95.97774505615234,100.0,1,4.022254943847656
2026-08-21 09:00:00,강릉,1,ECMWF,100.0,100.0,12,0.0
2026-08-21 09:00:00,강릉,1,GFS,100.0,100.0,6,0.0
2026-08-21 09:00:00,강릉,1,KIM,94.0,100.0,6,6.0
2026-08-21 09:00:00,제주,1,나우캐스트,44.09091567993164,20.0,1,24.09091567993164
2026-08-21 09:00:00,제주,1,ECMWF,99.0,20.0,12,79.0
2026-08-21 09:00:00,제주,1,GFS,69.0,20.0,6,49.0
2026-08-21 09:00:00,제주,1,KIM,90.0,20.0,6,70.0
2026-08-21 12:00:00,서울,4,나우캐스트,96.1565399169922,100.0,4,3.843460083007813
2026-08-21 12:00:00,서울,4,ECMWF,100.0,100.0,15,0.0
2026-08-21 12:00:00,서울,4,GFS,100.0,100.0,9,0.0
2026-08-21 12:00:00,서울,4,KIM,100.0,100.0,9,0.0
2026-08-21 12:00:00,대전,4,나우캐스트,89.47282409667969,100.0,4,10.527175903320312
2026-08-21 12:00:00,대전,4,ECMWF,99.0,100.0,15,1.0
2026-08-21 12:00:00,대전,4,GFS,100.0,100.0,9,0.0
2026-08-21 12:00:00,대전,4,KIM,100.0,100.0,9,0.0
2026-08-21 12:00:00,대구,4,나우캐스트,74.8900375366211,100.0,4,25.109962463378903
2026-08-21 12:00:00,대구,4,ECMWF,48.0,100.0,15,52.0
2026-08-21 12:00:00,대구,4,GFS,78.0,100.0,9,22.0
2026-08-21 12:00:00,대구,4,KIM,100.0,100.0,9,0.0
2026-08-21 12:00:00,광주,4,나우캐스트,57.94598007202149,80.0,4,22.05401992797852
2026-08-21 12:00:00,광주,4,ECMWF,99.0,80.0,15,19.0
2026-08-21 12:00:00,광주,4,GFS,100.0,80.0,9,20.0
2026-08-21 12:00:00,광주,4,KIM,100.0,80.0,9,20.0
2026-08-21 12:00:00,부산,4,나우캐스트,49.97250747680664,80.0,4,30.02749252319336
2026-08-21 12:00:00,부산,4,ECMWF,9.0,80.0,15,71.0
2026-08-21 12:00:00,부산,4,GFS,15.0,80.0,9,65.0
2026-08-21 12:00:00,부산,4,KIM,100.0,80.0,9,20.0
2026-08-21 12:00:00,인천,4,나우캐스트,96.34107971191406,100.0,4,3.6589202880859375
2026-08-21 12:00:00,인천,4,ECMWF,100.0,100.0,15,0.0
2026-08-21 12:00:00,인천,4,GFS,100.0,100.0,9,0.0
2026-08-21 12:00:00,인천,4,KIM,100.0,100.0,9,0.0
2026-08-21 12:00:00,수원,4,나우캐스트,95.69345092773438,100.0,4,4.306549072265625
2026-08-21 12:00:00,수원,4,ECMWF,100.0,100.0,15,0.0
2026-08-21 12:00:00,수원,4,GFS,100.0,100.0,9,0.0
2026-08-21 12:00:00,수원,4,KIM,100.0,100.0,9,0.0
2026-08-21 12:00:00,전주,4,나우캐스트,81.6746597290039,90.0,4,8.325340270996094
2026-08-21 12:00:00,전주,4,ECMWF,100.0,90.0,15,10.0
2026-08-21 12:00:00,전주,4,GFS,100.0,90.0,9,10.0
2026-08-21 12:00:00,전주,4,KIM,100.0,90.0,9,10.0
2026-08-21 12:00:00,강릉,4,나우캐스트,93.76810455322266,100.0,4,6.231895446777344
2026-08-21 12:00:00,강릉,4,ECMWF,100.0,100.0,15,0.0
2026-08-21 12:00:00,강릉,4,GFS,100.0,100.0,9,0.0
2026-08-21 12:00:00,강릉,4,KIM,100.0,100.0,9,0.0
2026-08-21 12:00:00,제주,4,나우캐스트,62.93812561035156,70.0,4,7.0618743896484375
2026-08-21 12:00:00,제주,4,ECMWF,92.0,70.0,15,22.0
2026-08-21 12:00:00,제주,4,GFS,83.0,70.0,9,13.0
2026-08-21 12:00:00,제주,4,KIM,93.0,70.0,9,23.0
2026-08-21 12:00:00,서울,3,나우캐스트,95.04721069335938,100.0,3,4.952789306640625
2026-08-21 12:00:00,서울,3,ECMWF,100.0,100.0,15,0.0
2026-08-21 12:00:00,서울,3,GFS,100.0,100.0,9,0.0
2026-08-21 12:00:00,서울,3,KIM,100.0,100.0,9,0.0
2026-08-21 12:00:00,대전,3,나우캐스트,93.96876525878906,100.0,3,6.0312347412109375
2026-08-21 12:00:00,대전,3,ECMWF,99.0,100.0,15,1.0
2026-08-21 12:00:00,대전,3,GFS,100.0,100.0,9,0.0
2026-08-21 12:00:00,대전,3,KIM,100.0,100.0,9,0.0
2026-08-21 12:00:00,대구,3,나우캐스트,76.64692687988281,100.0,3,23.353073120117188
2026-08-21 12:00:00,대구,3,ECMWF,48.0,100.0,15,52.0
2026-08-21 12:00:00,대구,3,GFS,78.0,100.0,9,22.0
2026-08-21 12:00:00,대구,3,KIM,100.0,100.0,9,0.0
2026-08-21 12:00:00,광주,3,나우캐스트,74.28105163574219,80.0,3,5.7189483642578125
2026-08-21 12:00:00,광주,3,ECMWF,99.0,80.0,15,19.0
2026-08-21 12:00:00,광주,3,GFS,100.0,80.0,9,20.0
2026-08-21 12:00:00,광주,3,KIM,100.0,80.0,9,20.0
2026-08-21 12:00:00,부산,3,나우캐스트,57.14918518066406,80.0,3,22.850814819335938
2026-08-21 12:00:00,부산,3,ECMWF,9.0,80.0,15,71.0
2026-08-21 12:00:00,부산,3,GFS,15.0,80.0,9,65.0
2026-08-21 12:00:00,부산,3,KIM,100.0,80.0,9,20.0
2026-08-21 12:00:00,인천,3,나우캐스트,95.88719177246094,100.0,3,4.112808227539063
2026-08-21 12:00:00,인천,3,ECMWF,100.0,100.0,15,0.0
2026-08-21 12:00:00,인천,3,GFS,100.0,100.0,9,0.0
2026-08-21 12:00:00,인천,3,KIM,100.0,100.0,9,0.0
2026-08-21 12:00:00,수원,3,나우캐스트,95.60816955566406,100.0,3,4.3918304443359375
2026-08-21 12:00:00,수원,3,ECMWF,100.0,100.0,15,0.0
2026-08-21 12:00:00,수원,3,GFS,100.0,100.0,9,0.0
2026-08-21 12:00:00,수원,3,KIM,100.0,100.0,9,0.0
2026-08-21 12:00:00,전주,3,나우캐스트,92.4880828857422,90.0,3,2.4880828857421875
2026-08-21 12:00:00,전주,3,ECMWF,100.0,90.0,15,10.0
2026-08-21 12:00:00,전주,3,GFS,100.0,90.0,9,10.0
2026-08-21 12:00:00,전주,3,KIM,100.0,90.0,9,10.0
2026-08-21 12:00:00,강릉,3,나우캐스트,94.16462707519533,100.0,3,5.835372924804688
2026-08-21 12:00:00,강릉,3,ECMWF,100.0,100.0,15,0.0
2026-08-21 12:00:00,강릉,3,GFS,100.0,100.0,9,0.0
2026-08-21 12:00:00,강릉,3,KIM,100.0,100.0,9,0.0
2026-08-21 12:00:00,제주,3,나우캐스트,54.19609832763672,70.0,3,15.80390167236328
2026-08-21 12:00:00,제주,3,ECMWF,92.0,70.0,15,22.0
2026-08-21 12:00:00,제주,3,GFS,83.0,70.0,9,13.0
2026-08-21 12:00:00,제주,3,KIM,93.0,70.0,9,23.0
2026-08-21 15:00:00,서울,6,나우캐스트,94.57373046875,100.0,6,5.42626953125
2026-08-21 15:00:00,서울,6,ECMWF,100.0,100.0,18,0.0
2026-08-21 15:00:00,서울,6,GFS,100.0,100.0,12,0.0
2026-08-21 15:00:00,서울,6,KIM,99.0,100.0,12,1.0
2026-08-21 15:00:00,대전,6,나우캐스트,93.970947265625,100.0,6,6.029052734375
2026-08-21 15:00:00,대전,6,ECMWF,100.0,100.0,18,0.0
2026-08-21 15:00:00,대전,6,GFS,100.0,100.0,12,0.0
2026-08-21 15:00:00,대전,6,KIM,100.0,100.0,12,0.0
2026-08-21 15:00:00,대구,6,나우캐스트,84.75048828125,90.0,6,5.24951171875
2026-08-21 15:00:00,대구,6,ECMWF,99.0,90.0,18,9.0
2026-08-21 15:00:00,대구,6,GFS,100.0,90.0,12,10.0
2026-08-21 15:00:00,대구,6,KIM,100.0,90.0,12,10.0
2026-08-21 15:00:00,광주,6,나우캐스트,87.24864196777344,90.0,6,2.7513580322265625
2026-08-21 15:00:00,광주,6,ECMWF,97.0,90.0,18,7.0
2026-08-21 15:00:00,광주,6,GFS,100.0,90.0,12,10.0
2026-08-21 15:00:00,광주,6,KIM,100.0,90.0,12,10.0
2026-08-21 15:00:00,부산,6,나우캐스트,61.96622848510742,70.0,6,8.033771514892578
2026-08-21 15:00:00,부산,6,ECMWF,42.0,70.0,18,28.0
2026-08-21 15:00:00,부산,6,GFS,100.0,70.0,12,30.0
2026-08-21 15:00:00,부산,6,KIM,100.0,70.0,12,30.0
2026-08-21 15:00:00,인천,6,나우캐스트,95.19257354736328,100.0,6,4.807426452636719
2026-08-21 15:00:00,인천,6,ECMWF,100.0,100.0,18,0.0
2026-08-21 15:00:00,인천,6,GFS,100.0,100.0,12,0.0
2026-08-21 15:00:00,인천,6,KIM,100.0,100.0,12,0.0
2026-08-21 15:00:00,수원,6,나우캐스트,94.90095520019533,100.0,6,5.099044799804688
2026-08-21 15:00:00,수원,6,ECMWF,100.0,100.0,18,0.0
2026-08-21 15:00:00,수원,6,GFS,100.0,100.0,12,0.0
2026-08-21 15:00:00,수원,6,KIM,97.0,100.0,12,3.0
2026-08-21 15:00:00,전주,6,나우캐스트,94.47109985351562,100.0,6,5.528900146484375
2026-08-21 15:00:00,전주,6,ECMWF,100.0,100.0,18,0.0
2026-08-21 15:00:00,전주,6,GFS,100.0,100.0,12,0.0
2026-08-21 15:00:00,전주,6,KIM,100.0,100.0,12,0.0
2026-08-21 15:00:00,강릉,6,나우캐스트,94.25833129882812,100.0,6,5.741668701171875
2026-08-21 15:00:00,강릉,6,ECMWF,100.0,100.0,18,0.0
2026-08-21 15:00:00,강릉,6,GFS,100.0,100.0,12,0.0
2026-08-21 15:00:00,강릉,6,KIM,100.0,100.0,12,0.0
2026-08-21 15:00:00,제주,6,나우캐스트,42.70531845092773,80.0,6,37.294681549072266
2026-08-21 15:00:00,제주,6,ECMWF,12.0,80.0,18,68.0
2026-08-21 15:00:00,제주,6,GFS,56.0,80.0,12,24.0
2026-08-21 15:00:00,제주,6,KIM,44.0,80.0,12,36.0
2026-08-21 12:00:00,서울,2,나우캐스트,96.00553894042967,100.0,2,3.994461059570313
2026-08-21 12:00:00,서울,2,ECMWF,100.0,100.0,15,0.0
2026-08-21 12:00:00,서울,2,GFS,100.0,100.0,9,0.0
2026-08-21 12:00:00,서울,2,KIM,100.0,100.0,9,0.0
2026-08-21 12:00:00,대전,2,나우캐스트,95.66551208496094,100.0,2,4.334487915039063
2026-08-21 12:00:00,대전,2,ECMWF,99.0,100.0,15,1.0
2026-08-21 12:00:00,대전,2,GFS,100.0,100.0,9,0.0
2026-08-21 12:00:00,대전,2,KIM,100.0,100.0,9,0.0
2026-08-21 12:00:00,대구,2,나우캐스트,79.34622192382812,100.0,2,20.653778076171875
2026-08-21 12:00:00,대구,2,ECMWF,48.0,100.0,15,52.0
2026-08-21 12:00:00,대구,2,GFS,78.0,100.0,9,22.0
2026-08-21 12:00:00,대구,2,KIM,100.0,100.0,9,0.0
2026-08-21 12:00:00,광주,2,나우캐스트,78.40873718261719,80.0,2,1.5912628173828125
2026-08-21 12:00:00,광주,2,ECMWF,99.0,80.0,15,19.0
2026-08-21 12:00:00,광주,2,GFS,100.0,80.0,9,20.0
2026-08-21 12:00:00,광주,2,KIM,100.0,80.0,9,20.0
2026-08-21 12:00:00,부산,2,나우캐스트,69.62279510498047,80.0,2,10.377204895019531
2026-08-21 12:00:00,부산,2,ECMWF,9.0,80.0,15,71.0
2026-08-21 12:00:00,부산,2,GFS,15.0,80.0,9,65.0
2026-08-21 12:00:00,부산,2,KIM,100.0,80.0,9,20.0
2026-08-21 12:00:00,인천,2,나우캐스트,96.53952026367188,100.0,2,3.460479736328125
2026-08-21 12:00:00,인천,2,ECMWF,100.0,100.0,15,0.0
2026-08-21 12:00:00,인천,2,GFS,100.0,100.0,9,0.0
2026-08-21 12:00:00,인천,2,KIM,100.0,100.0,9,0.0
2026-08-21 12:00:00,수원,2,나우캐스트,96.26056671142578,100.0,2,3.7394332885742183
2026-08-21 12:00:00,수원,2,ECMWF,100.0,100.0,15,0.0
2026-08-21 12:00:00,수원,2,GFS,100.0,100.0,9,0.0
2026-08-21 12:00:00,수원,2,KIM,100.0,100.0,9,0.0
2026-08-21 12:00:00,전주,2,나우캐스트,94.62384796142578,90.0,2,4.623847961425781
2026-08-21 12:00:00,전주,2,ECMWF,100.0,90.0,15,10.0
2026-08-21 12:00:00,전주,2,GFS,100.0,90.0,9,10.0
2026-08-21 12:00:00,전주,2,KIM,100.0,90.0,9,10.0
2026-08-21 12:00:00,강릉,2,나우캐스트,94.63209533691406,100.0,2,5.3679046630859375
2026-08-21 12:00:00,강릉,2,ECMWF,100.0,100.0,15,0.0
2026-08-21 12:00:00,강릉,2,GFS,100.0,100.0,9,0.0
2026-08-21 12:00:00,강릉,2,KIM,100.0,100.0,9,0.0
2026-08-21 12:00:00,제주,2,나우캐스트,64.29791259765625,70.0,2,5.70208740234375
2026-08-21 12:00:00,제주,2,ECMWF,92.0,70.0,15,22.0
2026-08-21 12:00:00,제주,2,GFS,83.0,70.0,9,13.0
2026-08-21 12:00:00,제주,2,KIM,93.0,70.0,9,23.0
2026-08-21 15:00:00,서울,5,나우캐스트,96.10255432128906,100.0,5,3.8974456787109375
2026-08-21 15:00:00,서울,5,ECMWF,100.0,100.0,18,0.0
2026-08-21 15:00:00,서울,5,GFS,100.0,100.0,12,0.0
2026-08-21 15:00:00,서울,5,KIM,99.0,100.0,12,1.0
2026-08-21 15:00:00,대전,5,나우캐스트,95.4892578125,100.0,5,4.5107421875
2026-08-21 15:00:00,대전,5,ECMWF,100.0,100.0,18,0.0
2026-08-21 15:00:00,대전,5,GFS,100.0,100.0,12,0.0
2026-08-21 15:00:00,대전,5,KIM,100.0,100.0,12,0.0
2026-08-21 15:00:00,대구,5,나우캐스트,87.3629150390625,90.0,5,2.6370849609375
2026-08-21 15:00:00,대구,5,ECMWF,99.0,90.0,18,9.0
2026-08-21 15:00:00,대구,5,GFS,100.0,90.0,12,10.0
2026-08-21 15:00:00,대구,5,KIM,100.0,90.0,12,10.0
2026-08-21 15:00:00,광주,5,나우캐스트,85.31582641601562,90.0,5,4.684173583984375
2026-08-21 15:00:00,광주,5,ECMWF,97.0,90.0,18,7.0
2026-08-21 15:00:00,광주,5,GFS,100.0,90.0,12,10.0
2026-08-21 15:00:00,광주,5,KIM,100.0,90.0,12,10.0
2026-08-21 15:00:00,부산,5,나우캐스트,70.81195831298828,70.0,5,0.8119583129882812
2026-08-21 15:00:00,부산,5,ECMWF,42.0,70.0,18,28.0
2026-08-21 15:00:00,부산,5,GFS,100.0,70.0,12,30.0
2026-08-21 15:00:00,부산,5,KIM,100.0,70.0,12,30.0
2026-08-21 15:00:00,인천,5,나우캐스트,96.80207824707033,100.0,5,3.1979217529296875
2026-08-21 15:00:00,인천,5,ECMWF,100.0,100.0,18,0.0
2026-08-21 15:00:00,인천,5,GFS,100.0,100.0,12,0.0
2026-08-21 15:00:00,인천,5,KIM,100.0,100.0,12,0.0
2026-08-21 15:00:00,수원,5,나우캐스트,96.30117797851562,100.0,5,3.698822021484375
2026-08-21 15:00:00,수원,5,ECMWF,100.0,100.0,18,0.0
2026-08-21 15:00:00,수원,5,GFS,100.0,100.0,12,0.0
2026-08-21 15:00:00,수원,5,KIM,97.0,100.0,12,3.0
2026-08-21 15:00:00,전주,5,나우캐스트,94.60928344726562,100.0,5,5.390716552734375
2026-08-21 15:00:00,전주,5,ECMWF,100.0,100.0,18,0.0
2026-08-21 15:00:00,전주,5,GFS,100.0,100.0,12,0.0
2026-08-21 15:00:00,전주,5,KIM,100.0,100.0,12,0.0
2026-08-21 15:00:00,강릉,5,나우캐스트,94.38311767578124,100.0,5,5.61688232421875
2026-08-21 15:00:00,강릉,5,ECMWF,100.0,100.0,18,0.0
2026-08-21 15:00:00,강릉,5,GFS,100.0,100.0,12,0.0
2026-08-21 15:00:00,강릉,5,KIM,100.0,100.0,12,0.0
2026-08-21 15:00:00,제주,5,나우캐스트,56.77042388916016,80.0,5,23.229576110839844
2026-08-21 15:00:00,제주,5,ECMWF,12.0,80.0,18,68.0
2026-08-21 15:00:00,제주,5,GFS,56.0,80.0,12,24.0
2026-08-21 15:00:00,제주,5,KIM,44.0,80.0,12,36.0
2026-08-21 12:00:00,서울,1,나우캐스트,95.39230346679688,100.0,1,4.607696533203125
2026-08-21 12:00:00,서울,1,ECMWF,100.0,100.0,15,0.0
2026-08-21 12:00:00,서울,1,GFS,100.0,100.0,9,0.0
2026-08-21 12:00:00,서울,1,KIM,100.0,100.0,9,0.0
2026-08-21 12:00:00,대전,1,나우캐스트,93.651611328125,100.0,1,6.348388671875
2026-08-21 12:00:00,대전,1,ECMWF,99.0,100.0,15,1.0
2026-08-21 12:00:00,대전,1,GFS,100.0,100.0,9,0.0
2026-08-21 12:00:00,대전,1,KIM,100.0,100.0,9,0.0
2026-08-21 12:00:00,대구,1,나우캐스트,92.91238403320312,100.0,1,7.087615966796875
2026-08-21 12:00:00,대구,1,ECMWF,48.0,100.0,15,52.0
2026-08-21 12:00:00,대구,1,GFS,78.0,100.0,9,22.0
2026-08-21 12:00:00,대구,1,KIM,100.0,100.0,9,0.0
2026-08-21 12:00:00,광주,1,나우캐스트,63.85957336425781,80.0,1,16.140426635742188
2026-08-21 12:00:00,광주,1,ECMWF,99.0,80.0,15,19.0
2026-08-21 12:00:00,광주,1,GFS,100.0,80.0,9,20.0
2026-08-21 12:00:00,광주,1,KIM,100.0,80.0,9,20.0
2026-08-21 12:00:00,부산,1,나우캐스트,82.41053771972656,80.0,1,2.4105377197265625
2026-08-21 12:00:00,부산,1,ECMWF,9.0,80.0,15,71.0
2026-08-21 12:00:00,부산,1,GFS,15.0,80.0,9,65.0
2026-08-21 12:00:00,부산,1,KIM,100.0,80.0,9,20.0
2026-08-21 12:00:00,인천,1,나우캐스트,95.81871032714844,100.0,1,4.1812896728515625
2026-08-21 12:00:00,인천,1,ECMWF,100.0,100.0,15,0.0
2026-08-21 12:00:00,인천,1,GFS,100.0,100.0,9,0.0
2026-08-21 12:00:00,인천,1,KIM,100.0,100.0,9,0.0
2026-08-21 12:00:00,수원,1,나우캐스트,95.3326416015625,100.0,1,4.6673583984375
2026-08-21 12:00:00,수원,1,ECMWF,100.0,100.0,15,0.0
2026-08-21 12:00:00,수원,1,GFS,100.0,100.0,9,0.0
2026-08-21 12:00:00,수원,1,KIM,100.0,100.0,9,0.0
2026-08-21 12:00:00,전주,1,나우캐스트,90.89009857177734,90.0,1,0.8900985717773438
2026-08-21 12:00:00,전주,1,ECMWF,100.0,90.0,15,10.0
2026-08-21 12:00:00,전주,1,GFS,100.0,90.0,9,10.0
2026-08-21 12:00:00,전주,1,KIM,100.0,90.0,9,10.0
2026-08-21 12:00:00,강릉,1,나우캐스트,94.34113311767578,100.0,1,5.658866882324219
2026-08-21 12:00:00,강릉,1,ECMWF,100.0,100.0,15,0.0
2026-08-21 12:00:00,강릉,1,GFS,100.0,100.0,9,0.0
2026-08-21 12:00:00,강릉,1,KIM,100.0,100.0,9,0.0
2026-08-21 12:00:00,제주,1,나우캐스트,76.4210205078125,70.0,1,6.4210205078125
2026-08-21 12:00:00,제주,1,ECMWF,92.0,70.0,15,22.0
2026-08-21 12:00:00,제주,1,GFS,83.0,70.0,9,13.0
2026-08-21 12:00:00,제주,1,KIM,93.0,70.0,9,23.0
2026-08-21 15:00:00,서울,4,나우캐스트,96.09109497070312,100.0,4,3.908905029296875
2026-08-21 15:00:00,서울,4,ECMWF,100.0,100.0,18,0.0
2026-08-21 15:00:00,서울,4,GFS,100.0,100.0,12,0.0
2026-08-21 15:00:00,서울,4,KIM,99.0,100.0,12,1.0
2026-08-21 15:00:00,대전,4,나우캐스트,94.84085083007812,100.0,4,5.159149169921875
2026-08-21 15:00:00,대전,4,ECMWF,100.0,100.0,18,0.0
2026-08-21 15:00:00,대전,4,GFS,100.0,100.0,12,0.0
2026-08-21 15:00:00,대전,4,KIM,100.0,100.0,12,0.0
2026-08-21 15:00:00,대구,4,나우캐스트,88.40025329589844,90.0,4,1.5997467041015625
2026-08-21 15:00:00,대구,4,ECMWF,99.0,90.0,18,9.0
2026-08-21 15:00:00,대구,4,GFS,100.0,90.0,12,10.0
2026-08-21 15:00:00,대구,4,KIM,100.0,90.0,12,10.0
2026-08-21 15:00:00,광주,4,나우캐스트,79.98218536376953,90.0,4,10.017814636230469
2026-08-21 15:00:00,광주,4,ECMWF,97.0,90.0,18,7.0
2026-08-21 15:00:00,광주,4,GFS,100.0,90.0,12,10.0
2026-08-21 15:00:00,광주,4,KIM,100.0,90.0,12,10.0
2026-08-21 15:00:00,부산,4,나우캐스트,79.93309020996094,70.0,4,9.933090209960938
2026-08-21 15:00:00,부산,4,ECMWF,42.0,70.0,18,28.0
2026-08-21 15:00:00,부산,4,GFS,100.0,70.0,12,30.0
2026-08-21 15:00:00,부산,4,KIM,100.0,70.0,12,30.0
2026-08-21 15:00:00,인천,4,나우캐스트,96.80134582519533,100.0,4,3.1986541748046875
2026-08-21 15:00:00,인천,4,ECMWF,100.0,100.0,18,0.0
2026-08-21 15:00:00,인천,4,GFS,100.0,100.0,12,0.0
2026-08-21 15:00:00,인천,4,KIM,100.0,100.0,12,0.0
2026-08-21 15:00:00,수원,4,나우캐스트,96.58738708496094,100.0,4,3.4126129150390625
2026-08-21 15:00:00,수원,4,ECMWF,100.0,100.0,18,0.0
2026-08-21 15:00:00,수원,4,GFS,100.0,100.0,12,0.0
2026-08-21 15:00:00,수원,4,KIM,97.0,100.0,12,3.0
2026-08-21 15:00:00,전주,4,나우캐스트,91.04393768310548,100.0,4,8.956062316894531
2026-08-21 15:00:00,전주,4,ECMWF,100.0,100.0,18,0.0
2026-08-21 15:00:00,전주,4,GFS,100.0,100.0,12,0.0
2026-08-21 15:00:00,전주,4,KIM,100.0,100.0,12,0.0
2026-08-21 15:00:00,강릉,4,나우캐스트,94.8154296875,100.0,4,5.1845703125
2026-08-21 15:00:00,강릉,4,ECMWF,100.0,100.0,18,0.0
2026-08-21 15:00:00,강릉,4,GFS,100.0,100.0,12,0.0
2026-08-21 15:00:00,강릉,4,KIM,100.0,100.0,12,0.0
2026-08-21 15:00:00,제주,4,나우캐스트,58.06119537353516,80.0,4,21.938804626464844
2026-08-21 15:00:00,제주,4,ECMWF,12.0,80.0,18,68.0
2026-08-21 15:00:00,제주,4,GFS,56.0,80.0,12,24.0
2026-08-21 15:00:00,제주,4,KIM,44.0,80.0,12,36.0
2026-08-21 15:00:00,서울,3,나우캐스트,95.50608825683594,100.0,3,4.493911743164063
2026-08-21 15:00:00,서울,3,ECMWF,100.0,100.0,18,0.0
2026-08-21 15:00:00,서울,3,GFS,100.0,100.0,12,0.0
2026-08-21 15:00:00,서울,3,KIM,99.0,100.0,12,1.0
2026-08-21 15:00:00,대전,3,나우캐스트,93.78761291503906,100.0,3,6.2123870849609375
2026-08-21 15:00:00,대전,3,ECMWF,100.0,100.0,18,0.0
2026-08-21 15:00:00,대전,3,GFS,100.0,100.0,12,0.0
2026-08-21 15:00:00,대전,3,KIM,100.0,100.0,12,0.0
2026-08-21 15:00:00,대구,3,나우캐스트,87.15878295898438,90.0,3,2.841217041015625
2026-08-21 15:00:00,대구,3,ECMWF,99.0,90.0,18,9.0
2026-08-21 15:00:00,대구,3,GFS,100.0,90.0,12,10.0
2026-08-21 15:00:00,대구,3,KIM,100.0,90.0,12,10.0
2026-08-21 15:00:00,광주,3,나우캐스트,80.6185302734375,90.0,3,9.3814697265625
2026-08-21 15:00:00,광주,3,ECMWF,97.0,90.0,18,7.0
2026-08-21 15:00:00,광주,3,GFS,100.0,90.0,12,10.0
2026-08-21 15:00:00,광주,3,KIM,100.0,90.0,12,10.0
2026-08-21 15:00:00,부산,3,나우캐스트,75.11949157714844,70.0,3,5.1194915771484375
2026-08-21 15:00:00,부산,3,ECMWF,42.0,70.0,18,28.0
2026-08-21 15:00:00,부산,3,GFS,100.0,70.0,12,30.0
2026-08-21 15:00:00,부산,3,KIM,100.0,70.0,12,30.0
2026-08-21 15:00:00,인천,3,나우캐스트,96.1513214111328,100.0,3,3.848678588867188
2026-08-21 15:00:00,인천,3,ECMWF,100.0,100.0,18,0.0
2026-08-21 15:00:00,인천,3,GFS,100.0,100.0,12,0.0
2026-08-21 15:00:00,인천,3,KIM,100.0,100.0,12,0.0
2026-08-21 15:00:00,수원,3,나우캐스트,95.81568145751952,100.0,3,4.184318542480469
2026-08-21 15:00:00,수원,3,ECMWF,100.0,100.0,18,0.0
2026-08-21 15:00:00,수원,3,GFS,100.0,100.0,12,0.0
2026-08-21 15:00:00,수원,3,KIM,97.0,100.0,12,3.0
2026-08-21 15:00:00,전주,3,나우캐스트,91.60049438476562,100.0,3,8.399505615234375
2026-08-21 15:00:00,전주,3,ECMWF,100.0,100.0,18,0.0
2026-08-21 15:00:00,전주,3,GFS,100.0,100.0,12,0.0
2026-08-21 15:00:00,전주,3,KIM,100.0,100.0,12,0.0
2026-08-21 15:00:00,강릉,3,나우캐스트,94.3885498046875,100.0,3,5.6114501953125
2026-08-21 15:00:00,강릉,3,ECMWF,100.0,100.0,18,0.0
2026-08-21 15:00:00,강릉,3,GFS,100.0,100.0,12,0.0
2026-08-21 15:00:00,강릉,3,KIM,100.0,100.0,12,0.0
2026-08-21 15:00:00,제주,3,나우캐스트,49.64375686645508,80.0,3,30.35624313354492
2026-08-21 15:00:00,제주,3,ECMWF,12.0,80.0,18,68.0
2026-08-21 15:00:00,제주,3,GFS,56.0,80.0,12,24.0
2026-08-21 15:00:00,제주,3,KIM,44.0,80.0,12,36.0
2026-08-21 18:00:00,서울,6,나우캐스트,95.18592071533205,100.0,6,4.814079284667969
2026-08-21 18:00:00,서울,6,ECMWF,100.0,100.0,21,0.0
2026-08-21 18:00:00,서울,6,GFS,100.0,100.0,15,0.0
2026-08-21 18:00:00,서울,6,KIM,100.0,100.0,15,0.0
2026-08-21 18:00:00,대전,6,나우캐스트,93.45834350585938,100.0,6,6.541656494140625
2026-08-21 18:00:00,대전,6,ECMWF,77.0,100.0,21,23.0
2026-08-21 18:00:00,대전,6,GFS,100.0,100.0,15,0.0
2026-08-21 18:00:00,대전,6,KIM,99.0,100.0,15,1.0
2026-08-21 18:00:00,대구,6,나우캐스트,87.58414459228516,90.0,6,2.415855407714844
2026-08-21 18:00:00,대구,6,ECMWF,99.0,90.0,21,9.0
2026-08-21 18:00:00,대구,6,GFS,100.0,90.0,15,10.0
2026-08-21 18:00:00,대구,6,KIM,100.0,90.0,15,10.0
2026-08-21 18:00:00,광주,6,나우캐스트,84.67596435546875,90.0,6,5.32403564453125
2026-08-21 18:00:00,광주,6,ECMWF,63.0,90.0,21,27.0
2026-08-21 18:00:00,광주,6,GFS,100.0,90.0,15,10.0
2026-08-21 18:00:00,광주,6,KIM,100.0,90.0,15,10.0
2026-08-21 18:00:00,부산,6,나우캐스트,78.70675659179688,60.0,6,18.706756591796875
2026-08-21 18:00:00,부산,6,ECMWF,20.0,60.0,21,40.0
2026-08-21 18:00:00,부산,6,GFS,100.0,60.0,15,40.0
2026-08-21 18:00:00,부산,6,KIM,100.0,60.0,15,40.0
2026-08-21 18:00:00,인천,6,나우캐스트,95.6594009399414,100.0,6,4.340599060058594
2026-08-21 18:00:00,인천,6,ECMWF,100.0,100.0,21,0.0
2026-08-21 18:00:00,인천,6,GFS,100.0,100.0,15,0.0
2026-08-21 18:00:00,인천,6,KIM,100.0,100.0,15,0.0
2026-08-21 18:00:00,수원,6,나우캐스트,95.24144744873048,100.0,6,4.758552551269531
2026-08-21 18:00:00,수원,6,ECMWF,100.0,100.0,21,0.0
2026-08-21 18:00:00,수원,6,GFS,100.0,100.0,15,0.0
2026-08-21 18:00:00,수원,6,KIM,100.0,100.0,15,0.0
2026-08-21 18:00:00,전주,6,나우캐스트,91.5273895263672,100.0,6,8.472610473632812
2026-08-21 18:00:00,전주,6,ECMWF,72.0,100.0,21,28.0
2026-08-21 18:00:00,전주,6,GFS,100.0,100.0,15,0.0
2026-08-21 18:00:00,전주,6,KIM,100.0,100.0,15,0.0
2026-08-21 18:00:00,강릉,6,나우캐스트,94.41960906982422,100.0,6,5.580390930175781
2026-08-21 18:00:00,강릉,6,ECMWF,100.0,100.0,21,0.0
2026-08-21 18:00:00,강릉,6,GFS,100.0,100.0,15,0.0
2026-08-21 18:00:00,강릉,6,KIM,99.0,100.0,15,1.0
2026-08-21 18:00:00,제주,6,나우캐스트,49.9072380065918,80.0,6,30.092761993408203
2026-08-21 18:00:00,제주,6,ECMWF,9.0,80.0,21,71.0
2026-08-21 18:00:00,제주,6,GFS,75.0,80.0,15,5.0
2026-08-21 18:00:00,제주,6,KIM,92.0,80.0,15,12.0
2026-08-21 15:00:00,서울,2,나우캐스트,95.17314910888672,100.0,2,4.826850891113281
2026-08-21 15:00:00,서울,2,ECMWF,100.0,100.0,18,0.0
2026-08-21 15:00:00,서울,2,GFS,100.0,100.0,12,0.0
2026-08-21 15:00:00,서울,2,KIM,99.0,100.0,12,1.0
2026-08-21 15:00:00,대전,2,나우캐스트,93.3469696044922,100.0,2,6.6530303955078125
2026-08-21 15:00:00,대전,2,ECMWF,100.0,100.0,18,0.0
2026-08-21 15:00:00,대전,2,GFS,100.0,100.0,12,0.0
2026-08-21 15:00:00,대전,2,KIM,100.0,100.0,12,0.0
2026-08-21 15:00:00,대구,2,나우캐스트,84.29845428466797,90.0,2,5.701545715332031
2026-08-21 15:00:00,대구,2,ECMWF,99.0,90.0,18,9.0
2026-08-21 15:00:00,대구,2,GFS,100.0,90.0,12,10.0
2026-08-21 15:00:00,대구,2,KIM,100.0,90.0,12,10.0
2026-08-21 15:00:00,광주,2,나우캐스트,80.92195129394531,90.0,2,9.078048706054688
2026-08-21 15:00:00,광주,2,ECMWF,97.0,90.0,18,7.0
2026-08-21 15:00:00,광주,2,GFS,100.0,90.0,12,10.0
2026-08-21 15:00:00,광주,2,KIM,100.0,90.0,12,10.0
2026-08-21 15:00:00,부산,2,나우캐스트,66.23896789550781,70.0,2,3.761032104492188
2026-08-21 15:00:00,부산,2,ECMWF,42.0,70.0,18,28.0
2026-08-21 15:00:00,부산,2,GFS,100.0,70.0,12,30.0
2026-08-21 15:00:00,부산,2,KIM,100.0,70.0,12,30.0
2026-08-21 15:00:00,인천,2,나우캐스트,95.10334014892578,100.0,2,4.896659851074219
2026-08-21 15:00:00,인천,2,ECMWF,100.0,100.0,18,0.0
2026-08-21 15:00:00,인천,2,GFS,100.0,100.0,12,0.0
2026-08-21 15:00:00,인천,2,KIM,100.0,100.0,12,0.0
2026-08-21 15:00:00,수원,2,나우캐스트,94.55789184570312,100.0,2,5.442108154296875
2026-08-21 15:00:00,수원,2,ECMWF,100.0,100.0,18,0.0
2026-08-21 15:00:00,수원,2,GFS,100.0,100.0,12,0.0
2026-08-21 15:00:00,수원,2,KIM,97.0,100.0,12,3.0
2026-08-21 15:00:00,전주,2,나우캐스트,91.52243041992188,100.0,2,8.477569580078125
2026-08-21 15:00:00,전주,2,ECMWF,100.0,100.0,18,0.0
2026-08-21 15:00:00,전주,2,GFS,100.0,100.0,12,0.0
2026-08-21 15:00:00,전주,2,KIM,100.0,100.0,12,0.0
2026-08-21 15:00:00,강릉,2,나우캐스트,93.6611785888672,100.0,2,6.3388214111328125
2026-08-21 15:00:00,강릉,2,ECMWF,100.0,100.0,18,0.0
2026-08-21 15:00:00,강릉,2,GFS,100.0,100.0,12,0.0
2026-08-21 15:00:00,강릉,2,KIM,100.0,100.0,12,0.0
2026-08-21 15:00:00,제주,2,나우캐스트,41.59371948242188,80.0,2,38.406280517578125
2026-08-21 15:00:00,제주,2,ECMWF,12.0,80.0,18,68.0
2026-08-21 15:00:00,제주,2,GFS,56.0,80.0,12,24.0
2026-08-21 15:00:00,제주,2,KIM,44.0,80.0,12,36.0
2026-08-21 18:00:00,서울,5,나우캐스트,95.2203369140625,100.0,5,4.7796630859375
2026-08-21 18:00:00,서울,5,ECMWF,100.0,100.0,21,0.0
2026-08-21 18:00:00,서울,5,GFS,100.0,100.0,15,0.0
2026-08-21 18:00:00,서울,5,KIM,100.0,100.0,15,0.0
2026-08-21 18:00:00,대전,5,나우캐스트,93.14517974853516,100.0,5,6.854820251464844
2026-08-21 18:00:00,대전,5,ECMWF,77.0,100.0,21,23.0
2026-08-21 18:00:00,대전,5,GFS,100.0,100.0,15,0.0
2026-08-21 18:00:00,대전,5,KIM,99.0,100.0,15,1.0
2026-08-21 18:00:00,대구,5,나우캐스트,86.40412139892578,90.0,5,3.5958786010742188
2026-08-21 18:00:00,대구,5,ECMWF,99.0,90.0,21,9.0
2026-08-21 18:00:00,대구,5,GFS,100.0,90.0,15,10.0
2026-08-21 18:00:00,대구,5,KIM,100.0,90.0,15,10.0
2026-08-21 18:00:00,광주,5,나우캐스트,85.30813598632812,90.0,5,4.691864013671875
2026-08-21 18:00:00,광주,5,ECMWF,63.0,90.0,21,27.0
2026-08-21 18:00:00,광주,5,GFS,100.0,90.0,15,10.0
2026-08-21 18:00:00,광주,5,KIM,100.0,90.0,15,10.0
2026-08-21 18:00:00,부산,5,나우캐스트,72.96847534179688,60.0,5,12.968475341796877
2026-08-21 18:00:00,부산,5,ECMWF,20.0,60.0,21,40.0
2026-08-21 18:00:00,부산,5,GFS,100.0,60.0,15,40.0
2026-08-21 18:00:00,부산,5,KIM,100.0,60.0,15,40.0
2026-08-21 18:00:00,인천,5,나우캐스트,95.09963989257812,100.0,5,4.900360107421875
2026-08-21 18:00:00,인천,5,ECMWF,100.0,100.0,21,0.0
2026-08-21 18:00:00,인천,5,GFS,100.0,100.0,15,0.0
2026-08-21 18:00:00,인천,5,KIM,100.0,100.0,15,0.0
2026-08-21 18:00:00,수원,5,나우캐스트,95.34927368164062,100.0,5,4.650726318359375
2026-08-21 18:00:00,수원,5,ECMWF,100.0,100.0,21,0.0
2026-08-21 18:00:00,수원,5,GFS,100.0,100.0,15,0.0
2026-08-21 18:00:00,수원,5,KIM,100.0,100.0,15,0.0
2026-08-21 18:00:00,전주,5,나우캐스트,91.72850036621094,100.0,5,8.271499633789062
2026-08-21 18:00:00,전주,5,ECMWF,72.0,100.0,21,28.0
2026-08-21 18:00:00,전주,5,GFS,100.0,100.0,15,0.0
2026-08-21 18:00:00,전주,5,KIM,100.0,100.0,15,0.0
2026-08-21 18:00:00,강릉,5,나우캐스트,93.6232452392578,100.0,5,6.376754760742188
2026-08-21 18:00:00,강릉,5,ECMWF,100.0,100.0,21,0.0
2026-08-21 18:00:00,강릉,5,GFS,100.0,100.0,15,0.0
2026-08-21 18:00:00,강릉,5,KIM,99.0,100.0,15,1.0
2026-08-21 18:00:00,제주,5,나우캐스트,51.14751052856445,80.0,5,28.852489471435547
2026-08-21 18:00:00,제주,5,ECMWF,9.0,80.0,21,71.0
2026-08-21 18:00:00,제주,5,GFS,75.0,80.0,15,5.0
2026-08-21 18:00:00,제주,5,KIM,92.0,80.0,15,12.0
2026-08-21 15:00:00,서울,1,나우캐스트,93.9201202392578,100.0,1,6.079879760742188
2026-08-21 15:00:00,서울,1,ECMWF,100.0,100.0,18,0.0
2026-08-21 15:00:00,서울,1,GFS,100.0,100.0,12,0.0
2026-08-21 15:00:00,서울,1,KIM,99.0,100.0,12,1.0
2026-08-21 15:00:00,대전,1,나우캐스트,92.69612121582033,100.0,1,7.303878784179687
2026-08-21 15:00:00,대전,1,ECMWF,100.0,100.0,18,0.0
2026-08-21 15:00:00,대전,1,GFS,100.0,100.0,12,0.0
2026-08-21 15:00:00,대전,1,KIM,100.0,100.0,12,0.0
2026-08-21 15:00:00,대구,1,나우캐스트,81.70779418945312,90.0,1,8.292205810546875
2026-08-21 15:00:00,대구,1,ECMWF,99.0,90.0,18,9.0
2026-08-21 15:00:00,대구,1,GFS,100.0,90.0,12,10.0
2026-08-21 15:00:00,대구,1,KIM,100.0,90.0,12,10.0
2026-08-21 15:00:00,광주,1,나우캐스트,84.02971649169922,90.0,1,5.970283508300781
2026-08-21 15:00:00,광주,1,ECMWF,97.0,90.0,18,7.0
2026-08-21 15:00:00,광주,1,GFS,100.0,90.0,12,10.0
2026-08-21 15:00:00,광주,1,KIM,100.0,90.0,12,10.0
2026-08-21 15:00:00,부산,1,나우캐스트,52.7387580871582,70.0,1,17.261241912841797
2026-08-21 15:00:00,부산,1,ECMWF,42.0,70.0,18,28.0
2026-08-21 15:00:00,부산,1,GFS,100.0,70.0,12,30.0
2026-08-21 15:00:00,부산,1,KIM,100.0,70.0,12,30.0
2026-08-21 15:00:00,인천,1,나우캐스트,93.68145751953124,100.0,1,6.31854248046875
2026-08-21 15:00:00,인천,1,ECMWF,100.0,100.0,18,0.0
2026-08-21 15:00:00,인천,1,GFS,100.0,100.0,12,0.0
2026-08-21 15:00:00,인천,1,KIM,100.0,100.0,12,0.0
2026-08-21 15:00:00,수원,1,나우캐스트,94.0256118774414,100.0,1,5.974388122558594
2026-08-21 15:00:00,수원,1,ECMWF,100.0,100.0,18,0.0
2026-08-21 15:00:00,수원,1,GFS,100.0,100.0,12,0.0
2026-08-21 15:00:00,수원,1,KIM,97.0,100.0,12,3.0
2026-08-21 15:00:00,전주,1,나우캐스트,92.25466918945312,100.0,1,7.745330810546875
2026-08-21 15:00:00,전주,1,ECMWF,100.0,100.0,18,0.0
2026-08-21 15:00:00,전주,1,GFS,100.0,100.0,12,0.0
2026-08-21 15:00:00,전주,1,KIM,100.0,100.0,12,0.0
2026-08-21 15:00:00,강릉,1,나우캐스트,93.1473617553711,100.0,1,6.852638244628906
2026-08-21 15:00:00,강릉,1,ECMWF,100.0,100.0,18,0.0
2026-08-21 15:00:00,강릉,1,GFS,100.0,100.0,12,0.0
2026-08-21 15:00:00,강릉,1,KIM,100.0,100.0,12,0.0
2026-08-21 15:00:00,제주,1,나우캐스트,65.27747344970703,80.0,1,14.722526550292969
2026-08-21 15:00:00,제주,1,ECMWF,12.0,80.0,18,68.0
2026-08-21 15:00:00,제주,1,GFS,56.0,80.0,12,24.0
2026-08-21 15:00:00,제주,1,KIM,44.0,80.0,12,36.0
2026-08-21 18:00:00,서울,4,나우캐스트,94.00511169433594,100.0,4,5.994888305664063
2026-08-21 18:00:00,서울,4,ECMWF,100.0,100.0,21,0.0
2026-08-21 18:00:00,서울,4,GFS,100.0,100.0,15,0.0
2026-08-21 18:00:00,서울,4,KIM,100.0,100.0,15,0.0
2026-08-21 18:00:00,대전,4,나우캐스트,93.96775817871094,100.0,4,6.032241821289063
2026-08-21 18:00:00,대전,4,ECMWF,77.0,100.0,21,23.0
2026-08-21 18:00:00,대전,4,GFS,100.0,100.0,15,0.0
2026-08-21 18:00:00,대전,4,KIM,99.0,100.0,15,1.0
2026-08-21 18:00:00,대구,4,나우캐스트,89.73371124267578,90.0,4,0.2662887573242187
2026-08-21 18:00:00,대구,4,ECMWF,99.0,90.0,21,9.0
2026-08-21 18:00:00,대구,4,GFS,100.0,90.0,15,10.0
2026-08-21 18:00:00,대구,4,KIM,100.0,90.0,15,10.0
2026-08-21 18:00:00,광주,4,나우캐스트,90.8314208984375,90.0,4,0.8314208984375
2026-08-21 18:00:00,광주,4,ECMWF,63.0,90.0,21,27.0
2026-08-21 18:00:00,광주,4,GFS,100.0,90.0,15,10.0
2026-08-21 18:00:00,광주,4,KIM,100.0,90.0,15,10.0
2026-08-21 18:00:00,부산,4,나우캐스트,68.28849792480469,60.0,4,8.288497924804688
2026-08-21 18:00:00,부산,4,ECMWF,20.0,60.0,21,40.0
2026-08-21 18:00:00,부산,4,GFS,100.0,60.0,15,40.0
2026-08-21 18:00:00,부산,4,KIM,100.0,60.0,15,40.0
2026-08-21 18:00:00,인천,4,나우캐스트,94.41722106933594,100.0,4,5.582778930664063
2026-08-21 18:00:00,인천,4,ECMWF,100.0,100.0,21,0.0
2026-08-21 18:00:00,인천,4,GFS,100.0,100.0,15,0.0
2026-08-21 18:00:00,인천,4,KIM,100.0,100.0,15,0.0
2026-08-21 18:00:00,수원,4,나우캐스트,94.49026489257812,100.0,4,5.509735107421875
2026-08-21 18:00:00,수원,4,ECMWF,100.0,100.0,21,0.0
2026-08-21 18:00:00,수원,4,GFS,100.0,100.0,15,0.0
2026-08-21 18:00:00,수원,4,KIM,100.0,100.0,15,0.0
2026-08-21 18:00:00,전주,4,나우캐스트,93.37517547607422,100.0,4,6.624824523925781
2026-08-21 18:00:00,전주,4,ECMWF,72.0,100.0,21,28.0
2026-08-21 18:00:00,전주,4,GFS,100.0,100.0,15,0.0
2026-08-21 18:00:00,전주,4,KIM,100.0,100.0,15,0.0
2026-08-21 18:00:00,강릉,4,나우캐스트,93.53822326660156,100.0,4,6.4617767333984375
2026-08-21 18:00:00,강릉,4,ECMWF,100.0,100.0,21,0.0
2026-08-21 18:00:00,강릉,4,GFS,100.0,100.0,15,0.0
2026-08-21 18:00:00,강릉,4,KIM,99.0,100.0,15,1.0
2026-08-21 18:00:00,제주,4,나우캐스트,57.28062438964844,80.0,4,22.71937561035156
2026-08-21 18:00:00,제주,4,ECMWF,9.0,80.0,21,71.0
2026-08-21 18:00:00,제주,4,GFS,75.0,80.0,15,5.0
2026-08-21 18:00:00,제주,4,KIM,92.0,80.0,15,12.0
2026-08-21 18:00:00,서울,3,나우캐스트,94.26614379882812,100.0,3,5.733856201171875
2026-08-21 18:00:00,서울,3,ECMWF,100.0,100.0,21,0.0
2026-08-21 18:00:00,서울,3,GFS,100.0,100.0,15,0.0
2026-08-21 18:00:00,서울,3,KIM,100.0,100.0,15,0.0
2026-08-21 18:00:00,대전,3,나우캐스트,93.53352355957033,100.0,3,6.466476440429688
2026-08-21 18:00:00,대전,3,ECMWF,77.0,100.0,21,23.0
2026-08-21 18:00:00,대전,3,GFS,100.0,100.0,15,0.0
2026-08-21 18:00:00,대전,3,KIM,99.0,100.0,15,1.0
2026-08-21 18:00:00,대구,3,나우캐스트,91.171630859375,90.0,3,1.171630859375
2026-08-21 18:00:00,대구,3,ECMWF,99.0,90.0,21,9.0
2026-08-21 18:00:00,대구,3,GFS,100.0,90.0,15,10.0
2026-08-21 18:00:00,대구,3,KIM,100.0,90.0,15,10.0
2026-08-21 18:00:00,광주,3,나우캐스트,87.01237487792969,90.0,3,2.9876251220703125
2026-08-21 18:00:00,광주,3,ECMWF,63.0,90.0,21,27.0
2026-08-21 18:00:00,광주,3,GFS,100.0,90.0,15,10.0
2026-08-21 18:00:00,광주,3,KIM,100.0,90.0,15,10.0
2026-08-21 18:00:00,부산,3,나우캐스트,68.34147644042969,60.0,3,8.341476440429688
2026-08-21 18:00:00,부산,3,ECMWF,20.0,60.0,21,40.0
2026-08-21 18:00:00,부산,3,GFS,100.0,60.0,15,40.0
2026-08-21 18:00:00,부산,3,KIM,100.0,60.0,15,40.0
2026-08-21 18:00:00,인천,3,나우캐스트,94.55780029296876,100.0,3,5.44219970703125
2026-08-21 18:00:00,인천,3,ECMWF,100.0,100.0,21,0.0
2026-08-21 18:00:00,인천,3,GFS,100.0,100.0,15,0.0
2026-08-21 18:00:00,인천,3,KIM,100.0,100.0,15,0.0
2026-08-21 18:00:00,수원,3,나우캐스트,94.55963134765624,100.0,3,5.44036865234375
2026-08-21 18:00:00,수원,3,ECMWF,100.0,100.0,21,0.0
2026-08-21 18:00:00,수원,3,GFS,100.0,100.0,15,0.0
2026-08-21 18:00:00,수원,3,KIM,100.0,100.0,15,0.0
2026-08-21 18:00:00,전주,3,나우캐스트,92.96826171875,100.0,3,7.03173828125
2026-08-21 18:00:00,전주,3,ECMWF,72.0,100.0,21,28.0
2026-08-21 18:00:00,전주,3,GFS,100.0,100.0,15,0.0
2026-08-21 18:00:00,전주,3,KIM,100.0,100.0,15,0.0
2026-08-21 18:00:00,강릉,3,나우캐스트,93.10399627685548,100.0,3,6.896003723144531
2026-08-21 18:00:00,강릉,3,ECMWF,100.0,100.0,21,0.0
2026-08-21 18:00:00,강릉,3,GFS,100.0,100.0,15,0.0
2026-08-21 18:00:00,강릉,3,KIM,99.0,100.0,15,1.0
2026-08-21 18:00:00,제주,3,나우캐스트,60.73969268798828,80.0,3,19.26030731201172
2026-08-21 18:00:00,제주,3,ECMWF,9.0,80.0,21,71.0
2026-08-21 18:00:00,제주,3,GFS,75.0,80.0,15,5.0
2026-08-21 18:00:00,제주,3,KIM,92.0,80.0,15,12.0
2026-08-21 21:00:00,서울,6,나우캐스트,92.86802673339844,90.0,6,2.868026733398437
2026-08-21 21:00:00,서울,6,ECMWF,100.0,90.0,0,10.0
2026-08-21 21:00:00,서울,6,GFS,100.0,90.0,18,10.0
2026-08-21 21:00:00,서울,6,KIM,100.0,90.0,0,10.0
2026-08-21 21:00:00,대전,6,나우캐스트,93.85022735595705,100.0,6,6.149772644042969
2026-08-21 21:00:00,대전,6,ECMWF,99.0,100.0,0,1.0
2026-08-21 21:00:00,대전,6,GFS,100.0,100.0,18,0.0
2026-08-21 21:00:00,대전,6,KIM,100.0,100.0,0,0.0
2026-08-21 21:00:00,대구,6,나우캐스트,90.85752868652344,100.0,6,9.142471313476562
2026-08-21 21:00:00,대구,6,ECMWF,100.0,100.0,0,0.0
2026-08-21 21:00:00,대구,6,GFS,100.0,100.0,18,0.0
2026-08-21 21:00:00,대구,6,KIM,100.0,100.0,0,0.0
2026-08-21 21:00:00,광주,6,나우캐스트,88.0378189086914,90.0,6,1.9621810913085935
2026-08-21 21:00:00,광주,6,ECMWF,91.0,90.0,0,1.0
2026-08-21 21:00:00,광주,6,GFS,100.0,90.0,18,10.0
2026-08-21 21:00:00,광주,6,KIM,100.0,90.0,0,10.0
2026-08-21 21:00:00,부산,6,나우캐스트,76.6317367553711,90.0,6,13.368263244628906
2026-08-21 21:00:00,부산,6,ECMWF,100.0,90.0,0,10.0
2026-08-21 21:00:00,부산,6,GFS,79.0,90.0,18,11.0
2026-08-21 21:00:00,부산,6,KIM,100.0,90.0,0,10.0
2026-08-21 21:00:00,인천,6,나우캐스트,93.7998046875,90.0,6,3.7998046875
2026-08-21 21:00:00,인천,6,ECMWF,100.0,90.0,0,10.0
2026-08-21 21:00:00,인천,6,GFS,100.0,90.0,18,10.0
2026-08-21 21:00:00,인천,6,KIM,100.0,90.0,0,10.0
2026-08-21 21:00:00,수원,6,나우캐스트,93.94945526123048,90.0,6,3.9494552612304688
2026-08-21 21:00:00,수원,6,ECMWF,100.0,90.0,0,10.0
2026-08-21 21:00:00,수원,6,GFS,100.0,90.0,18,10.0
2026-08-21 21:00:00,수원,6,KIM,100.0,90.0,0,10.0
2026-08-21 21:00:00,전주,6,나우캐스트,93.04906463623048,90.0,6,3.0490646362304688
2026-08-21 21:00:00,전주,6,ECMWF,57.0,90.0,0,33.0
2026-08-21 21:00:00,전주,6,GFS,100.0,90.0,18,10.0
2026-08-21 21:00:00,전주,6,KIM,100.0,90.0,0,10.0
2026-08-21 21:00:00,강릉,6,나우캐스트,93.15705871582033,100.0,6,6.842941284179688
2026-08-21 21:00:00,강릉,6,ECMWF,99.0,100.0,0,1.0
2026-08-21 21:00:00,강릉,6,GFS,100.0,100.0,18,0.0
2026-08-21 21:00:00,강릉,6,KIM,100.0,100.0,0,0.0
2026-08-21 21:00:00,제주,6,나우캐스트,65.52912139892578,60.0,6,5.529121398925781
2026-08-21 21:00:00,제주,6,ECMWF,91.0,60.0,0,31.0
2026-08-21 21:00:00,제주,6,GFS,48.0,60.0,18,12.0
2026-08-21 21:00:00,제주,6,KIM,99.0,60.0,0,39.0
2026-08-21 18:00:00,서울,2,나우캐스트,93.52545166015624,100.0,2,6.47454833984375
2026-08-21 18:00:00,서울,2,ECMWF,100.0,100.0,21,0.0
2026-08-21 18:00:00,서울,2,GFS,100.0,100.0,15,0.0
2026-08-21 18:00:00,서울,2,KIM,100.0,100.0,15,0.0
2026-08-21 18:00:00,대전,2,나우캐스트,93.58683013916016,100.0,2,6.413169860839844
2026-08-21 18:00:00,대전,2,ECMWF,77.0,100.0,21,23.0
2026-08-21 18:00:00,대전,2,GFS,100.0,100.0,15,0.0
2026-08-21 18:00:00,대전,2,KIM,99.0,100.0,15,1.0
2026-08-21 18:00:00,대구,2,나우캐스트,89.264892578125,90.0,2,0.735107421875
2026-08-21 18:00:00,대구,2,ECMWF,99.0,90.0,21,9.0
2026-08-21 18:00:00,대구,2,GFS,100.0,90.0,15,10.0
2026-08-21 18:00:00,대구,2,KIM,100.0,90.0,15,10.0
2026-08-21 18:00:00,광주,2,나우캐스트,90.79828643798828,90.0,2,0.7982864379882812
2026-08-21 18:00:00,광주,2,ECMWF,63.0,90.0,21,27.0
2026-08-21 18:00:00,광주,2,GFS,100.0,90.0,15,10.0
2026-08-21 18:00:00,광주,2,KIM,100.0,90.0,15,10.0
2026-08-21 18:00:00,부산,2,나우캐스트,57.74782943725586,60.0,2,2.2521705627441406
2026-08-21 18:00:00,부산,2,ECMWF,20.0,60.0,21,40.0
2026-08-21 18:00:00,부산,2,GFS,100.0,60.0,15,40.0
2026-08-21 18:00:00,부산,2,KIM,100.0,60.0,15,40.0
2026-08-21 18:00:00,인천,2,나우캐스트,93.0928192138672,100.0,2,6.9071807861328125
2026-08-21 18:00:00,인천,2,ECMWF,100.0,100.0,21,0.0
2026-08-21 18:00:00,인천,2,GFS,100.0,100.0,15,0.0
2026-08-21 18:00:00,인천,2,KIM,100.0,100.0,15,0.0
2026-08-21 18:00:00,수원,2,나우캐스트,94.07003021240234,100.0,2,5.929969787597656
2026-08-21 18:00:00,수원,2,ECMWF,100.0,100.0,21,0.0
2026-08-21 18:00:00,수원,2,GFS,100.0,100.0,15,0.0
2026-08-21 18:00:00,수원,2,KIM,100.0,100.0,15,0.0
2026-08-21 18:00:00,전주,2,나우캐스트,93.53277587890624,100.0,2,6.46722412109375
2026-08-21 18:00:00,전주,2,ECMWF,72.0,100.0,21,28.0
2026-08-21 18:00:00,전주,2,GFS,100.0,100.0,15,0.0
2026-08-21 18:00:00,전주,2,KIM,100.0,100.0,15,0.0
2026-08-21 18:00:00,강릉,2,나우캐스트,93.90461730957033,100.0,2,6.095382690429688
2026-08-21 18:00:00,강릉,2,ECMWF,100.0,100.0,21,0.0
2026-08-21 18:00:00,강릉,2,GFS,100.0,100.0,15,0.0
2026-08-21 18:00:00,강릉,2,KIM,99.0,100.0,15,1.0
2026-08-21 18:00:00,제주,2,나우캐스트,61.44810104370117,80.0,2,18.551898956298828
2026-08-21 18:00:00,제주,2,ECMWF,9.0,80.0,21,71.0
2026-08-21 18:00:00,제주,2,GFS,75.0,80.0,15,5.0
2026-08-21 18:00:00,제주,2,KIM,92.0,80.0,15,12.0
2026-08-21 21:00:00,서울,5,나우캐스트,91.54800415039062,90.0,5,1.548004150390625
2026-08-21 21:00:00,서울,5,ECMWF,100.0,90.0,0,10.0
2026-08-21 21:00:00,서울,5,GFS,100.0,90.0,18,10.0
2026-08-21 21:00:00,서울,5,KIM,100.0,90.0,0,10.0
2026-08-21 21:00:00,대전,5,나우캐스트,93.51317596435548,100.0,5,6.486824035644531
2026-08-21 21:00:00,대전,5,ECMWF,99.0,100.0,0,1.0
2026-08-21 21:00:00,대전,5,GFS,100.0,100.0,18,0.0
2026-08-21 21:00:00,대전,5,KIM,100.0,100.0,0,0.0
2026-08-21 21:00:00,대구,5,나우캐스트,91.77522277832033,100.0,5,8.224777221679688
2026-08-21 21:00:00,대구,5,ECMWF,100.0,100.0,0,0.0
2026-08-21 21:00:00,대구,5,GFS,100.0,100.0,18,0.0
2026-08-21 21:00:00,대구,5,KIM,100.0,100.0,0,0.0
2026-08-21 21:00:00,광주,5,나우캐스트,89.62214660644531,90.0,5,0.3778533935546875
2026-08-21 21:00:00,광주,5,ECMWF,91.0,90.0,0,1.0
2026-08-21 21:00:00,광주,5,GFS,100.0,90.0,18,10.0
2026-08-21 21:00:00,광주,5,KIM,100.0,90.0,0,10.0
2026-08-21 21:00:00,부산,5,나우캐스트,77.94387817382812,90.0,5,12.056121826171877
2026-08-21 21:00:00,부산,5,ECMWF,100.0,90.0,0,10.0
2026-08-21 21:00:00,부산,5,GFS,79.0,90.0,18,11.0
2026-08-21 21:00:00,부산,5,KIM,100.0,90.0,0,10.0
2026-08-21 21:00:00,인천,5,나우캐스트,90.8956527709961,90.0,5,0.8956527709960938
2026-08-21 21:00:00,인천,5,ECMWF,100.0,90.0,0,10.0
2026-08-21 21:00:00,인천,5,GFS,100.0,90.0,18,10.0
2026-08-21 21:00:00,인천,5,KIM,100.0,90.0,0,10.0
2026-08-21 21:00:00,수원,5,나우캐스트,92.96202087402344,90.0,5,2.962020874023437
2026-08-21 21:00:00,수원,5,ECMWF,100.0,90.0,0,10.0
2026-08-21 21:00:00,수원,5,GFS,100.0,90.0,18,10.0
2026-08-21 21:00:00,수원,5,KIM,100.0,90.0,0,10.0
2026-08-21 21:00:00,전주,5,나우캐스트,93.48956298828124,90.0,5,3.48956298828125
2026-08-21 21:00:00,전주,5,ECMWF,57.0,90.0,0,33.0
2026-08-21 21:00:00,전주,5,GFS,100.0,90.0,18,10.0
2026-08-21 21:00:00,전주,5,KIM,100.0,90.0,0,10.0
2026-08-21 21:00:00,강릉,5,나우캐스트,93.4473876953125,100.0,5,6.5526123046875
2026-08-21 21:00:00,강릉,5,ECMWF,99.0,100.0,0,1.0
2026-08-21 21:00:00,강릉,5,GFS,100.0,100.0,18,0.0
2026-08-21 21:00:00,강릉,5,KIM,100.0,100.0,0,0.0
2026-08-21 21:00:00,제주,5,나우캐스트,65.27652740478516,60.0,5,5.276527404785156
2026-08-21 21:00:00,제주,5,ECMWF,91.0,60.0,0,31.0
2026-08-21 21:00:00,제주,5,GFS,48.0,60.0,18,12.0
2026-08-21 21:00:00,제주,5,KIM,99.0,60.0,0,39.0
2026-08-21 18:00:00,서울,1,나우캐스트,94.82875061035156,100.0,1,5.1712493896484375
2026-08-21 18:00:00,서울,1,ECMWF,100.0,100.0,21,0.0
2026-08-21 18:00:00,서울,1,GFS,100.0,100.0,15,0.0
2026-08-21 18:00:00,서울,1,KIM,100.0,100.0,15,0.0
2026-08-21 18:00:00,대전,1,나우캐스트,91.78658294677734,100.0,1,8.213417053222656
2026-08-21 18:00:00,대전,1,ECMWF,77.0,100.0,21,23.0
2026-08-21 18:00:00,대전,1,GFS,100.0,100.0,15,0.0
2026-08-21 18:00:00,대전,1,KIM,99.0,100.0,15,1.0
2026-08-21 18:00:00,대구,1,나우캐스트,92.01681518554688,90.0,1,2.016815185546875
2026-08-21 18:00:00,대구,1,ECMWF,99.0,90.0,21,9.0
2026-08-21 18:00:00,대구,1,GFS,100.0,90.0,15,10.0
2026-08-21 18:00:00,대구,1,KIM,100.0,90.0,15,10.0
2026-08-21 18:00:00,광주,1,나우캐스트,94.06529235839844,90.0,1,4.0652923583984375
2026-08-21 18:00:00,광주,1,ECMWF,63.0,90.0,21,27.0
2026-08-21 18:00:00,광주,1,GFS,100.0,90.0,15,10.0
2026-08-21 18:00:00,광주,1,KIM,100.0,90.0,15,10.0
2026-08-21 18:00:00,부산,1,나우캐스트,62.44356536865234,60.0,1,2.443565368652344
2026-08-21 18:00:00,부산,1,ECMWF,20.0,60.0,21,40.0
2026-08-21 18:00:00,부산,1,GFS,100.0,60.0,15,40.0
2026-08-21 18:00:00,부산,1,KIM,100.0,60.0,15,40.0
2026-08-21 18:00:00,인천,1,나우캐스트,95.25975036621094,100.0,1,4.740249633789063
2026-08-21 18:00:00,인천,1,ECMWF,100.0,100.0,21,0.0
2026-08-21 18:00:00,인천,1,GFS,100.0,100.0,15,0.0
2026-08-21 18:00:00,인천,1,KIM,100.0,100.0,15,0.0
2026-08-21 18:00:00,수원,1,나우캐스트,95.09453582763672,100.0,1,4.905464172363281
2026-08-21 18:00:00,수원,1,ECMWF,100.0,100.0,21,0.0
2026-08-21 18:00:00,수원,1,GFS,100.0,100.0,15,0.0
2026-08-21 18:00:00,수원,1,KIM,100.0,100.0,15,0.0
2026-08-21 18:00:00,전주,1,나우캐스트,94.67110443115234,100.0,1,5.328895568847656
2026-08-21 18:00:00,전주,1,ECMWF,72.0,100.0,21,28.0
2026-08-21 18:00:00,전주,1,GFS,100.0,100.0,15,0.0
2026-08-21 18:00:00,전주,1,KIM,100.0,100.0,15,0.0
2026-08-21 18:00:00,강릉,1,나우캐스트,92.8594741821289,100.0,1,7.140525817871094
2026-08-21 18:00:00,강릉,1,ECMWF,100.0,100.0,21,0.0
2026-08-21 18:00:00,강릉,1,GFS,100.0,100.0,15,0.0
2026-08-21 18:00:00,강릉,1,KIM,99.0,100.0,15,1.0
2026-08-21 18:00:00,제주,1,나우캐스트,60.215423583984375,80.0,1,19.784576416015625
2026-08-21 18:00:00,제주,1,ECMWF,9.0,80.0,21,71.0
2026-08-21 18:00:00,제주,1,GFS,75.0,80.0,15,5.0
2026-08-21 18:00:00,제주,1,KIM,92.0,80.0,15,12.0
2026-08-21 21:00:00,서울,4,나우캐스트,93.47288513183594,90.0,4,3.472885131835937
2026-08-21 21:00:00,서울,4,ECMWF,100.0,90.0,0,10.0
2026-08-21 21:00:00,서울,4,GFS,100.0,90.0,18,10.0
2026-08-21 21:00:00,서울,4,KIM,100.0,90.0,0,10.0
2026-08-21 21:00:00,대전,4,나우캐스트,93.44873046875,100.0,4,6.55126953125
2026-08-21 21:00:00,대전,4,ECMWF,99.0,100.0,0,1.0
2026-08-21 21:00:00,대전,4,GFS,100.0,100.0,18,0.0
2026-08-21 21:00:00,대전,4,KIM,100.0,100.0,0,0.0
2026-08-21 21:00:00,대구,4,나우캐스트,91.541015625,100.0,4,8.458984375
2026-08-21 21:00:00,대구,4,ECMWF,100.0,100.0,0,0.0
2026-08-21 21:00:00,대구,4,GFS,100.0,100.0,18,0.0
2026-08-21 21:00:00,대구,4,KIM,100.0,100.0,0,0.0
2026-08-21 21:00:00,광주,4,나우캐스트,89.08413696289062,90.0,4,0.915863037109375
2026-08-21 21:00:00,광주,4,ECMWF,91.0,90.0,0,1.0
2026-08-21 21:00:00,광주,4,GFS,100.0,90.0,18,10.0
2026-08-21 21:00:00,광주,4,KIM,100.0,90.0,0,10.0
2026-08-21 21:00:00,부산,4,나우캐스트,78.7433853149414,90.0,4,11.256614685058594
2026-08-21 21:00:00,부산,4,ECMWF,100.0,90.0,0,10.0
2026-08-21 21:00:00,부산,4,GFS,79.0,90.0,18,11.0
2026-08-21 21:00:00,부산,4,KIM,100.0,90.0,0,10.0
2026-08-21 21:00:00,인천,4,나우캐스트,92.8717041015625,90.0,4,2.8717041015625
2026-08-21 21:00:00,인천,4,ECMWF,100.0,90.0,0,10.0
2026-08-21 21:00:00,인천,4,GFS,100.0,90.0,18,10.0
2026-08-21 21:00:00,인천,4,KIM,100.0,90.0,0,10.0
2026-08-21 21:00:00,수원,4,나우캐스트,94.0421905517578,90.0,4,4.0421905517578125
2026-08-21 21:00:00,수원,4,ECMWF,100.0,90.0,0,10.0
2026-08-21 21:00:00,수원,4,GFS,100.0,90.0,18,10.0
2026-08-21 21:00:00,수원,4,KIM,100.0,90.0,0,10.0
2026-08-21 21:00:00,전주,4,나우캐스트,92.65363311767578,90.0,4,2.653633117675781
2026-08-21 21:00:00,전주,4,ECMWF,57.0,90.0,0,33.0
2026-08-21 21:00:00,전주,4,GFS,100.0,90.0,18,10.0
2026-08-21 21:00:00,전주,4,KIM,100.0,90.0,0,10.0
2026-08-21 21:00:00,강릉,4,나우캐스트,92.00193786621094,100.0,4,7.9980621337890625
2026-08-21 21:00:00,강릉,4,ECMWF,99.0,100.0,0,1.0
2026-08-21 21:00:00,강릉,4,GFS,100.0,100.0,18,0.0
2026-08-21 21:00:00,강릉,4,KIM,100.0,100.0,0,0.0
2026-08-21 21:00:00,제주,4,나우캐스트,66.86875915527344,60.0,4,6.8687591552734375
2026-08-21 21:00:00,제주,4,ECMWF,91.0,60.0,0,31.0
2026-08-21 21:00:00,제주,4,GFS,48.0,60.0,18,12.0
2026-08-21 21:00:00,제주,4,KIM,99.0,60.0,0,39.0
2026-08-21 21:00:00,서울,3,나우캐스트,90.3942642211914,90.0,3,0.3942642211914062
2026-08-21 21:00:00,서울,3,ECMWF,100.0,90.0,0,10.0
2026-08-21 21:00:00,서울,3,GFS,100.0,90.0,18,10.0
2026-08-21 21:00:00,서울,3,KIM,100.0,90.0,0,10.0
2026-08-21 21:00:00,대전,3,나우캐스트,94.70476531982422,100.0,3,5.295234680175781
2026-08-21 21:00:00,대전,3,ECMWF,99.0,100.0,0,1.0
2026-08-21 21:00:00,대전,3,GFS,100.0,100.0,18,0.0
2026-08-21 21:00:00,대전,3,KIM,100.0,100.0,0,0.0
2026-08-21 21:00:00,대구,3,나우캐스트,92.89019775390624,100.0,3,7.10980224609375
2026-08-21 21:00:00,대구,3,ECMWF,100.0,100.0,0,0.0
2026-08-21 21:00:00,대구,3,GFS,100.0,100.0,18,0.0
2026-08-21 21:00:00,대구,3,KIM,100.0,100.0,0,0.0
2026-08-21 21:00:00,광주,3,나우캐스트,92.66539764404295,90.0,3,2.6653976440429688
2026-08-21 21:00:00,광주,3,ECMWF,91.0,90.0,0,1.0
2026-08-21 21:00:00,광주,3,GFS,100.0,90.0,18,10.0
2026-08-21 21:00:00,광주,3,KIM,100.0,90.0,0,10.0
2026-08-21 21:00:00,부산,3,나우캐스트,72.9347915649414,90.0,3,17.065208435058594
2026-08-21 21:00:00,부산,3,ECMWF,100.0,90.0,0,10.0
2026-08-21 21:00:00,부산,3,GFS,79.0,90.0,18,11.0
2026-08-21 21:00:00,부산,3,KIM,100.0,90.0,0,10.0
2026-08-21 21:00:00,인천,3,나우캐스트,89.25862884521484,90.0,3,0.7413711547851562
2026-08-21 21:00:00,인천,3,ECMWF,100.0,90.0,0,10.0
2026-08-21 21:00:00,인천,3,GFS,100.0,90.0,18,10.0
2026-08-21 21:00:00,인천,3,KIM,100.0,90.0,0,10.0
2026-08-21 21:00:00,수원,3,나우캐스트,92.52798461914062,90.0,3,2.527984619140625
2026-08-21 21:00:00,수원,3,ECMWF,100.0,90.0,0,10.0
2026-08-21 21:00:00,수원,3,GFS,100.0,90.0,18,10.0
2026-08-21 21:00:00,수원,3,KIM,100.0,90.0,0,10.0
2026-08-21 21:00:00,전주,3,나우캐스트,94.72198486328124,90.0,3,4.72198486328125
2026-08-21 21:00:00,전주,3,ECMWF,57.0,90.0,0,33.0
2026-08-21 21:00:00,전주,3,GFS,100.0,90.0,18,10.0
2026-08-21 21:00:00,전주,3,KIM,100.0,90.0,0,10.0
2026-08-21 21:00:00,강릉,3,나우캐스트,91.58004760742188,100.0,3,8.419952392578125
2026-08-21 21:00:00,강릉,3,ECMWF,99.0,100.0,0,1.0
2026-08-21 21:00:00,강릉,3,GFS,100.0,100.0,18,0.0
2026-08-21 21:00:00,강릉,3,KIM,100.0,100.0,0,0.0
2026-08-21 21:00:00,제주,3,나우캐스트,63.30067443847656,60.0,3,3.3006744384765625
2026-08-21 21:00:00,제주,3,ECMWF,91.0,60.0,0,31.0
2026-08-21 21:00:00,제주,3,GFS,48.0,60.0,18,12.0
2026-08-21 21:00:00,제주,3,KIM,99.0,60.0,0,39.0
2026-08-22 00:00:00,서울,6,나우캐스트,89.82481384277344,100.0,6,10.175186157226562
2026-08-22 00:00:00,서울,6,ECMWF,96.0,100.0,3,4.0
2026-08-22 00:00:00,서울,6,GFS,96.0,100.0,21,4.0
2026-08-22 00:00:00,서울,6,KIM,100.0,100.0,3,0.0
2026-08-22 00:00:00,대전,6,나우캐스트,93.15045166015624,100.0,6,6.84954833984375
2026-08-22 00:00:00,대전,6,ECMWF,91.0,100.0,3,9.0
2026-08-22 00:00:00,대전,6,GFS,100.0,100.0,21,0.0
2026-08-22 00:00:00,대전,6,KIM,99.0,100.0,3,1.0
2026-08-22 00:00:00,대구,6,나우캐스트,92.3512191772461,90.0,6,2.3512191772460938
2026-08-22 00:00:00,대구,6,ECMWF,99.0,90.0,3,9.0
2026-08-22 00:00:00,대구,6,GFS,100.0,90.0,21,10.0
2026-08-22 00:00:00,대구,6,KIM,100.0,90.0,3,10.0
2026-08-22 00:00:00,광주,6,나우캐스트,86.90956115722656,90.0,6,3.090438842773437
2026-08-22 00:00:00,광주,6,ECMWF,100.0,90.0,3,10.0
2026-08-22 00:00:00,광주,6,GFS,100.0,90.0,21,10.0
2026-08-22 00:00:00,광주,6,KIM,100.0,90.0,3,10.0
2026-08-22 00:00:00,부산,6,나우캐스트,83.8144760131836,70.0,6,13.814476013183594
2026-08-22 00:00:00,부산,6,ECMWF,62.0,70.0,3,8.0
2026-08-22 00:00:00,부산,6,GFS,100.0,70.0,21,30.0
2026-08-22 00:00:00,부산,6,KIM,100.0,70.0,3,30.0
2026-08-22 00:00:00,인천,6,나우캐스트,88.23827362060547,100.0,6,11.761726379394531
2026-08-22 00:00:00,인천,6,ECMWF,100.0,100.0,3,0.0
2026-08-22 00:00:00,인천,6,GFS,100.0,100.0,21,0.0
2026-08-22 00:00:00,인천,6,KIM,99.0,100.0,3,1.0
2026-08-22 00:00:00,수원,6,나우캐스트,90.71174621582033,100.0,6,9.288253784179688
2026-08-22 00:00:00,수원,6,ECMWF,100.0,100.0,3,0.0
2026-08-22 00:00:00,수원,6,GFS,100.0,100.0,21,0.0
2026-08-22 00:00:00,수원,6,KIM,100.0,100.0,3,0.0
2026-08-22 00:00:00,전주,6,나우캐스트,91.19564819335938,100.0,6,8.804351806640625
2026-08-22 00:00:00,전주,6,ECMWF,94.0,100.0,3,6.0
2026-08-22 00:00:00,전주,6,GFS,100.0,100.0,21,0.0
2026-08-22 00:00:00,전주,6,KIM,100.0,100.0,3,0.0
2026-08-22 00:00:00,강릉,6,나우캐스트,90.84048461914062,100.0,6,9.159515380859377
2026-08-22 00:00:00,강릉,6,ECMWF,99.0,100.0,3,1.0
2026-08-22 00:00:00,강릉,6,GFS,100.0,100.0,21,0.0
2026-08-22 00:00:00,강릉,6,KIM,99.0,100.0,3,1.0
2026-08-22 00:00:00,제주,6,나우캐스트,58.76897430419922,70.0,6,11.23102569580078
2026-08-22 00:00:00,제주,6,ECMWF,59.0,70.0,3,11.0
2026-08-22 00:00:00,제주,6,GFS,7.0,70.0,21,63.0
2026-08-22 00:00:00,제주,6,KIM,100.0,70.0,3,30.0
2026-08-21 21:00:00,서울,2,나우캐스트,88.37860870361328,90.0,2,1.6213912963867188
2026-08-21 21:00:00,서울,2,ECMWF,100.0,90.0,0,10.0
2026-08-21 21:00:00,서울,2,GFS,100.0,90.0,18,10.0
2026-08-21 21:00:00,서울,2,KIM,100.0,90.0,0,10.0
2026-08-21 21:00:00,대전,2,나우캐스트,93.72894287109376,100.0,2,6.27105712890625
2026-08-21 21:00:00,대전,2,ECMWF,99.0,100.0,0,1.0
2026-08-21 21:00:00,대전,2,GFS,100.0,100.0,18,0.0
2026-08-21 21:00:00,대전,2,KIM,100.0,100.0,0,0.0
2026-08-21 21:00:00,대구,2,나우캐스트,92.98889923095705,100.0,2,7.011100769042969
2026-08-21 21:00:00,대구,2,ECMWF,100.0,100.0,0,0.0
2026-08-21 21:00:00,대구,2,GFS,100.0,100.0,18,0.0
2026-08-21 21:00:00,대구,2,KIM,100.0,100.0,0,0.0
2026-08-21 21:00:00,광주,2,나우캐스트,87.41673278808594,90.0,2,2.5832672119140625
2026-08-21 21:00:00,광주,2,ECMWF,91.0,90.0,0,1.0
2026-08-21 21:00:00,광주,2,GFS,100.0,90.0,18,10.0
2026-08-21 21:00:00,광주,2,KIM,100.0,90.0,0,10.0
2026-08-21 21:00:00,부산,2,나우캐스트,80.20561218261719,90.0,2,9.794387817382812
2026-08-21 21:00:00,부산,2,ECMWF,100.0,90.0,0,10.0
2026-08-21 21:00:00,부산,2,GFS,79.0,90.0,18,11.0
2026-08-21 21:00:00,부산,2,KIM,100.0,90.0,0,10.0
2026-08-21 21:00:00,인천,2,나우캐스트,86.13479614257812,90.0,2,3.865203857421875
2026-08-21 21:00:00,인천,2,ECMWF,100.0,90.0,0,10.0
2026-08-21 21:00:00,인천,2,GFS,100.0,90.0,18,10.0
2026-08-21 21:00:00,인천,2,KIM,100.0,90.0,0,10.0
2026-08-21 21:00:00,수원,2,나우캐스트,90.06787109375,90.0,2,0.06787109375
2026-08-21 21:00:00,수원,2,ECMWF,100.0,90.0,0,10.0
2026-08-21 21:00:00,수원,2,GFS,100.0,90.0,18,10.0
2026-08-21 21:00:00,수원,2,KIM,100.0,90.0,0,10.0
2026-08-21 21:00:00,전주,2,나우캐스트,92.72825622558594,90.0,2,2.728256225585937
2026-08-21 21:00:00,전주,2,ECMWF,57.0,90.0,0,33.0
2026-08-21 21:00:00,전주,2,GFS,100.0,90.0,18,10.0
2026-08-21 21:00:00,전주,2,KIM,100.0,90.0,0,10.0
2026-08-21 21:00:00,강릉,2,나우캐스트,89.94200897216797,100.0,2,10.057991027832031
2026-08-21 21:00:00,강릉,2,ECMWF,99.0,100.0,0,1.0
2026-08-21 21:00:00,강릉,2,GFS,100.0,100.0,18,0.0
2026-08-21 21:00:00,강릉,2,KIM,100.0,100.0,0,0.0
2026-08-21 21:00:00,제주,2,나우캐스트,62.83512115478516,60.0,2,2.835121154785156
2026-08-21 21:00:00,제주,2,ECMWF,91.0,60.0,0,31.0
2026-08-21 21:00:00,제주,2,GFS,48.0,60.0,18,12.0
2026-08-21 21:00:00,제주,2,KIM,99.0,60.0,0,39.0
2026-08-22 00:00:00,서울,5,나우캐스트,81.94999694824219,100.0,5,18.05000305175781
2026-08-22 00:00:00,서울,5,ECMWF,96.0,100.0,3,4.0
2026-08-22 00:00:00,서울,5,GFS,96.0,100.0,21,4.0
2026-08-22 00:00:00,서울,5,KIM,100.0,100.0,3,0.0
2026-08-22 00:00:00,대전,5,나우캐스트,92.13677978515624,100.0,5,7.86322021484375
2026-08-22 00:00:00,대전,5,ECMWF,91.0,100.0,3,9.0
2026-08-22 00:00:00,대전,5,GFS,100.0,100.0,21,0.0
2026-08-22 00:00:00,대전,5,KIM,99.0,100.0,3,1.0
2026-08-22 00:00:00,대구,5,나우캐스트,90.14301300048828,90.0,5,0.1430130004882812
2026-08-22 00:00:00,대구,5,ECMWF,99.0,90.0,3,9.0
2026-08-22 00:00:00,대구,5,GFS,100.0,90.0,21,10.0
2026-08-22 00:00:00,대구,5,KIM,100.0,90.0,3,10.0
2026-08-22 00:00:00,광주,5,나우캐스트,87.46876525878906,90.0,5,2.531234741210937
2026-08-22 00:00:00,광주,5,ECMWF,100.0,90.0,3,10.0
2026-08-22 00:00:00,광주,5,GFS,100.0,90.0,21,10.0
2026-08-22 00:00:00,광주,5,KIM,100.0,90.0,3,10.0
2026-08-22 00:00:00,부산,5,나우캐스트,80.40058898925781,70.0,5,10.400588989257812
2026-08-22 00:00:00,부산,5,ECMWF,62.0,70.0,3,8.0
2026-08-22 00:00:00,부산,5,GFS,100.0,70.0,21,30.0
2026-08-22 00:00:00,부산,5,KIM,100.0,70.0,3,30.0
2026-08-22 00:00:00,인천,5,나우캐스트,79.74869537353516,100.0,5,20.251304626464844
2026-08-22 00:00:00,인천,5,ECMWF,100.0,100.0,3,0.0
2026-08-22 00:00:00,인천,5,GFS,100.0,100.0,21,0.0
2026-08-22 00:00:00,인천,5,KIM,99.0,100.0,3,1.0
2026-08-22 00:00:00,수원,5,나우캐스트,85.06568145751953,100.0,5,14.934318542480469
2026-08-22 00:00:00,수원,5,ECMWF,100.0,100.0,3,0.0
2026-08-22 00:00:00,수원,5,GFS,100.0,100.0,21,0.0
2026-08-22 00:00:00,수원,5,KIM,100.0,100.0,3,0.0
2026-08-22 00:00:00,전주,5,나우캐스트,91.47036743164062,100.0,5,8.529632568359375
2026-08-22 00:00:00,전주,5,ECMWF,94.0,100.0,3,6.0
2026-08-22 00:00:00,전주,5,GFS,100.0,100.0,21,0.0
2026-08-22 00:00:00,전주,5,KIM,100.0,100.0,3,0.0
2026-08-22 00:00:00,강릉,5,나우캐스트,90.5273208618164,100.0,5,9.472679138183594
2026-08-22 00:00:00,강릉,5,ECMWF,99.0,100.0,3,1.0
2026-08-22 00:00:00,강릉,5,GFS,100.0,100.0,21,0.0
2026-08-22 00:00:00,강릉,5,KIM,99.0,100.0,3,1.0
2026-08-22 00:00:00,제주,5,나우캐스트,59.10038757324219,70.0,5,10.899612426757812
2026-08-22 00:00:00,제주,5,ECMWF,59.0,70.0,3,11.0
2026-08-22 00:00:00,제주,5,GFS,7.0,70.0,21,63.0
2026-08-22 00:00:00,제주,5,KIM,100.0,70.0,3,30.0
2026-08-21 21:00:00,서울,1,나우캐스트,92.21185302734376,90.0,1,2.21185302734375
2026-08-21 21:00:00,서울,1,ECMWF,100.0,90.0,0,10.0
2026-08-21 21:00:00,서울,1,GFS,100.0,90.0,18,10.0
2026-08-21 21:00:00,서울,1,KIM,100.0,90.0,0,10.0
2026-08-21 21:00:00,대전,1,나우캐스트,93.98502349853516,100.0,1,6.014976501464844
2026-08-21 21:00:00,대전,1,ECMWF,99.0,100.0,0,1.0
2026-08-21 21:00:00,대전,1,GFS,100.0,100.0,18,0.0
2026-08-21 21:00:00,대전,1,KIM,100.0,100.0,0,0.0
2026-08-21 21:00:00,대구,1,나우캐스트,92.53765106201172,100.0,1,7.462348937988281
2026-08-21 21:00:00,대구,1,ECMWF,100.0,100.0,0,0.0
2026-08-21 21:00:00,대구,1,GFS,100.0,100.0,18,0.0
2026-08-21 21:00:00,대구,1,KIM,100.0,100.0,0,0.0
2026-08-21 21:00:00,광주,1,나우캐스트,79.72032165527344,90.0,1,10.279678344726562
2026-08-21 21:00:00,광주,1,ECMWF,91.0,90.0,0,1.0
2026-08-21 21:00:00,광주,1,GFS,100.0,90.0,18,10.0
2026-08-21 21:00:00,광주,1,KIM,100.0,90.0,0,10.0
2026-08-21 21:00:00,부산,1,나우캐스트,76.09281921386719,90.0,1,13.907180786132812
2026-08-21 21:00:00,부산,1,ECMWF,100.0,90.0,0,10.0
2026-08-21 21:00:00,부산,1,GFS,79.0,90.0,18,11.0
2026-08-21 21:00:00,부산,1,KIM,100.0,90.0,0,10.0
2026-08-21 21:00:00,인천,1,나우캐스트,90.09014129638672,90.0,1,0.0901412963867187
2026-08-21 21:00:00,인천,1,ECMWF,100.0,90.0,0,10.0
2026-08-21 21:00:00,인천,1,GFS,100.0,90.0,18,10.0
2026-08-21 21:00:00,인천,1,KIM,100.0,90.0,0,10.0
2026-08-21 21:00:00,수원,1,나우캐스트,89.45759582519531,90.0,1,0.5424041748046875
2026-08-21 21:00:00,수원,1,ECMWF,100.0,90.0,0,10.0
2026-08-21 21:00:00,수원,1,GFS,100.0,90.0,18,10.0
2026-08-21 21:00:00,수원,1,KIM,100.0,90.0,0,10.0
2026-08-21 21:00:00,전주,1,나우캐스트,92.84272003173828,90.0,1,2.842720031738281
2026-08-21 21:00:00,전주,1,ECMWF,57.0,90.0,0,33.0
2026-08-21 21:00:00,전주,1,GFS,100.0,90.0,18,10.0
2026-08-21 21:00:00,전주,1,KIM,100.0,90.0,0,10.0
2026-08-21 21:00:00,강릉,1,나우캐스트,94.37104034423828,100.0,1,5.628959655761719
2026-08-21 21:00:00,강릉,1,ECMWF,99.0,100.0,0,1.0
2026-08-21 21:00:00,강릉,1,GFS,100.0,100.0,18,0.0
2026-08-21 21:00:00,강릉,1,KIM,100.0,100.0,0,0.0
2026-08-21 21:00:00,제주,1,나우캐스트,45.12110137939453,60.0,1,14.878898620605469
2026-08-21 21:00:00,제주,1,ECMWF,91.0,60.0,0,31.0
2026-08-21 21:00:00,제주,1,GFS,48.0,60.0,18,12.0
2026-08-21 21:00:00,제주,1,KIM,99.0,60.0,0,39.0
2026-08-22 00:00:00,서울,4,나우캐스트,87.39813995361328,100.0,4,12.60186004638672
2026-08-22 00:00:00,서울,4,ECMWF,96.0,100.0,3,4.0
2026-08-22 00:00:00,서울,4,GFS,96.0,100.0,21,4.0
2026-08-22 00:00:00,서울,4,KIM,100.0,100.0,3,0.0
2026-08-22 00:00:00,대전,4,나우캐스트,91.68567657470705,100.0,4,8.314323425292969
2026-08-22 00:00:00,대전,4,ECMWF,91.0,100.0,3,9.0
2026-08-22 00:00:00,대전,4,GFS,100.0,100.0,21,0.0
2026-08-22 00:00:00,대전,4,KIM,99.0,100.0,3,1.0
2026-08-22 00:00:00,대구,4,나우캐스트,89.98097229003906,90.0,4,0.0190277099609375
2026-08-22 00:00:00,대구,4,ECMWF,99.0,90.0,3,9.0
2026-08-22 00:00:00,대구,4,GFS,100.0,90.0,21,10.0
2026-08-22 00:00:00,대구,4,KIM,100.0,90.0,3,10.0
2026-08-22 00:00:00,광주,4,나우캐스트,85.12742614746094,90.0,4,4.872573852539063
2026-08-22 00:00:00,광주,4,ECMWF,100.0,90.0,3,10.0
2026-08-22 00:00:00,광주,4,GFS,100.0,90.0,21,10.0
2026-08-22 00:00:00,광주,4,KIM,100.0,90.0,3,10.0
2026-08-22 00:00:00,부산,4,나우캐스트,79.53545379638672,70.0,4,9.53545379638672
2026-08-22 00:00:00,부산,4,ECMWF,62.0,70.0,3,8.0
2026-08-22 00:00:00,부산,4,GFS,100.0,70.0,21,30.0
2026-08-22 00:00:00,부산,4,KIM,100.0,70.0,3,30.0
2026-08-22 00:00:00,인천,4,나우캐스트,87.51007843017578,100.0,4,12.48992156982422
2026-08-22 00:00:00,인천,4,ECMWF,100.0,100.0,3,0.0
2026-08-22 00:00:00,인천,4,GFS,100.0,100.0,21,0.0
2026-08-22 00:00:00,인천,4,KIM,99.0,100.0,3,1.0
2026-08-22 00:00:00,수원,4,나우캐스트,89.14612579345703,100.0,4,10.853874206542969
2026-08-22 00:00:00,수원,4,ECMWF,100.0,100.0,3,0.0
2026-08-22 00:00:00,수원,4,GFS,100.0,100.0,21,0.0
2026-08-22 00:00:00,수원,4,KIM,100.0,100.0,3,0.0
2026-08-22 00:00:00,전주,4,나우캐스트,91.2490692138672,100.0,4,8.750930786132812
2026-08-22 00:00:00,전주,4,ECMWF,94.0,100.0,3,6.0
2026-08-22 00:00:00,전주,4,GFS,100.0,100.0,21,0.0
2026-08-22 00:00:00,전주,4,KIM,100.0,100.0,3,0.0
2026-08-22 00:00:00,강릉,4,나우캐스트,91.69938659667967,100.0,4,8.300613403320312
2026-08-22 00:00:00,강릉,4,ECMWF,99.0,100.0,3,1.0
2026-08-22 00:00:00,강릉,4,GFS,100.0,100.0,21,0.0
2026-08-22 00:00:00,강릉,4,KIM,99.0,100.0,3,1.0
2026-08-22 00:00:00,제주,4,나우캐스트,33.353004455566406,70.0,4,36.6469955444336
2026-08-22 00:00:00,제주,4,ECMWF,59.0,70.0,3,11.0
2026-08-22 00:00:00,제주,4,GFS,7.0,70.0,21,63.0
2026-08-22 00:00:00,제주,4,KIM,100.0,70.0,3,30.0
2026-08-22 00:00:00,서울,3,나우캐스트,84.28642272949219,100.0,3,15.713577270507812
2026-08-22 00:00:00,서울,3,ECMWF,96.0,100.0,3,4.0
2026-08-22 00:00:00,서울,3,GFS,96.0,100.0,21,4.0
2026-08-22 00:00:00,서울,3,KIM,100.0,100.0,3,0.0
2026-08-22 00:00:00,대전,3,나우캐스트,90.07012939453125,100.0,3,9.92987060546875
2026-08-22 00:00:00,대전,3,ECMWF,91.0,100.0,3,9.0
2026-08-22 00:00:00,대전,3,GFS,100.0,100.0,21,0.0
2026-08-22 00:00:00,대전,3,KIM,99.0,100.0,3,1.0
2026-08-22 00:00:00,대구,3,나우캐스트,87.5,90.0,3,2.5
2026-08-22 00:00:00,대구,3,ECMWF,99.0,90.0,3,9.0
2026-08-22 00:00:00,대구,3,GFS,100.0,90.0,21,10.0
2026-08-22 00:00:00,대구,3,KIM,100.0,90.0,3,10.0
2026-08-22 00:00:00,광주,3,나우캐스트,90.27027893066406,90.0,3,0.2702789306640625
2026-08-22 00:00:00,광주,3,ECMWF,100.0,90.0,3,10.0
2026-08-22 00:00:00,광주,3,GFS,100.0,90.0,21,10.0
2026-08-22 00:00:00,광주,3,KIM,100.0,90.0,3,10.0
2026-08-22 00:00:00,부산,3,나우캐스트,78.12655639648438,70.0,3,8.126556396484375
2026-08-22 00:00:00,부산,3,ECMWF,62.0,70.0,3,8.0
2026-08-22 00:00:00,부산,3,GFS,100.0,70.0,21,30.0
2026-08-22 00:00:00,부산,3,KIM,100.0,70.0,3,30.0
2026-08-22 00:00:00,인천,3,나우캐스트,81.52210998535156,100.0,3,18.47789001464844
2026-08-22 00:00:00,인천,3,ECMWF,100.0,100.0,3,0.0
2026-08-22 00:00:00,인천,3,GFS,100.0,100.0,21,0.0
2026-08-22 00:00:00,인천,3,KIM,99.0,100.0,3,1.0
2026-08-22 00:00:00,수원,3,나우캐스트,85.10641479492188,100.0,3,14.893585205078123
2026-08-22 00:00:00,수원,3,ECMWF,100.0,100.0,3,0.0
2026-08-22 00:00:00,수원,3,GFS,100.0,100.0,21,0.0
2026-08-22 00:00:00,수원,3,KIM,100.0,100.0,3,0.0
2026-08-22 00:00:00,전주,3,나우캐스트,92.25230407714844,100.0,3,7.747695922851562
2026-08-22 00:00:00,전주,3,ECMWF,94.0,100.0,3,6.0
2026-08-22 00:00:00,전주,3,GFS,100.0,100.0,21,0.0
2026-08-22 00:00:00,전주,3,KIM,100.0,100.0,3,0.0
2026-08-22 00:00:00,강릉,3,나우캐스트,92.88787078857422,100.0,3,7.112129211425781
2026-08-22 00:00:00,강릉,3,ECMWF,99.0,100.0,3,1.0
2026-08-22 00:00:00,강릉,3,GFS,100.0,100.0,21,0.0
2026-08-22 00:00:00,강릉,3,KIM,99.0,100.0,3,1.0
2026-08-22 00:00:00,제주,3,나우캐스트,34.93490219116211,70.0,3,35.06509780883789
2026-08-22 00:00:00,제주,3,ECMWF,59.0,70.0,3,11.0
2026-08-22 00:00:00,제주,3,GFS,7.0,70.0,21,63.0
2026-08-22 00:00:00,제주,3,KIM,100.0,70.0,3,30.0
2026-08-22 03:00:00,서울,6,나우캐스트,87.80885314941406,100.0,6,12.191146850585938
2026-08-22 03:00:00,서울,6,ECMWF,100.0,100.0,6,0.0
2026-08-22 03:00:00,서울,6,GFS,100.0,100.0,0,0.0
2026-08-22 03:00:00,서울,6,KIM,97.0,100.0,6,3.0
2026-08-22 03:00:00,대전,6,나우캐스트,89.87373352050781,100.0,6,10.126266479492188
2026-08-22 03:00:00,대전,6,ECMWF,100.0,100.0,6,0.0
2026-08-22 03:00:00,대전,6,GFS,100.0,100.0,0,0.0
2026-08-22 03:00:00,대전,6,KIM,100.0,100.0,6,0.0
2026-08-22 03:00:00,대구,6,나우캐스트,89.47590637207031,100.0,6,10.524093627929688
2026-08-22 03:00:00,대구,6,ECMWF,100.0,100.0,6,0.0
2026-08-22 03:00:00,대구,6,GFS,80.0,100.0,0,20.0
2026-08-22 03:00:00,대구,6,KIM,92.0,100.0,6,8.0
2026-08-22 03:00:00,광주,6,나우캐스트,79.97049713134766,80.0,6,0.0295028686523437
2026-08-22 03:00:00,광주,6,ECMWF,90.0,80.0,6,10.0
2026-08-22 03:00:00,광주,6,GFS,100.0,80.0,0,20.0
2026-08-22 03:00:00,광주,6,KIM,100.0,80.0,6,20.0
2026-08-22 03:00:00,부산,6,나우캐스트,77.04925537109375,90.0,6,12.95074462890625
2026-08-22 03:00:00,부산,6,ECMWF,88.0,90.0,6,2.0
2026-08-22 03:00:00,부산,6,GFS,100.0,90.0,0,10.0
2026-08-22 03:00:00,부산,6,KIM,100.0,90.0,6,10.0
2026-08-22 03:00:00,인천,6,나우캐스트,88.59544372558594,90.0,6,1.4045562744140625
2026-08-22 03:00:00,인천,6,ECMWF,100.0,90.0,6,10.0
2026-08-22 03:00:00,인천,6,GFS,100.0,90.0,0,10.0
2026-08-22 03:00:00,인천,6,KIM,98.0,90.0,6,8.0
2026-08-22 03:00:00,수원,6,나우캐스트,88.8320083618164,100.0,6,11.167991638183594
2026-08-22 03:00:00,수원,6,ECMWF,100.0,100.0,6,0.0
2026-08-22 03:00:00,수원,6,GFS,100.0,100.0,0,0.0
2026-08-22 03:00:00,수원,6,KIM,100.0,100.0,6,0.0
2026-08-22 03:00:00,전주,6,나우캐스트,88.60184478759766,100.0,6,11.398155212402344
2026-08-22 03:00:00,전주,6,ECMWF,98.0,100.0,6,2.0
2026-08-22 03:00:00,전주,6,GFS,97.0,100.0,0,3.0
2026-08-22 03:00:00,전주,6,KIM,97.0,100.0,6,3.0
2026-08-22 03:00:00,강릉,6,나우캐스트,89.60040283203125,100.0,6,10.39959716796875
2026-08-22 03:00:00,강릉,6,ECMWF,99.0,100.0,6,1.0
2026-08-22 03:00:00,강릉,6,GFS,100.0,100.0,0,0.0
2026-08-22 03:00:00,강릉,6,KIM,100.0,100.0,6,0.0
2026-08-22 03:00:00,제주,6,나우캐스트,35.0243034362793,0.0,6,35.0243034362793
2026-08-22 03:00:00,제주,6,ECMWF,94.0,0.0,6,94.0
2026-08-22 03:00:00,제주,6,GFS,7.0,0.0,0,7.0
2026-08-22 03:00:00,제주,6,KIM,100.0,0.0,6,100.0
2026-08-22 00:00:00,서울,2,나우캐스트,87.72261810302734,100.0,2,12.277381896972656
2026-08-22 00:00:00,서울,2,ECMWF,96.0,100.0,3,4.0
2026-08-22 00:00:00,서울,2,GFS,96.0,100.0,21,4.0
2026-08-22 00:00:00,서울,2,KIM,100.0,100.0,3,0.0
2026-08-22 00:00:00,대전,2,나우캐스트,86.17913055419922,100.0,2,13.82086944580078
2026-08-22 00:00:00,대전,2,ECMWF,91.0,100.0,3,9.0
2026-08-22 00:00:00,대전,2,GFS,100.0,100.0,21,0.0
2026-08-22 00:00:00,대전,2,KIM,99.0,100.0,3,1.0
2026-08-22 00:00:00,대구,2,나우캐스트,86.68070983886719,90.0,2,3.3192901611328125
2026-08-22 00:00:00,대구,2,ECMWF,99.0,90.0,3,9.0
2026-08-22 00:00:00,대구,2,GFS,100.0,90.0,21,10.0
2026-08-22 00:00:00,대구,2,KIM,100.0,90.0,3,10.0
2026-08-22 00:00:00,광주,2,나우캐스트,90.50582885742188,90.0,2,0.505828857421875
2026-08-22 00:00:00,광주,2,ECMWF,100.0,90.0,3,10.0
2026-08-22 00:00:00,광주,2,GFS,100.0,90.0,21,10.0
2026-08-22 00:00:00,광주,2,KIM,100.0,90.0,3,10.0
2026-08-22 00:00:00,부산,2,나우캐스트,65.54094696044922,70.0,2,4.459053039550781
2026-08-22 00:00:00,부산,2,ECMWF,62.0,70.0,3,8.0
2026-08-22 00:00:00,부산,2,GFS,100.0,70.0,21,30.0
2026-08-22 00:00:00,부산,2,KIM,100.0,70.0,3,30.0
2026-08-22 00:00:00,인천,2,나우캐스트,87.43488311767578,100.0,2,12.56511688232422
2026-08-22 00:00:00,인천,2,ECMWF,100.0,100.0,3,0.0
2026-08-22 00:00:00,인천,2,GFS,100.0,100.0,21,0.0
2026-08-22 00:00:00,인천,2,KIM,99.0,100.0,3,1.0
2026-08-22 00:00:00,수원,2,나우캐스트,87.57685852050781,100.0,2,12.423141479492188
2026-08-22 00:00:00,수원,2,ECMWF,100.0,100.0,3,0.0
2026-08-22 00:00:00,수원,2,GFS,100.0,100.0,21,0.0
2026-08-22 00:00:00,수원,2,KIM,100.0,100.0,3,0.0
2026-08-22 00:00:00,전주,2,나우캐스트,92.1907196044922,100.0,2,7.809280395507812
2026-08-22 00:00:00,전주,2,ECMWF,94.0,100.0,3,6.0
2026-08-22 00:00:00,전주,2,GFS,100.0,100.0,21,0.0
2026-08-22 00:00:00,전주,2,KIM,100.0,100.0,3,0.0
2026-08-22 00:00:00,강릉,2,나우캐스트,91.75260162353516,100.0,2,8.247398376464844
2026-08-22 00:00:00,강릉,2,ECMWF,99.0,100.0,3,1.0
2026-08-22 00:00:00,강릉,2,GFS,100.0,100.0,21,0.0
2026-08-22 00:00:00,강릉,2,KIM,99.0,100.0,3,1.0
2026-08-22 00:00:00,제주,2,나우캐스트,50.8677864074707,70.0,2,19.132213592529297
2026-08-22 00:00:00,제주,2,ECMWF,59.0,70.0,3,11.0
2026-08-22 00:00:00,제주,2,GFS,7.0,70.0,21,63.0
2026-08-22 00:00:00,제주,2,KIM,100.0,70.0,3,30.0
2026-08-22 03:00:00,서울,5,나우캐스트,87.80504608154297,100.0,5,12.194953918457031
2026-08-22 03:00:00,서울,5,ECMWF,100.0,100.0,6,0.0
2026-08-22 03:00:00,서울,5,GFS,100.0,100.0,0,0.0
2026-08-22 03:00:00,서울,5,KIM,97.0,100.0,6,3.0
2026-08-22 03:00:00,대전,5,나우캐스트,88.81661224365234,100.0,5,11.183387756347656
2026-08-22 03:00:00,대전,5,ECMWF,100.0,100.0,6,0.0
2026-08-22 03:00:00,대전,5,GFS,100.0,100.0,0,0.0
2026-08-22 03:00:00,대전,5,KIM,100.0,100.0,6,0.0
2026-08-22 03:00:00,대구,5,나우캐스트,86.51699829101562,100.0,5,13.483001708984377
2026-08-22 03:00:00,대구,5,ECMWF,100.0,100.0,6,0.0
2026-08-22 03:00:00,대구,5,GFS,80.0,100.0,0,20.0
2026-08-22 03:00:00,대구,5,KIM,92.0,100.0,6,8.0
2026-08-22 03:00:00,광주,5,나우캐스트,78.69054412841797,80.0,5,1.3094558715820312
2026-08-22 03:00:00,광주,5,ECMWF,90.0,80.0,6,10.0
2026-08-22 03:00:00,광주,5,GFS,100.0,80.0,0,20.0
2026-08-22 03:00:00,광주,5,KIM,100.0,80.0,6,20.0
2026-08-22 03:00:00,부산,5,나우캐스트,65.8204345703125,90.0,5,24.1795654296875
2026-08-22 03:00:00,부산,5,ECMWF,88.0,90.0,6,2.0
2026-08-22 03:00:00,부산,5,GFS,100.0,90.0,0,10.0
2026-08-22 03:00:00,부산,5,KIM,100.0,90.0,6,10.0
2026-08-22 03:00:00,인천,5,나우캐스트,87.30110168457031,90.0,5,2.6988983154296875
2026-08-22 03:00:00,인천,5,ECMWF,100.0,90.0,6,10.0
2026-08-22 03:00:00,인천,5,GFS,100.0,90.0,0,10.0
2026-08-22 03:00:00,인천,5,KIM,98.0,90.0,6,8.0
2026-08-22 03:00:00,수원,5,나우캐스트,87.88192749023438,100.0,5,12.118072509765623
2026-08-22 03:00:00,수원,5,ECMWF,100.0,100.0,6,0.0
2026-08-22 03:00:00,수원,5,GFS,100.0,100.0,0,0.0
2026-08-22 03:00:00,수원,5,KIM,100.0,100.0,6,0.0
2026-08-22 03:00:00,전주,5,나우캐스트,89.07483673095703,100.0,5,10.925163269042969
2026-08-22 03:00:00,전주,5,ECMWF,98.0,100.0,6,2.0
2026-08-22 03:00:00,전주,5,GFS,97.0,100.0,0,3.0
2026-08-22 03:00:00,전주,5,KIM,97.0,100.0,6,3.0
2026-08-22 03:00:00,강릉,5,나우캐스트,88.42274475097656,100.0,5,11.577255249023438
2026-08-22 03:00:00,강릉,5,ECMWF,99.0,100.0,6,1.0
2026-08-22 03:00:00,강릉,5,GFS,100.0,100.0,0,0.0
2026-08-22 03:00:00,강릉,5,KIM,100.0,100.0,6,0.0
2026-08-22 03:00:00,제주,5,나우캐스트,56.332332611083984,0.0,5,56.332332611083984
2026-08-22 03:00:00,제주,5,ECMWF,94.0,0.0,6,94.0
2026-08-22 03:00:00,제주,5,GFS,7.0,0.0,0,7.0
2026-08-22 03:00:00,제주,5,KIM,100.0,0.0,6,100.0
2026-08-22 00:00:00,서울,1,나우캐스트,92.995849609375,100.0,1,7.004150390625
2026-08-22 00:00:00,서울,1,ECMWF,96.0,100.0,3,4.0
2026-08-22 00:00:00,서울,1,GFS,96.0,100.0,21,4.0
2026-08-22 00:00:00,서울,1,KIM,100.0,100.0,3,0.0
2026-08-22 00:00:00,대전,1,나우캐스트,86.40882873535156,100.0,1,13.591171264648438
2026-08-22 00:00:00,대전,1,ECMWF,91.0,100.0,3,9.0
2026-08-22 00:00:00,대전,1,GFS,100.0,100.0,21,0.0
2026-08-22 00:00:00,대전,1,KIM,99.0,100.0,3,1.0
2026-08-22 00:00:00,대구,1,나우캐스트,87.28568267822266,90.0,1,2.714317321777344
2026-08-22 00:00:00,대구,1,ECMWF,99.0,90.0,3,9.0
2026-08-22 00:00:00,대구,1,GFS,100.0,90.0,21,10.0
2026-08-22 00:00:00,대구,1,KIM,100.0,90.0,3,10.0
2026-08-22 00:00:00,광주,1,나우캐스트,93.22222137451172,90.0,1,3.2222213745117188
2026-08-22 00:00:00,광주,1,ECMWF,100.0,90.0,3,10.0
2026-08-22 00:00:00,광주,1,GFS,100.0,90.0,21,10.0
2026-08-22 00:00:00,광주,1,KIM,100.0,90.0,3,10.0
2026-08-22 00:00:00,부산,1,나우캐스트,63.06269073486328,70.0,1,6.937309265136719
2026-08-22 00:00:00,부산,1,ECMWF,62.0,70.0,3,8.0
2026-08-22 00:00:00,부산,1,GFS,100.0,70.0,21,30.0
2026-08-22 00:00:00,부산,1,KIM,100.0,70.0,3,30.0
2026-08-22 00:00:00,인천,1,나우캐스트,95.9773406982422,100.0,1,4.0226593017578125
2026-08-22 00:00:00,인천,1,ECMWF,100.0,100.0,3,0.0
2026-08-22 00:00:00,인천,1,GFS,100.0,100.0,21,0.0
2026-08-22 00:00:00,인천,1,KIM,99.0,100.0,3,1.0
2026-08-22 00:00:00,수원,1,나우캐스트,94.86277770996094,100.0,1,5.137222290039063
2026-08-22 00:00:00,수원,1,ECMWF,100.0,100.0,3,0.0
2026-08-22 00:00:00,수원,1,GFS,100.0,100.0,21,0.0
2026-08-22 00:00:00,수원,1,KIM,100.0,100.0,3,0.0
2026-08-22 00:00:00,전주,1,나우캐스트,91.88216400146484,100.0,1,8.117835998535156
2026-08-22 00:00:00,전주,1,ECMWF,94.0,100.0,3,6.0
2026-08-22 00:00:00,전주,1,GFS,100.0,100.0,21,0.0
2026-08-22 00:00:00,전주,1,KIM,100.0,100.0,3,0.0
2026-08-22 00:00:00,강릉,1,나우캐스트,93.81807708740234,100.0,1,6.181922912597656
2026-08-22 00:00:00,강릉,1,ECMWF,99.0,100.0,3,1.0
2026-08-22 00:00:00,강릉,1,GFS,100.0,100.0,21,0.0
2026-08-22 00:00:00,강릉,1,KIM,99.0,100.0,3,1.0
2026-08-22 00:00:00,제주,1,나우캐스트,75.45516204833984,70.0,1,5.455162048339844
2026-08-22 00:00:00,제주,1,ECMWF,59.0,70.0,3,11.0
2026-08-22 00:00:00,제주,1,GFS,7.0,70.0,21,63.0
2026-08-22 00:00:00,제주,1,KIM,100.0,70.0,3,30.0
2026-08-22 03:00:00,서울,4,나우캐스트,92.75338745117188,100.0,4,7.246612548828125
2026-08-22 03:00:00,서울,4,ECMWF,100.0,100.0,6,0.0
2026-08-22 03:00:00,서울,4,GFS,100.0,100.0,0,0.0
2026-08-22 03:00:00,서울,4,KIM,97.0,100.0,6,3.0
2026-08-22 03:00:00,대전,4,나우캐스트,88.33082580566406,100.0,4,11.669174194335938
2026-08-22 03:00:00,대전,4,ECMWF,100.0,100.0,6,0.0
2026-08-22 03:00:00,대전,4,GFS,100.0,100.0,0,0.0
2026-08-22 03:00:00,대전,4,KIM,100.0,100.0,6,0.0
2026-08-22 03:00:00,대구,4,나우캐스트,87.13069915771484,100.0,4,12.869300842285156
2026-08-22 03:00:00,대구,4,ECMWF,100.0,100.0,6,0.0
2026-08-22 03:00:00,대구,4,GFS,80.0,100.0,0,20.0
2026-08-22 03:00:00,대구,4,KIM,92.0,100.0,6,8.0
2026-08-22 03:00:00,광주,4,나우캐스트,83.21707153320312,80.0,4,3.217071533203125
2026-08-22 03:00:00,광주,4,ECMWF,90.0,80.0,6,10.0
2026-08-22 03:00:00,광주,4,GFS,100.0,80.0,0,20.0
2026-08-22 03:00:00,광주,4,KIM,100.0,80.0,6,20.0
2026-08-22 03:00:00,부산,4,나우캐스트,75.0813217163086,90.0,4,14.918678283691406
2026-08-22 03:00:00,부산,4,ECMWF,88.0,90.0,6,2.0
2026-08-22 03:00:00,부산,4,GFS,100.0,90.0,0,10.0
2026-08-22 03:00:00,부산,4,KIM,100.0,90.0,6,10.0
2026-08-22 03:00:00,인천,4,나우캐스트,94.52777862548828,90.0,4,4.527778625488281
2026-08-22 03:00:00,인천,4,ECMWF,100.0,90.0,6,10.0
2026-08-22 03:00:00,인천,4,GFS,100.0,90.0,0,10.0
2026-08-22 03:00:00,인천,4,KIM,98.0,90.0,6,8.0
2026-08-22 03:00:00,수원,4,나우캐스트,92.79817199707033,100.0,4,7.201828002929688
2026-08-22 03:00:00,수원,4,ECMWF,100.0,100.0,6,0.0
2026-08-22 03:00:00,수원,4,GFS,100.0,100.0,0,0.0
2026-08-22 03:00:00,수원,4,KIM,100.0,100.0,6,0.0
2026-08-22 03:00:00,전주,4,나우캐스트,90.5863037109375,100.0,4,9.4136962890625
2026-08-22 03:00:00,전주,4,ECMWF,98.0,100.0,6,2.0
2026-08-22 03:00:00,전주,4,GFS,97.0,100.0,0,3.0
2026-08-22 03:00:00,전주,4,KIM,97.0,100.0,6,3.0
2026-08-22 03:00:00,강릉,4,나우캐스트,92.29850769042967,100.0,4,7.701492309570312
2026-08-22 03:00:00,강릉,4,ECMWF,99.0,100.0,6,1.0
2026-08-22 03:00:00,강릉,4,GFS,100.0,100.0,0,0.0
2026-08-22 03:00:00,강릉,4,KIM,100.0,100.0,6,0.0
2026-08-22 03:00:00,제주,4,나우캐스트,63.6326904296875,0.0,4,63.6326904296875
2026-08-22 03:00:00,제주,4,ECMWF,94.0,0.0,6,94.0
2026-08-22 03:00:00,제주,4,GFS,7.0,0.0,0,7.0
2026-08-22 03:00:00,제주,4,KIM,100.0,0.0,6,100.0
2026-08-22 03:00:00,서울,3,나우캐스트,97.64077758789062,100.0,3,2.359222412109375
2026-08-22 03:00:00,서울,3,ECMWF,100.0,100.0,6,0.0
2026-08-22 03:00:00,서울,3,GFS,100.0,100.0,0,0.0
2026-08-22 03:00:00,서울,3,KIM,97.0,100.0,6,3.0
2026-08-22 03:00:00,대전,3,나우캐스트,91.8687744140625,100.0,3,8.1312255859375
2026-08-22 03:00:00,대전,3,ECMWF,100.0,100.0,6,0.0
2026-08-22 03:00:00,대전,3,GFS,100.0,100.0,0,0.0
2026-08-22 03:00:00,대전,3,KIM,100.0,100.0,6,0.0
2026-08-22 03:00:00,대구,3,나우캐스트,89.84126281738281,100.0,3,10.158737182617188
2026-08-22 03:00:00,대구,3,ECMWF,100.0,100.0,6,0.0
2026-08-22 03:00:00,대구,3,GFS,80.0,100.0,0,20.0
2026-08-22 03:00:00,대구,3,KIM,92.0,100.0,6,8.0
2026-08-22 03:00:00,광주,3,나우캐스트,72.93220520019531,80.0,3,7.067794799804688
2026-08-22 03:00:00,광주,3,ECMWF,90.0,80.0,6,10.0
2026-08-22 03:00:00,광주,3,GFS,100.0,80.0,0,20.0
2026-08-22 03:00:00,광주,3,KIM,100.0,80.0,6,20.0
2026-08-22 03:00:00,부산,3,나우캐스트,74.05044555664062,90.0,3,15.949554443359377
2026-08-22 03:00:00,부산,3,ECMWF,88.0,90.0,6,2.0
2026-08-22 03:00:00,부산,3,GFS,100.0,90.0,0,10.0
2026-08-22 03:00:00,부산,3,KIM,100.0,90.0,6,10.0
2026-08-22 03:00:00,인천,3,나우캐스트,97.7057647705078,90.0,3,7.705764770507812
2026-08-22 03:00:00,인천,3,ECMWF,100.0,90.0,6,10.0
2026-08-22 03:00:00,인천,3,GFS,100.0,90.0,0,10.0
2026-08-22 03:00:00,인천,3,KIM,98.0,90.0,6,8.0
2026-08-22 03:00:00,수원,3,나우캐스트,96.7284698486328,100.0,3,3.2715301513671875
2026-08-22 03:00:00,수원,3,ECMWF,100.0,100.0,6,0.0
2026-08-22 03:00:00,수원,3,GFS,100.0,100.0,0,0.0
2026-08-22 03:00:00,수원,3,KIM,100.0,100.0,6,0.0
2026-08-22 03:00:00,전주,3,나우캐스트,79.82997131347656,100.0,3,20.17002868652344
2026-08-22 03:00:00,전주,3,ECMWF,98.0,100.0,6,2.0
2026-08-22 03:00:00,전주,3,GFS,97.0,100.0,0,3.0
2026-08-22 03:00:00,전주,3,KIM,97.0,100.0,6,3.0
2026-08-22 03:00:00,강릉,3,나우캐스트,95.4431610107422,100.0,3,4.5568389892578125
2026-08-22 03:00:00,강릉,3,ECMWF,99.0,100.0,6,1.0
2026-08-22 03:00:00,강릉,3,GFS,100.0,100.0,0,0.0
2026-08-22 03:00:00,강릉,3,KIM,100.0,100.0,6,0.0
2026-08-22 03:00:00,제주,3,나우캐스트,48.59895706176758,0.0,3,48.59895706176758
2026-08-22 03:00:00,제주,3,ECMWF,94.0,0.0,6,94.0
2026-08-22 03:00:00,제주,3,GFS,7.0,0.0,0,7.0
2026-08-22 03:00:00,제주,3,KIM,100.0,0.0,6,100.0
2026-08-22 06:00:00,서울,6,나우캐스트,93.53394317626952,100.0,6,6.466056823730469
2026-08-22 06:00:00,서울,6,ECMWF,99.0,100.0,9,1.0
2026-08-22 06:00:00,서울,6,GFS,100.0,100.0,3,0.0
2026-08-22 06:00:00,서울,6,KIM,100.0,100.0,9,0.0
2026-08-22 06:00:00,대전,6,나우캐스트,89.55201721191406,80.0,6,9.552017211914062
2026-08-22 06:00:00,대전,6,ECMWF,98.0,80.0,9,18.0
2026-08-22 06:00:00,대전,6,GFS,97.0,80.0,3,17.0
2026-08-22 06:00:00,대전,6,KIM,100.0,80.0,9,20.0
2026-08-22 06:00:00,대구,6,나우캐스트,82.90476989746094,70.0,6,12.904769897460938
2026-08-22 06:00:00,대구,6,ECMWF,100.0,70.0,9,30.0
2026-08-22 06:00:00,대구,6,GFS,85.0,70.0,3,15.0
2026-08-22 06:00:00,대구,6,KIM,100.0,70.0,9,30.0
2026-08-22 06:00:00,광주,6,나우캐스트,64.1637954711914,0.0,6,64.1637954711914
2026-08-22 06:00:00,광주,6,ECMWF,90.0,0.0,9,90.0
2026-08-22 06:00:00,광주,6,GFS,8.0,0.0,3,8.0
2026-08-22 06:00:00,광주,6,KIM,94.0,0.0,9,94.0
2026-08-22 06:00:00,부산,6,나우캐스트,73.51296997070312,90.0,6,16.487030029296875
2026-08-22 06:00:00,부산,6,ECMWF,27.0,90.0,9,63.0
2026-08-22 06:00:00,부산,6,GFS,59.0,90.0,3,31.0
2026-08-22 06:00:00,부산,6,KIM,100.0,90.0,9,10.0
2026-08-22 06:00:00,인천,6,나우캐스트,93.01892852783205,100.0,6,6.981071472167969
2026-08-22 06:00:00,인천,6,ECMWF,99.0,100.0,9,1.0
2026-08-22 06:00:00,인천,6,GFS,100.0,100.0,3,0.0
2026-08-22 06:00:00,인천,6,KIM,100.0,100.0,9,0.0
2026-08-22 06:00:00,수원,6,나우캐스트,92.84131622314452,100.0,6,7.158683776855469
2026-08-22 06:00:00,수원,6,ECMWF,100.0,100.0,9,0.0
2026-08-22 06:00:00,수원,6,GFS,100.0,100.0,3,0.0
2026-08-22 06:00:00,수원,6,KIM,100.0,100.0,9,0.0
2026-08-22 06:00:00,전주,6,나우캐스트,77.69998168945312,30.0,6,47.699981689453125
2026-08-22 06:00:00,전주,6,ECMWF,25.0,30.0,9,5.0
2026-08-22 06:00:00,전주,6,GFS,5.0,30.0,3,25.0
2026-08-22 06:00:00,전주,6,KIM,100.0,30.0,9,70.0
2026-08-22 06:00:00,강릉,6,나우캐스트,93.77264404296876,100.0,6,6.22735595703125
2026-08-22 06:00:00,강릉,6,ECMWF,100.0,100.0,9,0.0
2026-08-22 06:00:00,강릉,6,GFS,100.0,100.0,3,0.0
2026-08-22 06:00:00,강릉,6,KIM,100.0,100.0,9,0.0
2026-08-22 06:00:00,제주,6,나우캐스트,47.53841400146485,60.0,6,12.461585998535156
2026-08-22 06:00:00,제주,6,ECMWF,88.0,60.0,9,28.0
2026-08-22 06:00:00,제주,6,GFS,37.0,60.0,3,23.0
2026-08-22 06:00:00,제주,6,KIM,82.0,60.0,9,22.0
2026-08-22 03:00:00,서울,2,나우캐스트,96.87079620361328,100.0,2,3.1292037963867188
2026-08-22 03:00:00,서울,2,ECMWF,100.0,100.0,6,0.0
2026-08-22 03:00:00,서울,2,GFS,100.0,100.0,0,0.0
2026-08-22 03:00:00,서울,2,KIM,97.0,100.0,6,3.0
2026-08-22 03:00:00,대전,2,나우캐스트,93.1224365234375,100.0,2,6.8775634765625
2026-08-22 03:00:00,대전,2,ECMWF,100.0,100.0,6,0.0
2026-08-22 03:00:00,대전,2,GFS,100.0,100.0,0,0.0
2026-08-22 03:00:00,대전,2,KIM,100.0,100.0,6,0.0
2026-08-22 03:00:00,대구,2,나우캐스트,91.42627716064452,100.0,2,8.573722839355469
2026-08-22 03:00:00,대구,2,ECMWF,100.0,100.0,6,0.0
2026-08-22 03:00:00,대구,2,GFS,80.0,100.0,0,20.0
2026-08-22 03:00:00,대구,2,KIM,92.0,100.0,6,8.0
2026-08-22 03:00:00,광주,2,나우캐스트,56.15933990478516,80.0,2,23.840660095214844
2026-08-22 03:00:00,광주,2,ECMWF,90.0,80.0,6,10.0
2026-08-22 03:00:00,광주,2,GFS,100.0,80.0,0,20.0
2026-08-22 03:00:00,광주,2,KIM,100.0,80.0,6,20.0
2026-08-22 03:00:00,부산,2,나우캐스트,81.60762023925781,90.0,2,8.392379760742188
2026-08-22 03:00:00,부산,2,ECMWF,88.0,90.0,6,2.0
2026-08-22 03:00:00,부산,2,GFS,100.0,90.0,0,10.0
2026-08-22 03:00:00,부산,2,KIM,100.0,90.0,6,10.0
2026-08-22 03:00:00,인천,2,나우캐스트,96.63020324707033,90.0,2,6.6302032470703125
2026-08-22 03:00:00,인천,2,ECMWF,100.0,90.0,6,10.0
2026-08-22 03:00:00,인천,2,GFS,100.0,90.0,0,10.0
2026-08-22 03:00:00,인천,2,KIM,98.0,90.0,6,8.0
2026-08-22 03:00:00,수원,2,나우캐스트,97.27301025390624,100.0,2,2.72698974609375
2026-08-22 03:00:00,수원,2,ECMWF,100.0,100.0,6,0.0
2026-08-22 03:00:00,수원,2,GFS,100.0,100.0,0,0.0
2026-08-22 03:00:00,수원,2,KIM,100.0,100.0,6,0.0
2026-08-22 03:00:00,전주,2,나우캐스트,82.19774627685547,100.0,2,17.80225372314453
2026-08-22 03:00:00,전주,2,ECMWF,98.0,100.0,6,2.0
2026-08-22 03:00:00,전주,2,GFS,97.0,100.0,0,3.0
2026-08-22 03:00:00,전주,2,KIM,97.0,100.0,6,3.0
2026-08-22 03:00:00,강릉,2,나우캐스트,95.76715087890624,100.0,2,4.23284912109375
2026-08-22 03:00:00,강릉,2,ECMWF,99.0,100.0,6,1.0
2026-08-22 03:00:00,강릉,2,GFS,100.0,100.0,0,0.0
2026-08-22 03:00:00,강릉,2,KIM,100.0,100.0,6,0.0
2026-08-22 03:00:00,제주,2,나우캐스트,50.87016296386719,0.0,2,50.87016296386719
2026-08-22 03:00:00,제주,2,ECMWF,94.0,0.0,6,94.0
2026-08-22 03:00:00,제주,2,GFS,7.0,0.0,0,7.0
2026-08-22 03:00:00,제주,2,KIM,100.0,0.0,6,100.0
2026-08-22 06:00:00,서울,5,나우캐스트,94.5560531616211,100.0,5,5.443946838378906
2026-08-22 06:00:00,서울,5,ECMWF,99.0,100.0,9,1.0
2026-08-22 06:00:00,서울,5,GFS,100.0,100.0,3,0.0
2026-08-22 06:00:00,서울,5,KIM,100.0,100.0,9,0.0
2026-08-22 06:00:00,대전,5,나우캐스트,89.61822509765625,80.0,5,9.61822509765625
2026-08-22 06:00:00,대전,5,ECMWF,98.0,80.0,9,18.0
2026-08-22 06:00:00,대전,5,GFS,97.0,80.0,3,17.0
2026-08-22 06:00:00,대전,5,KIM,100.0,80.0,9,20.0
2026-08-22 06:00:00,대구,5,나우캐스트,78.39599609375,70.0,5,8.39599609375
2026-08-22 06:00:00,대구,5,ECMWF,100.0,70.0,9,30.0
2026-08-22 06:00:00,대구,5,GFS,85.0,70.0,3,15.0
2026-08-22 06:00:00,대구,5,KIM,100.0,70.0,9,30.0
2026-08-22 06:00:00,광주,5,나우캐스트,58.21190643310547,0.0,5,58.21190643310547
2026-08-22 06:00:00,광주,5,ECMWF,90.0,0.0,9,90.0
2026-08-22 06:00:00,광주,5,GFS,8.0,0.0,3,8.0
2026-08-22 06:00:00,광주,5,KIM,94.0,0.0,9,94.0
2026-08-22 06:00:00,부산,5,나우캐스트,71.49382781982422,90.0,5,18.50617218017578
2026-08-22 06:00:00,부산,5,ECMWF,27.0,90.0,9,63.0
2026-08-22 06:00:00,부산,5,GFS,59.0,90.0,3,31.0
2026-08-22 06:00:00,부산,5,KIM,100.0,90.0,9,10.0
2026-08-22 06:00:00,인천,5,나우캐스트,94.61084747314452,100.0,5,5.389152526855469
2026-08-22 06:00:00,인천,5,ECMWF,99.0,100.0,9,1.0
2026-08-22 06:00:00,인천,5,GFS,100.0,100.0,3,0.0
2026-08-22 06:00:00,인천,5,KIM,100.0,100.0,9,0.0
2026-08-22 06:00:00,수원,5,나우캐스트,93.9026870727539,100.0,5,6.097312927246094
2026-08-22 06:00:00,수원,5,ECMWF,100.0,100.0,9,0.0
2026-08-22 06:00:00,수원,5,GFS,100.0,100.0,3,0.0
2026-08-22 06:00:00,수원,5,KIM,100.0,100.0,9,0.0
2026-08-22 06:00:00,전주,5,나우캐스트,75.20348358154297,30.0,5,45.20348358154297
2026-08-22 06:00:00,전주,5,ECMWF,25.0,30.0,9,5.0
2026-08-22 06:00:00,전주,5,GFS,5.0,30.0,3,25.0
2026-08-22 06:00:00,전주,5,KIM,100.0,30.0,9,70.0
2026-08-22 06:00:00,강릉,5,나우캐스트,93.66227722167967,100.0,5,6.3377227783203125
2026-08-22 06:00:00,강릉,5,ECMWF,100.0,100.0,9,0.0
2026-08-22 06:00:00,강릉,5,GFS,100.0,100.0,3,0.0
2026-08-22 06:00:00,강릉,5,KIM,100.0,100.0,9,0.0
2026-08-22 06:00:00,제주,5,나우캐스트,35.300010681152344,60.0,5,24.699989318847656
2026-08-22 06:00:00,제주,5,ECMWF,88.0,60.0,9,28.0
2026-08-22 06:00:00,제주,5,GFS,37.0,60.0,3,23.0
2026-08-22 06:00:00,제주,5,KIM,82.0,60.0,9,22.0
2026-08-22 03:00:00,서울,1,나우캐스트,98.3173370361328,100.0,1,1.6826629638671875
2026-08-22 03:00:00,서울,1,ECMWF,100.0,100.0,6,0.0
2026-08-22 03:00:00,서울,1,GFS,100.0,100.0,0,0.0
2026-08-22 03:00:00,서울,1,KIM,97.0,100.0,6,3.0
2026-08-22 03:00:00,대전,1,나우캐스트,99.23787689208984,100.0,1,0.7621231079101562
2026-08-22 03:00:00,대전,1,ECMWF,100.0,100.0,6,0.0
2026-08-22 03:00:00,대전,1,GFS,100.0,100.0,0,0.0
2026-08-22 03:00:00,대전,1,KIM,100.0,100.0,6,0.0
2026-08-22 03:00:00,대구,1,나우캐스트,94.22061157226562,100.0,1,5.779388427734375
2026-08-22 03:00:00,대구,1,ECMWF,100.0,100.0,6,0.0
2026-08-22 03:00:00,대구,1,GFS,80.0,100.0,0,20.0
2026-08-22 03:00:00,대구,1,KIM,92.0,100.0,6,8.0
2026-08-22 03:00:00,광주,1,나우캐스트,67.6505355834961,80.0,1,12.349464416503906
2026-08-22 03:00:00,광주,1,ECMWF,90.0,80.0,6,10.0
2026-08-22 03:00:00,광주,1,GFS,100.0,80.0,0,20.0
2026-08-22 03:00:00,광주,1,KIM,100.0,80.0,6,20.0
2026-08-22 03:00:00,부산,1,나우캐스트,69.21028137207031,90.0,1,20.789718627929688
2026-08-22 03:00:00,부산,1,ECMWF,88.0,90.0,6,2.0
2026-08-22 03:00:00,부산,1,GFS,100.0,90.0,0,10.0
2026-08-22 03:00:00,부산,1,KIM,100.0,90.0,6,10.0
2026-08-22 03:00:00,인천,1,나우캐스트,96.5250015258789,90.0,1,6.525001525878906
2026-08-22 03:00:00,인천,1,ECMWF,100.0,90.0,6,10.0
2026-08-22 03:00:00,인천,1,GFS,100.0,90.0,0,10.0
2026-08-22 03:00:00,인천,1,KIM,98.0,90.0,6,8.0
2026-08-22 03:00:00,수원,1,나우캐스트,98.27802276611328,100.0,1,1.7219772338867188
2026-08-22 03:00:00,수원,1,ECMWF,100.0,100.0,6,0.0
2026-08-22 03:00:00,수원,1,GFS,100.0,100.0,0,0.0
2026-08-22 03:00:00,수원,1,KIM,100.0,100.0,6,0.0
2026-08-22 03:00:00,전주,1,나우캐스트,97.28934478759766,100.0,1,2.710655212402344
2026-08-22 03:00:00,전주,1,ECMWF,98.0,100.0,6,2.0
2026-08-22 03:00:00,전주,1,GFS,97.0,100.0,0,3.0
2026-08-22 03:00:00,전주,1,KIM,97.0,100.0,6,3.0
2026-08-22 03:00:00,강릉,1,나우캐스트,89.92149353027344,100.0,1,10.078506469726562
2026-08-22 03:00:00,강릉,1,ECMWF,99.0,100.0,6,1.0
2026-08-22 03:00:00,강릉,1,GFS,100.0,100.0,0,0.0
2026-08-22 03:00:00,강릉,1,KIM,100.0,100.0,6,0.0
2026-08-22 03:00:00,제주,1,나우캐스트,22.260408401489254,0.0,1,22.260408401489254
2026-08-22 03:00:00,제주,1,ECMWF,94.0,0.0,6,94.0
2026-08-22 03:00:00,제주,1,GFS,7.0,0.0,0,7.0
2026-08-22 03:00:00,제주,1,KIM,100.0,0.0,6,100.0
2026-08-22 06:00:00,서울,4,나우캐스트,97.81892395019533,100.0,4,2.1810760498046875
2026-08-22 06:00:00,서울,4,ECMWF,99.0,100.0,9,1.0
2026-08-22 06:00:00,서울,4,GFS,100.0,100.0,3,0.0
2026-08-22 06:00:00,서울,4,KIM,100.0,100.0,9,0.0
2026-08-22 06:00:00,대전,4,나우캐스트,95.188720703125,80.0,4,15.188720703125
2026-08-22 06:00:00,대전,4,ECMWF,98.0,80.0,9,18.0
2026-08-22 06:00:00,대전,4,GFS,97.0,80.0,3,17.0
2026-08-22 06:00:00,대전,4,KIM,100.0,80.0,9,20.0
2026-08-22 06:00:00,대구,4,나우캐스트,86.6141586303711,70.0,4,16.614158630371094
2026-08-22 06:00:00,대구,4,ECMWF,100.0,70.0,9,30.0
2026-08-22 06:00:00,대구,4,GFS,85.0,70.0,3,15.0
2026-08-22 06:00:00,대구,4,KIM,100.0,70.0,9,30.0
2026-08-22 06:00:00,광주,4,나우캐스트,53.19959259033203,0.0,4,53.19959259033203
2026-08-22 06:00:00,광주,4,ECMWF,90.0,0.0,9,90.0
2026-08-22 06:00:00,광주,4,GFS,8.0,0.0,3,8.0
2026-08-22 06:00:00,광주,4,KIM,94.0,0.0,9,94.0
2026-08-22 06:00:00,부산,4,나우캐스트,72.95840454101562,90.0,4,17.041595458984375
2026-08-22 06:00:00,부산,4,ECMWF,27.0,90.0,9,63.0
2026-08-22 06:00:00,부산,4,GFS,59.0,90.0,3,31.0
2026-08-22 06:00:00,부산,4,KIM,100.0,90.0,9,10.0
2026-08-22 06:00:00,인천,4,나우캐스트,97.61072540283205,100.0,4,2.3892745971679688
2026-08-22 06:00:00,인천,4,ECMWF,99.0,100.0,9,1.0
2026-08-22 06:00:00,인천,4,GFS,100.0,100.0,3,0.0
2026-08-22 06:00:00,인천,4,KIM,100.0,100.0,9,0.0
2026-08-22 06:00:00,수원,4,나우캐스트,97.71014404296876,100.0,4,2.28985595703125
2026-08-22 06:00:00,수원,4,ECMWF,100.0,100.0,9,0.0
2026-08-22 06:00:00,수원,4,GFS,100.0,100.0,3,0.0
2026-08-22 06:00:00,수원,4,KIM,100.0,100.0,9,0.0
2026-08-22 06:00:00,전주,4,나우캐스트,81.88819885253906,30.0,4,51.88819885253906
2026-08-22 06:00:00,전주,4,ECMWF,25.0,30.0,9,5.0
2026-08-22 06:00:00,전주,4,GFS,5.0,30.0,3,25.0
2026-08-22 06:00:00,전주,4,KIM,100.0,30.0,9,70.0
2026-08-22 06:00:00,강릉,4,나우캐스트,95.77053833007812,100.0,4,4.229461669921875
2026-08-22 06:00:00,강릉,4,ECMWF,100.0,100.0,9,0.0
2026-08-22 06:00:00,강릉,4,GFS,100.0,100.0,3,0.0
2026-08-22 06:00:00,강릉,4,KIM,100.0,100.0,9,0.0
2026-08-22 06:00:00,제주,4,나우캐스트,9.426772117614746,60.0,4,50.57322788238525
2026-08-22 06:00:00,제주,4,ECMWF,88.0,60.0,9,28.0
2026-08-22 06:00:00,제주,4,GFS,37.0,60.0,3,23.0
2026-08-22 06:00:00,제주,4,KIM,82.0,60.0,9,22.0
2026-08-22 06:00:00,서울,3,나우캐스트,93.97698974609376,100.0,3,6.02301025390625
2026-08-22 06:00:00,서울,3,ECMWF,99.0,100.0,9,1.0
2026-08-22 06:00:00,서울,3,GFS,100.0,100.0,3,0.0
2026-08-22 06:00:00,서울,3,KIM,100.0,100.0,9,0.0
2026-08-22 06:00:00,대전,3,나우캐스트,92.49041748046876,80.0,3,12.49041748046875
2026-08-22 06:00:00,대전,3,ECMWF,98.0,80.0,9,18.0
2026-08-22 06:00:00,대전,3,GFS,97.0,80.0,3,17.0
2026-08-22 06:00:00,대전,3,KIM,100.0,80.0,9,20.0
2026-08-22 06:00:00,대구,3,나우캐스트,91.35667419433594,70.0,3,21.356674194335938
2026-08-22 06:00:00,대구,3,ECMWF,100.0,70.0,9,30.0
2026-08-22 06:00:00,대구,3,GFS,85.0,70.0,3,15.0
2026-08-22 06:00:00,대구,3,KIM,100.0,70.0,9,30.0
2026-08-22 06:00:00,광주,3,나우캐스트,74.67913818359375,0.0,3,74.67913818359375
2026-08-22 06:00:00,광주,3,ECMWF,90.0,0.0,9,90.0
2026-08-22 06:00:00,광주,3,GFS,8.0,0.0,3,8.0
2026-08-22 06:00:00,광주,3,KIM,94.0,0.0,9,94.0
2026-08-22 06:00:00,부산,3,나우캐스트,72.28199768066406,90.0,3,17.718002319335938
2026-08-22 06:00:00,부산,3,ECMWF,27.0,90.0,9,63.0
2026-08-22 06:00:00,부산,3,GFS,59.0,90.0,3,31.0
2026-08-22 06:00:00,부산,3,KIM,100.0,90.0,9,10.0
2026-08-22 06:00:00,인천,3,나우캐스트,94.33081817626952,100.0,3,5.669181823730469
2026-08-22 06:00:00,인천,3,ECMWF,99.0,100.0,9,1.0
2026-08-22 06:00:00,인천,3,GFS,100.0,100.0,3,0.0
2026-08-22 06:00:00,인천,3,KIM,100.0,100.0,9,0.0
2026-08-22 06:00:00,수원,3,나우캐스트,95.53753662109376,100.0,3,4.46246337890625
2026-08-22 06:00:00,수원,3,ECMWF,100.0,100.0,9,0.0
2026-08-22 06:00:00,수원,3,GFS,100.0,100.0,3,0.0
2026-08-22 06:00:00,수원,3,KIM,100.0,100.0,9,0.0
2026-08-22 06:00:00,전주,3,나우캐스트,83.17932891845703,30.0,3,53.17932891845703
2026-08-22 06:00:00,전주,3,ECMWF,25.0,30.0,9,5.0
2026-08-22 06:00:00,전주,3,GFS,5.0,30.0,3,25.0
2026-08-22 06:00:00,전주,3,KIM,100.0,30.0,9,70.0
2026-08-22 06:00:00,강릉,3,나우캐스트,94.17971801757812,100.0,3,5.820281982421875
2026-08-22 06:00:00,강릉,3,ECMWF,100.0,100.0,9,0.0
2026-08-22 06:00:00,강릉,3,GFS,100.0,100.0,3,0.0
2026-08-22 06:00:00,강릉,3,KIM,100.0,100.0,9,0.0
2026-08-22 06:00:00,제주,3,나우캐스트,26.063013076782227,60.0,3,33.93698692321777
2026-08-22 06:00:00,제주,3,ECMWF,88.0,60.0,9,28.0
2026-08-22 06:00:00,제주,3,GFS,37.0,60.0,3,23.0
2026-08-22 06:00:00,제주,3,KIM,82.0,60.0,9,22.0
2026-08-22 09:00:00,서울,6,나우캐스트,93.81597137451172,100.0,6,6.184028625488281
2026-08-22 09:00:00,서울,6,ECMWF,100.0,100.0,12,0.0
2026-08-22 09:00:00,서울,6,GFS,100.0,100.0,6,0.0
2026-08-22 09:00:00,서울,6,KIM,100.0,100.0,12,0.0
2026-08-22 09:00:00,대전,6,나우캐스트,89.36062622070312,50.0,6,39.360626220703125
2026-08-22 09:00:00,대전,6,ECMWF,92.0,50.0,12,42.0
2026-08-22 09:00:00,대전,6,GFS,98.0,50.0,6,48.0
2026-08-22 09:00:00,대전,6,KIM,100.0,50.0,12,50.0
2026-08-22 09:00:00,대구,6,나우캐스트,85.8788833618164,80.0,6,5.878883361816406
2026-08-22 09:00:00,대구,6,ECMWF,75.0,80.0,12,5.0
2026-08-22 09:00:00,대구,6,GFS,7.0,80.0,6,73.0
2026-08-22 09:00:00,대구,6,KIM,15.0,80.0,12,65.0
2026-08-22 09:00:00,광주,6,나우캐스트,66.57526397705078,20.0,6,46.57526397705078
2026-08-22 09:00:00,광주,6,ECMWF,27.0,20.0,12,7.0
2026-08-22 09:00:00,광주,6,GFS,16.0,20.0,6,4.0
2026-08-22 09:00:00,광주,6,KIM,67.0,20.0,12,47.0
2026-08-22 09:00:00,부산,6,나우캐스트,71.73209381103516,70.0,6,1.7320938110351562
2026-08-22 09:00:00,부산,6,ECMWF,59.0,70.0,12,11.0
2026-08-22 09:00:00,부산,6,GFS,5.0,70.0,6,65.0
2026-08-22 09:00:00,부산,6,KIM,86.0,70.0,12,16.0
2026-08-22 09:00:00,인천,6,나우캐스트,93.26344299316406,90.0,6,3.2634429931640625
2026-08-22 09:00:00,인천,6,ECMWF,100.0,90.0,12,10.0
2026-08-22 09:00:00,인천,6,GFS,100.0,90.0,6,10.0
2026-08-22 09:00:00,인천,6,KIM,100.0,90.0,12,10.0
2026-08-22 09:00:00,수원,6,나우캐스트,93.62457275390624,100.0,6,6.37542724609375
2026-08-22 09:00:00,수원,6,ECMWF,100.0,100.0,12,0.0
2026-08-22 09:00:00,수원,6,GFS,100.0,100.0,6,0.0
2026-08-22 09:00:00,수원,6,KIM,100.0,100.0,12,0.0
2026-08-22 09:00:00,전주,6,나우캐스트,73.96685028076172,20.0,6,53.96685028076172
2026-08-22 09:00:00,전주,6,ECMWF,16.0,20.0,12,4.0
2026-08-22 09:00:00,전주,6,GFS,12.0,20.0,6,8.0
2026-08-22 09:00:00,전주,6,KIM,100.0,20.0,12,80.0
2026-08-22 09:00:00,강릉,6,나우캐스트,93.85218811035156,100.0,6,6.1478118896484375
2026-08-22 09:00:00,강릉,6,ECMWF,100.0,100.0,12,0.0
2026-08-22 09:00:00,강릉,6,GFS,100.0,100.0,6,0.0
2026-08-22 09:00:00,강릉,6,KIM,100.0,100.0,12,0.0
2026-08-22 09:00:00,제주,6,나우캐스트,30.563514709472656,70.0,6,39.436485290527344
2026-08-22 09:00:00,제주,6,ECMWF,36.0,70.0,12,34.0
2026-08-22 09:00:00,제주,6,GFS,7.0,70.0,6,63.0
2026-08-22 09:00:00,제주,6,KIM,100.0,70.0,12,30.0
2026-08-22 06:00:00,서울,2,나우캐스트,94.09332275390624,100.0,2,5.90667724609375
2026-08-22 06:00:00,서울,2,ECMWF,99.0,100.0,9,1.0
2026-08-22 06:00:00,서울,2,GFS,100.0,100.0,3,0.0
2026-08-22 06:00:00,서울,2,KIM,100.0,100.0,9,0.0
2026-08-22 06:00:00,대전,2,나우캐스트,84.8117904663086,80.0,2,4.811790466308594
2026-08-22 06:00:00,대전,2,ECMWF,98.0,80.0,9,18.0
2026-08-22 06:00:00,대전,2,GFS,97.0,80.0,3,17.0
2026-08-22 06:00:00,대전,2,KIM,100.0,80.0,9,20.0
2026-08-22 06:00:00,대구,2,나우캐스트,88.255859375,70.0,2,18.255859375
2026-08-22 06:00:00,대구,2,ECMWF,100.0,70.0,9,30.0
2026-08-22 06:00:00,대구,2,GFS,85.0,70.0,3,15.0
2026-08-22 06:00:00,대구,2,KIM,100.0,70.0,9,30.0
2026-08-22 06:00:00,광주,2,나우캐스트,50.49282455444336,0.0,2,50.49282455444336
2026-08-22 06:00:00,광주,2,ECMWF,90.0,0.0,9,90.0
2026-08-22 06:00:00,광주,2,GFS,8.0,0.0,3,8.0
2026-08-22 06:00:00,광주,2,KIM,94.0,0.0,9,94.0
2026-08-22 06:00:00,부산,2,나우캐스트,70.47711181640625,90.0,2,19.52288818359375
2026-08-22 06:00:00,부산,2,ECMWF,27.0,90.0,9,63.0
2026-08-22 06:00:00,부산,2,GFS,59.0,90.0,3,31.0
2026-08-22 06:00:00,부산,2,KIM,100.0,90.0,9,10.0
2026-08-22 06:00:00,인천,2,나우캐스트,94.46802520751952,100.0,2,5.531974792480469
2026-08-22 06:00:00,인천,2,ECMWF,99.0,100.0,9,1.0
2026-08-22 06:00:00,인천,2,GFS,100.0,100.0,3,0.0
2026-08-22 06:00:00,인천,2,KIM,100.0,100.0,9,0.0
2026-08-22 06:00:00,수원,2,나우캐스트,95.718505859375,100.0,2,4.281494140625
2026-08-22 06:00:00,수원,2,ECMWF,100.0,100.0,9,0.0
2026-08-22 06:00:00,수원,2,GFS,100.0,100.0,3,0.0
2026-08-22 06:00:00,수원,2,KIM,100.0,100.0,9,0.0
2026-08-22 06:00:00,전주,2,나우캐스트,67.4571762084961,30.0,2,37.457176208496094
2026-08-22 06:00:00,전주,2,ECMWF,25.0,30.0,9,5.0
2026-08-22 06:00:00,전주,2,GFS,5.0,30.0,3,25.0
2026-08-22 06:00:00,전주,2,KIM,100.0,30.0,9,70.0
2026-08-22 06:00:00,강릉,2,나우캐스트,94.76553344726562,100.0,2,5.234466552734375
2026-08-22 06:00:00,강릉,2,ECMWF,100.0,100.0,9,0.0
2026-08-22 06:00:00,강릉,2,GFS,100.0,100.0,3,0.0
2026-08-22 06:00:00,강릉,2,KIM,100.0,100.0,9,0.0
2026-08-22 06:00:00,제주,2,나우캐스트,27.198619842529297,60.0,2,32.8013801574707
2026-08-22 06:00:00,제주,2,ECMWF,88.0,60.0,9,28.0
2026-08-22 06:00:00,제주,2,GFS,37.0,60.0,3,23.0
2026-08-22 06:00:00,제주,2,KIM,82.0,60.0,9,22.0
2026-08-22 09:00:00,서울,5,나우캐스트,91.41949462890624,100.0,5,8.58050537109375
2026-08-22 09:00:00,서울,5,ECMWF,100.0,100.0,12,0.0
2026-08-22 09:00:00,서울,5,GFS,100.0,100.0,6,0.0
2026-08-22 09:00:00,서울,5,KIM,100.0,100.0,12,0.0
2026-08-22 09:00:00,대전,5,나우캐스트,82.3703384399414,50.0,5,32.370338439941406
2026-08-22 09:00:00,대전,5,ECMWF,92.0,50.0,12,42.0
2026-08-22 09:00:00,대전,5,GFS,98.0,50.0,6,48.0
2026-08-22 09:00:00,대전,5,KIM,100.0,50.0,12,50.0
2026-08-22 09:00:00,대구,5,나우캐스트,73.80460357666016,80.0,5,6.195396423339844
2026-08-22 09:00:00,대구,5,ECMWF,75.0,80.0,12,5.0
2026-08-22 09:00:00,대구,5,GFS,7.0,80.0,6,73.0
2026-08-22 09:00:00,대구,5,KIM,15.0,80.0,12,65.0
2026-08-22 09:00:00,광주,5,나우캐스트,50.22495269775391,20.0,5,30.224952697753903
2026-08-22 09:00:00,광주,5,ECMWF,27.0,20.0,12,7.0
2026-08-22 09:00:00,광주,5,GFS,16.0,20.0,6,4.0
2026-08-22 09:00:00,광주,5,KIM,67.0,20.0,12,47.0
2026-08-22 09:00:00,부산,5,나우캐스트,51.51522064208984,70.0,5,18.48477935791016
2026-08-22 09:00:00,부산,5,ECMWF,59.0,70.0,12,11.0
2026-08-22 09:00:00,부산,5,GFS,5.0,70.0,6,65.0
2026-08-22 09:00:00,부산,5,KIM,86.0,70.0,12,16.0
2026-08-22 09:00:00,인천,5,나우캐스트,92.29830169677734,90.0,5,2.298301696777344
2026-08-22 09:00:00,인천,5,ECMWF,100.0,90.0,12,10.0
2026-08-22 09:00:00,인천,5,GFS,100.0,90.0,6,10.0
2026-08-22 09:00:00,인천,5,KIM,100.0,90.0,12,10.0
2026-08-22 09:00:00,수원,5,나우캐스트,92.2145538330078,100.0,5,7.7854461669921875
2026-08-22 09:00:00,수원,5,ECMWF,100.0,100.0,12,0.0
2026-08-22 09:00:00,수원,5,GFS,100.0,100.0,6,0.0
2026-08-22 09:00:00,수원,5,KIM,100.0,100.0,12,0.0
2026-08-22 09:00:00,전주,5,나우캐스트,60.23800277709961,20.0,5,40.23800277709961
2026-08-22 09:00:00,전주,5,ECMWF,16.0,20.0,12,4.0
2026-08-22 09:00:00,전주,5,GFS,12.0,20.0,6,8.0
2026-08-22 09:00:00,전주,5,KIM,100.0,20.0,12,80.0
2026-08-22 09:00:00,강릉,5,나우캐스트,93.67729949951172,100.0,5,6.322700500488281
2026-08-22 09:00:00,강릉,5,ECMWF,100.0,100.0,12,0.0
2026-08-22 09:00:00,강릉,5,GFS,100.0,100.0,6,0.0
2026-08-22 09:00:00,강릉,5,KIM,100.0,100.0,12,0.0
2026-08-22 09:00:00,제주,5,나우캐스트,22.051788330078125,70.0,5,47.94821166992188
2026-08-22 09:00:00,제주,5,ECMWF,36.0,70.0,12,34.0
2026-08-22 09:00:00,제주,5,GFS,7.0,70.0,6,63.0
2026-08-22 09:00:00,제주,5,KIM,100.0,70.0,12,30.0
2026-08-22 06:00:00,서울,1,나우캐스트,98.31597900390624,100.0,1,1.68402099609375
2026-08-22 06:00:00,서울,1,ECMWF,99.0,100.0,9,1.0
2026-08-22 06:00:00,서울,1,GFS,100.0,100.0,3,0.0
2026-08-22 06:00:00,서울,1,KIM,100.0,100.0,9,0.0
2026-08-22 06:00:00,대전,1,나우캐스트,65.9285659790039,80.0,1,14.071434020996094
2026-08-22 06:00:00,대전,1,ECMWF,98.0,80.0,9,18.0
2026-08-22 06:00:00,대전,1,GFS,97.0,80.0,3,17.0
2026-08-22 06:00:00,대전,1,KIM,100.0,80.0,9,20.0
2026-08-22 06:00:00,대구,1,나우캐스트,77.8150405883789,70.0,1,7.815040588378906
2026-08-22 06:00:00,대구,1,ECMWF,100.0,70.0,9,30.0
2026-08-22 06:00:00,대구,1,GFS,85.0,70.0,3,15.0
2026-08-22 06:00:00,대구,1,KIM,100.0,70.0,9,30.0
2026-08-22 06:00:00,광주,1,나우캐스트,14.851070404052734,0.0,1,14.851070404052734
2026-08-22 06:00:00,광주,1,ECMWF,90.0,0.0,9,90.0
2026-08-22 06:00:00,광주,1,GFS,8.0,0.0,3,8.0
2026-08-22 06:00:00,광주,1,KIM,94.0,0.0,9,94.0
2026-08-22 06:00:00,부산,1,나우캐스트,59.79387664794922,90.0,1,30.20612335205078
2026-08-22 06:00:00,부산,1,ECMWF,27.0,90.0,9,63.0
2026-08-22 06:00:00,부산,1,GFS,59.0,90.0,3,31.0
2026-08-22 06:00:00,부산,1,KIM,100.0,90.0,9,10.0
2026-08-22 06:00:00,인천,1,나우캐스트,98.7053680419922,100.0,1,1.2946319580078125
2026-08-22 06:00:00,인천,1,ECMWF,99.0,100.0,9,1.0
2026-08-22 06:00:00,인천,1,GFS,100.0,100.0,3,0.0
2026-08-22 06:00:00,인천,1,KIM,100.0,100.0,9,0.0
2026-08-22 06:00:00,수원,1,나우캐스트,96.65321350097656,100.0,1,3.346786499023437
2026-08-22 06:00:00,수원,1,ECMWF,100.0,100.0,9,0.0
2026-08-22 06:00:00,수원,1,GFS,100.0,100.0,3,0.0
2026-08-22 06:00:00,수원,1,KIM,100.0,100.0,9,0.0
2026-08-22 06:00:00,전주,1,나우캐스트,15.195862770080566,30.0,1,14.804137229919434
2026-08-22 06:00:00,전주,1,ECMWF,25.0,30.0,9,5.0
2026-08-22 06:00:00,전주,1,GFS,5.0,30.0,3,25.0
2026-08-22 06:00:00,전주,1,KIM,100.0,30.0,9,70.0
2026-08-22 06:00:00,강릉,1,나우캐스트,97.35015106201172,100.0,1,2.649848937988281
2026-08-22 06:00:00,강릉,1,ECMWF,100.0,100.0,9,0.0
2026-08-22 06:00:00,강릉,1,GFS,100.0,100.0,3,0.0
2026-08-22 06:00:00,강릉,1,KIM,100.0,100.0,9,0.0
2026-08-22 06:00:00,제주,1,나우캐스트,25.90167617797852,60.0,1,34.098323822021484
2026-08-22 06:00:00,제주,1,ECMWF,88.0,60.0,9,28.0
2026-08-22 06:00:00,제주,1,GFS,37.0,60.0,3,23.0
2026-08-22 06:00:00,제주,1,KIM,82.0,60.0,9,22.0
2026-08-22 09:00:00,서울,4,나우캐스트,97.10152435302734,100.0,4,2.898475646972656
2026-08-22 09:00:00,서울,4,ECMWF,100.0,100.0,12,0.0
2026-08-22 09:00:00,서울,4,GFS,100.0,100.0,6,0.0
2026-08-22 09:00:00,서울,4,KIM,100.0,100.0,12,0.0
2026-08-22 09:00:00,대전,4,나우캐스트,68.5337905883789,50.0,4,18.533790588378903
2026-08-22 09:00:00,대전,4,ECMWF,92.0,50.0,12,42.0
2026-08-22 09:00:00,대전,4,GFS,98.0,50.0,6,48.0
2026-08-22 09:00:00,대전,4,KIM,100.0,50.0,12,50.0
2026-08-22 09:00:00,대구,4,나우캐스트,72.98692321777344,80.0,4,7.0130767822265625
2026-08-22 09:00:00,대구,4,ECMWF,75.0,80.0,12,5.0
2026-08-22 09:00:00,대구,4,GFS,7.0,80.0,6,73.0
2026-08-22 09:00:00,대구,4,KIM,15.0,80.0,12,65.0
2026-08-22 09:00:00,광주,4,나우캐스트,40.23394012451172,20.0,4,20.23394012451172
2026-08-22 09:00:00,광주,4,ECMWF,27.0,20.0,12,7.0
2026-08-22 09:00:00,광주,4,GFS,16.0,20.0,6,4.0
2026-08-22 09:00:00,광주,4,KIM,67.0,20.0,12,47.0
2026-08-22 09:00:00,부산,4,나우캐스트,51.093505859375,70.0,4,18.906494140625
2026-08-22 09:00:00,부산,4,ECMWF,59.0,70.0,12,11.0
2026-08-22 09:00:00,부산,4,GFS,5.0,70.0,6,65.0
2026-08-22 09:00:00,부산,4,KIM,86.0,70.0,12,16.0
2026-08-22 09:00:00,인천,4,나우캐스트,96.09461975097656,90.0,4,6.0946197509765625
2026-08-22 09:00:00,인천,4,ECMWF,100.0,90.0,12,10.0
2026-08-22 09:00:00,인천,4,GFS,100.0,90.0,6,10.0
2026-08-22 09:00:00,인천,4,KIM,100.0,90.0,12,10.0
2026-08-22 09:00:00,수원,4,나우캐스트,95.31632995605467,100.0,4,4.6836700439453125
2026-08-22 09:00:00,수원,4,ECMWF,100.0,100.0,12,0.0
2026-08-22 09:00:00,수원,4,GFS,100.0,100.0,6,0.0
2026-08-22 09:00:00,수원,4,KIM,100.0,100.0,12,0.0
2026-08-22 09:00:00,전주,4,나우캐스트,43.84177780151367,20.0,4,23.841777801513672
2026-08-22 09:00:00,전주,4,ECMWF,16.0,20.0,12,4.0
2026-08-22 09:00:00,전주,4,GFS,12.0,20.0,6,8.0
2026-08-22 09:00:00,전주,4,KIM,100.0,20.0,12,80.0
2026-08-22 09:00:00,강릉,4,나우캐스트,96.39934539794922,100.0,4,3.600654602050781
2026-08-22 09:00:00,강릉,4,ECMWF,100.0,100.0,12,0.0
2026-08-22 09:00:00,강릉,4,GFS,100.0,100.0,6,0.0
2026-08-22 09:00:00,강릉,4,KIM,100.0,100.0,12,0.0
2026-08-22 09:00:00,제주,4,나우캐스트,18.77436828613281,70.0,4,51.22563171386719
2026-08-22 09:00:00,제주,4,ECMWF,36.0,70.0,12,34.0
2026-08-22 09:00:00,제주,4,GFS,7.0,70.0,6,63.0
2026-08-22 09:00:00,제주,4,KIM,100.0,70.0,12,30.0
2026-08-22 09:00:00,서울,3,나우캐스트,97.46749877929688,100.0,3,2.532501220703125
2026-08-22 09:00:00,서울,3,ECMWF,100.0,100.0,12,0.0
2026-08-22 09:00:00,서울,3,GFS,100.0,100.0,6,0.0
2026-08-22 09:00:00,서울,3,KIM,100.0,100.0,12,0.0
2026-08-22 09:00:00,대전,3,나우캐스트,35.66278076171875,50.0,3,14.33721923828125
2026-08-22 09:00:00,대전,3,ECMWF,92.0,50.0,12,42.0
2026-08-22 09:00:00,대전,3,GFS,98.0,50.0,6,48.0
2026-08-22 09:00:00,대전,3,KIM,100.0,50.0,12,50.0
2026-08-22 09:00:00,대구,3,나우캐스트,67.42556762695312,80.0,3,12.574432373046877
2026-08-22 09:00:00,대구,3,ECMWF,75.0,80.0,12,5.0
2026-08-22 09:00:00,대구,3,GFS,7.0,80.0,6,73.0
2026-08-22 09:00:00,대구,3,KIM,15.0,80.0,12,65.0
2026-08-22 09:00:00,광주,3,나우캐스트,20.498958587646484,20.0,3,0.4989585876464844
2026-08-22 09:00:00,광주,3,ECMWF,27.0,20.0,12,7.0
2026-08-22 09:00:00,광주,3,GFS,16.0,20.0,6,4.0
2026-08-22 09:00:00,광주,3,KIM,67.0,20.0,12,47.0
2026-08-22 09:00:00,부산,3,나우캐스트,68.68758392333984,70.0,3,1.3124160766601562
2026-08-22 09:00:00,부산,3,ECMWF,59.0,70.0,12,11.0
2026-08-22 09:00:00,부산,3,GFS,5.0,70.0,6,65.0
2026-08-22 09:00:00,부산,3,KIM,86.0,70.0,12,16.0
2026-08-22 09:00:00,인천,3,나우캐스트,96.87673950195312,90.0,3,6.876739501953125
2026-08-22 09:00:00,인천,3,ECMWF,100.0,90.0,12,10.0
2026-08-22 09:00:00,인천,3,GFS,100.0,90.0,6,10.0
2026-08-22 09:00:00,인천,3,KIM,100.0,90.0,12,10.0
2026-08-22 09:00:00,수원,3,나우캐스트,96.46732330322266,100.0,3,3.532676696777344
2026-08-22 09:00:00,수원,3,ECMWF,100.0,100.0,12,0.0
2026-08-22 09:00:00,수원,3,GFS,100.0,100.0,6,0.0
2026-08-22 09:00:00,수원,3,KIM,100.0,100.0,12,0.0
2026-08-22 09:00:00,전주,3,나우캐스트,31.05889892578125,20.0,3,11.05889892578125
2026-08-22 09:00:00,전주,3,ECMWF,16.0,20.0,12,4.0
2026-08-22 09:00:00,전주,3,GFS,12.0,20.0,6,8.0
2026-08-22 09:00:00,전주,3,KIM,100.0,20.0,12,80.0
2026-08-22 09:00:00,강릉,3,나우캐스트,96.2316436767578,100.0,3,3.768356323242188
2026-08-22 09:00:00,강릉,3,ECMWF,100.0,100.0,12,0.0
2026-08-22 09:00:00,강릉,3,GFS,100.0,100.0,6,0.0
2026-08-22 09:00:00,강릉,3,KIM,100.0,100.0,12,0.0
2026-08-22 09:00:00,제주,3,나우캐스트,11.79542350769043,70.0,3,58.20457649230957
2026-08-22 09:00:00,제주,3,ECMWF,36.0,70.0,12,34.0
2026-08-22 09:00:00,제주,3,GFS,7.0,70.0,6,63.0
2026-08-22 09:00:00,제주,3,KIM,100.0,70.0,12,30.0
2026-08-22 12:00:00,서울,6,나우캐스트,92.50177764892578,90.0,6,2.501777648925781
2026-08-22 12:00:00,서울,6,ECMWF,100.0,90.0,15,10.0
2026-08-22 12:00:00,서울,6,GFS,100.0,90.0,9,10.0
2026-08-22 12:00:00,서울,6,KIM,97.0,90.0,15,7.0
2026-08-22 12:00:00,대전,6,나우캐스트,37.54054641723633,70.0,6,32.45945358276367
2026-08-22 12:00:00,대전,6,ECMWF,96.0,70.0,15,26.0
2026-08-22 12:00:00,대전,6,GFS,100.0,70.0,9,30.0
2026-08-22 12:00:00,대전,6,KIM,89.0,70.0,15,19.0
2026-08-22 12:00:00,대구,6,나우캐스트,63.93930816650391,60.0,6,3.939308166503906
2026-08-22 12:00:00,대구,6,ECMWF,37.0,60.0,15,23.0
2026-08-22 12:00:00,대구,6,GFS,1.0,60.0,9,59.0
2026-08-22 12:00:00,대구,6,KIM,42.0,60.0,15,18.0
2026-08-22 12:00:00,광주,6,나우캐스트,32.39703750610352,40.0,6,7.602962493896484
2026-08-22 12:00:00,광주,6,ECMWF,9.0,40.0,15,31.0
2026-08-22 12:00:00,광주,6,GFS,36.0,40.0,9,4.0
2026-08-22 12:00:00,광주,6,KIM,100.0,40.0,15,60.0
2026-08-22 12:00:00,부산,6,나우캐스트,52.31549835205078,50.0,6,2.315498352050781
2026-08-22 12:00:00,부산,6,ECMWF,2.0,50.0,15,48.0
2026-08-22 12:00:00,부산,6,GFS,3.0,50.0,9,47.0
2026-08-22 12:00:00,부산,6,KIM,46.0,50.0,15,4.0
2026-08-22 12:00:00,인천,6,나우캐스트,91.80560302734376,100.0,6,8.19439697265625
2026-08-22 12:00:00,인천,6,ECMWF,100.0,100.0,15,0.0
2026-08-22 12:00:00,인천,6,GFS,100.0,100.0,9,0.0
2026-08-22 12:00:00,인천,6,KIM,100.0,100.0,15,0.0
2026-08-22 12:00:00,수원,6,나우캐스트,87.37271118164062,90.0,6,2.627288818359375
2026-08-22 12:00:00,수원,6,ECMWF,100.0,90.0,15,10.0
2026-08-22 12:00:00,수원,6,GFS,100.0,90.0,9,10.0
2026-08-22 12:00:00,수원,6,KIM,27.0,90.0,15,63.0
2026-08-22 12:00:00,전주,6,나우캐스트,35.03164291381836,60.0,6,24.96835708618164
2026-08-22 12:00:00,전주,6,ECMWF,33.0,60.0,15,27.0
2026-08-22 12:00:00,전주,6,GFS,100.0,60.0,9,40.0
2026-08-22 12:00:00,전주,6,KIM,100.0,60.0,15,40.0
2026-08-22 12:00:00,강릉,6,나우캐스트,94.96942138671876,100.0,6,5.03057861328125
2026-08-22 12:00:00,강릉,6,ECMWF,100.0,100.0,15,0.0
2026-08-22 12:00:00,강릉,6,GFS,100.0,100.0,9,0.0
2026-08-22 12:00:00,강릉,6,KIM,100.0,100.0,15,0.0
2026-08-22 12:00:00,제주,6,나우캐스트,12.558219909667969,70.0,6,57.44178009033203
2026-08-22 12:00:00,제주,6,ECMWF,45.0,70.0,15,25.0
2026-08-22 12:00:00,제주,6,GFS,9.0,70.0,9,61.0
2026-08-22 12:00:00,제주,6,KIM,100.0,70.0,15,30.0
2026-08-22 09:00:00,서울,2,나우캐스트,97.3911590576172,100.0,2,2.6088409423828125
2026-08-22 09:00:00,서울,2,ECMWF,100.0,100.0,12,0.0
2026-08-22 09:00:00,서울,2,GFS,100.0,100.0,6,0.0
2026-08-22 09:00:00,서울,2,KIM,100.0,100.0,12,0.0
2026-08-22 09:00:00,대전,2,나우캐스트,30.900226593017575,50.0,2,19.099773406982425
2026-08-22 09:00:00,대전,2,ECMWF,92.0,50.0,12,42.0
2026-08-22 09:00:00,대전,2,GFS,98.0,50.0,6,48.0
2026-08-22 09:00:00,대전,2,KIM,100.0,50.0,12,50.0
2026-08-22 09:00:00,대구,2,나우캐스트,89.1611099243164,80.0,2,9.161109924316406
2026-08-22 09:00:00,대구,2,ECMWF,75.0,80.0,12,5.0
2026-08-22 09:00:00,대구,2,GFS,7.0,80.0,6,73.0
2026-08-22 09:00:00,대구,2,KIM,15.0,80.0,12,65.0
2026-08-22 09:00:00,광주,2,나우캐스트,64.86903381347656,20.0,2,44.86903381347656
2026-08-22 09:00:00,광주,2,ECMWF,27.0,20.0,12,7.0
2026-08-22 09:00:00,광주,2,GFS,16.0,20.0,6,4.0
2026-08-22 09:00:00,광주,2,KIM,67.0,20.0,12,47.0
2026-08-22 09:00:00,부산,2,나우캐스트,92.37196350097656,70.0,2,22.37196350097656
2026-08-22 09:00:00,부산,2,ECMWF,59.0,70.0,12,11.0
2026-08-22 09:00:00,부산,2,GFS,5.0,70.0,6,65.0
2026-08-22 09:00:00,부산,2,KIM,86.0,70.0,12,16.0
2026-08-22 09:00:00,인천,2,나우캐스트,96.88209533691406,90.0,2,6.882095336914063
2026-08-22 09:00:00,인천,2,ECMWF,100.0,90.0,12,10.0
2026-08-22 09:00:00,인천,2,GFS,100.0,90.0,6,10.0
2026-08-22 09:00:00,인천,2,KIM,100.0,90.0,12,10.0
2026-08-22 09:00:00,수원,2,나우캐스트,96.18898010253906,100.0,2,3.8110198974609375
2026-08-22 09:00:00,수원,2,ECMWF,100.0,100.0,12,0.0
2026-08-22 09:00:00,수원,2,GFS,100.0,100.0,6,0.0
2026-08-22 09:00:00,수원,2,KIM,100.0,100.0,12,0.0
2026-08-22 09:00:00,전주,2,나우캐스트,31.090829849243164,20.0,2,11.090829849243164
2026-08-22 09:00:00,전주,2,ECMWF,16.0,20.0,12,4.0
2026-08-22 09:00:00,전주,2,GFS,12.0,20.0,6,8.0
2026-08-22 09:00:00,전주,2,KIM,100.0,20.0,12,80.0
2026-08-22 09:00:00,강릉,2,나우캐스트,98.36451721191406,100.0,2,1.6354827880859375
2026-08-22 09:00:00,강릉,2,ECMWF,100.0,100.0,12,0.0
2026-08-22 09:00:00,강릉,2,GFS,100.0,100.0,6,0.0
2026-08-22 09:00:00,강릉,2,KIM,100.0,100.0,12,0.0
2026-08-22 09:00:00,제주,2,나우캐스트,16.309803009033203,70.0,2,53.6901969909668
2026-08-22 09:00:00,제주,2,ECMWF,36.0,70.0,12,34.0
2026-08-22 09:00:00,제주,2,GFS,7.0,70.0,6,63.0
2026-08-22 09:00:00,제주,2,KIM,100.0,70.0,12,30.0
2026-08-22 12:00:00,서울,5,나우캐스트,94.3981475830078,90.0,5,4.3981475830078125
2026-08-22 12:00:00,서울,5,ECMWF,100.0,90.0,15,10.0
2026-08-22 12:00:00,서울,5,GFS,100.0,90.0,9,10.0
2026-08-22 12:00:00,서울,5,KIM,97.0,90.0,15,7.0
2026-08-22 12:00:00,대전,5,나우캐스트,34.300376892089844,70.0,5,35.69962310791016
2026-08-22 12:00:00,대전,5,ECMWF,96.0,70.0,15,26.0
2026-08-22 12:00:00,대전,5,GFS,100.0,70.0,9,30.0
2026-08-22 12:00:00,대전,5,KIM,89.0,70.0,15,19.0
2026-08-22 12:00:00,대구,5,나우캐스트,80.24939727783203,60.0,5,20.24939727783203
2026-08-22 12:00:00,대구,5,ECMWF,37.0,60.0,15,23.0
2026-08-22 12:00:00,대구,5,GFS,1.0,60.0,9,59.0
2026-08-22 12:00:00,대구,5,KIM,42.0,60.0,15,18.0
2026-08-22 12:00:00,광주,5,나우캐스트,69.568359375,40.0,5,29.568359375
2026-08-22 12:00:00,광주,5,ECMWF,9.0,40.0,15,31.0
2026-08-22 12:00:00,광주,5,GFS,36.0,40.0,9,4.0
2026-08-22 12:00:00,광주,5,KIM,100.0,40.0,15,60.0
2026-08-22 12:00:00,부산,5,나우캐스트,84.02788543701172,50.0,5,34.02788543701172
2026-08-22 12:00:00,부산,5,ECMWF,2.0,50.0,15,48.0
2026-08-22 12:00:00,부산,5,GFS,3.0,50.0,9,47.0
2026-08-22 12:00:00,부산,5,KIM,46.0,50.0,15,4.0
2026-08-22 12:00:00,인천,5,나우캐스트,93.45148468017578,100.0,5,6.548515319824219
2026-08-22 12:00:00,인천,5,ECMWF,100.0,100.0,15,0.0
2026-08-22 12:00:00,인천,5,GFS,100.0,100.0,9,0.0
2026-08-22 12:00:00,인천,5,KIM,100.0,100.0,15,0.0
2026-08-22 12:00:00,수원,5,나우캐스트,89.0816650390625,90.0,5,0.9183349609375
2026-08-22 12:00:00,수원,5,ECMWF,100.0,90.0,15,10.0
2026-08-22 12:00:00,수원,5,GFS,100.0,90.0,9,10.0
2026-08-22 12:00:00,수원,5,KIM,27.0,90.0,15,63.0
2026-08-22 12:00:00,전주,5,나우캐스트,48.43771743774414,60.0,5,11.56228256225586
2026-08-22 12:00:00,전주,5,ECMWF,33.0,60.0,15,27.0
2026-08-22 12:00:00,전주,5,GFS,100.0,60.0,9,40.0
2026-08-22 12:00:00,전주,5,KIM,100.0,60.0,15,40.0
2026-08-22 12:00:00,강릉,5,나우캐스트,95.94402313232422,100.0,5,4.055976867675781
2026-08-22 12:00:00,강릉,5,ECMWF,100.0,100.0,15,0.0
2026-08-22 12:00:00,강릉,5,GFS,100.0,100.0,9,0.0
2026-08-22 12:00:00,강릉,5,KIM,100.0,100.0,15,0.0
2026-08-22 12:00:00,제주,5,나우캐스트,16.764402389526367,70.0,5,53.23559761047363
2026-08-22 12:00:00,제주,5,ECMWF,45.0,70.0,15,25.0
2026-08-22 12:00:00,제주,5,GFS,9.0,70.0,9,61.0
2026-08-22 12:00:00,제주,5,KIM,100.0,70.0,15,30.0
2026-08-22 09:00:00,서울,1,나우캐스트,95.60578155517578,100.0,1,4.394218444824219
2026-08-22 09:00:00,서울,1,ECMWF,100.0,100.0,12,0.0
2026-08-22 09:00:00,서울,1,GFS,100.0,100.0,6,0.0
2026-08-22 09:00:00,서울,1,KIM,100.0,100.0,12,0.0
2026-08-22 09:00:00,대전,1,나우캐스트,66.34033203125,50.0,1,16.34033203125
2026-08-22 09:00:00,대전,1,ECMWF,92.0,50.0,12,42.0
2026-08-22 09:00:00,대전,1,GFS,98.0,50.0,6,48.0
2026-08-22 09:00:00,대전,1,KIM,100.0,50.0,12,50.0
2026-08-22 09:00:00,대구,1,나우캐스트,97.59138488769533,80.0,1,17.591384887695312
2026-08-22 09:00:00,대구,1,ECMWF,75.0,80.0,12,5.0
2026-08-22 09:00:00,대구,1,GFS,7.0,80.0,6,73.0
2026-08-22 09:00:00,대구,1,KIM,15.0,80.0,12,65.0
2026-08-22 09:00:00,광주,1,나우캐스트,59.264434814453125,20.0,1,39.264434814453125
2026-08-22 09:00:00,광주,1,ECMWF,27.0,20.0,12,7.0
2026-08-22 09:00:00,광주,1,GFS,16.0,20.0,6,4.0
2026-08-22 09:00:00,광주,1,KIM,67.0,20.0,12,47.0
2026-08-22 09:00:00,부산,1,나우캐스트,95.78556060791016,70.0,1,25.78556060791016
2026-08-22 09:00:00,부산,1,ECMWF,59.0,70.0,12,11.0
2026-08-22 09:00:00,부산,1,GFS,5.0,70.0,6,65.0
2026-08-22 09:00:00,부산,1,KIM,86.0,70.0,12,16.0
2026-08-22 09:00:00,인천,1,나우캐스트,92.7973403930664,90.0,1,2.7973403930664062
2026-08-22 09:00:00,인천,1,ECMWF,100.0,90.0,12,10.0
2026-08-22 09:00:00,인천,1,GFS,100.0,90.0,6,10.0
2026-08-22 09:00:00,인천,1,KIM,100.0,90.0,12,10.0
2026-08-22 09:00:00,수원,1,나우캐스트,92.61437225341795,100.0,1,7.385627746582031
2026-08-22 09:00:00,수원,1,ECMWF,100.0,100.0,12,0.0
2026-08-22 09:00:00,수원,1,GFS,100.0,100.0,6,0.0
2026-08-22 09:00:00,수원,1,KIM,100.0,100.0,12,0.0
2026-08-22 09:00:00,전주,1,나우캐스트,11.558635711669922,20.0,1,8.441364288330078
2026-08-22 09:00:00,전주,1,ECMWF,16.0,20.0,12,4.0
2026-08-22 09:00:00,전주,1,GFS,12.0,20.0,6,8.0
2026-08-22 09:00:00,전주,1,KIM,100.0,20.0,12,80.0
2026-08-22 09:00:00,강릉,1,나우캐스트,98.4370574951172,100.0,1,1.5629425048828125
2026-08-22 09:00:00,강릉,1,ECMWF,100.0,100.0,12,0.0
2026-08-22 09:00:00,강릉,1,GFS,100.0,100.0,6,0.0
2026-08-22 09:00:00,강릉,1,KIM,100.0,100.0,12,0.0
2026-08-22 09:00:00,제주,1,나우캐스트,84.48471069335938,70.0,1,14.484710693359377
2026-08-22 09:00:00,제주,1,ECMWF,36.0,70.0,12,34.0
2026-08-22 09:00:00,제주,1,GFS,7.0,70.0,6,63.0
2026-08-22 09:00:00,제주,1,KIM,100.0,70.0,12,30.0
2026-08-22 12:00:00,서울,4,나우캐스트,93.86767578125,90.0,4,3.86767578125
2026-08-22 12:00:00,서울,4,ECMWF,100.0,90.0,15,10.0
2026-08-22 12:00:00,서울,4,GFS,100.0,90.0,9,10.0
2026-08-22 12:00:00,서울,4,KIM,97.0,90.0,15,7.0
2026-08-22 12:00:00,대전,4,나우캐스트,62.08794784545898,70.0,4,7.912052154541016
2026-08-22 12:00:00,대전,4,ECMWF,96.0,70.0,15,26.0
2026-08-22 12:00:00,대전,4,GFS,100.0,70.0,9,30.0
2026-08-22 12:00:00,대전,4,KIM,89.0,70.0,15,19.0
2026-08-22 12:00:00,대구,4,나우캐스트,93.15111541748048,60.0,4,33.15111541748047
2026-08-22 12:00:00,대구,4,ECMWF,37.0,60.0,15,23.0
2026-08-22 12:00:00,대구,4,GFS,1.0,60.0,9,59.0
2026-08-22 12:00:00,대구,4,KIM,42.0,60.0,15,18.0
2026-08-22 12:00:00,광주,4,나우캐스트,84.07444763183594,40.0,4,44.07444763183594
2026-08-22 12:00:00,광주,4,ECMWF,9.0,40.0,15,31.0
2026-08-22 12:00:00,광주,4,GFS,36.0,40.0,9,4.0
2026-08-22 12:00:00,광주,4,KIM,100.0,40.0,15,60.0
2026-08-22 12:00:00,부산,4,나우캐스트,86.11512756347656,50.0,4,36.11512756347656
2026-08-22 12:00:00,부산,4,ECMWF,2.0,50.0,15,48.0
2026-08-22 12:00:00,부산,4,GFS,3.0,50.0,9,47.0
2026-08-22 12:00:00,부산,4,KIM,46.0,50.0,15,4.0
2026-08-22 12:00:00,인천,4,나우캐스트,93.6608657836914,100.0,4,6.339134216308594
2026-08-22 12:00:00,인천,4,ECMWF,100.0,100.0,15,0.0
2026-08-22 12:00:00,인천,4,GFS,100.0,100.0,9,0.0
2026-08-22 12:00:00,인천,4,KIM,100.0,100.0,15,0.0
2026-08-22 12:00:00,수원,4,나우캐스트,81.35275268554688,90.0,4,8.647247314453125
2026-08-22 12:00:00,수원,4,ECMWF,100.0,90.0,15,10.0
2026-08-22 12:00:00,수원,4,GFS,100.0,90.0,9,10.0
2026-08-22 12:00:00,수원,4,KIM,27.0,90.0,15,63.0
2026-08-22 12:00:00,전주,4,나우캐스트,74.46930694580078,60.0,4,14.46930694580078
2026-08-22 12:00:00,전주,4,ECMWF,33.0,60.0,15,27.0
2026-08-22 12:00:00,전주,4,GFS,100.0,60.0,9,40.0
2026-08-22 12:00:00,전주,4,KIM,100.0,60.0,15,40.0
2026-08-22 12:00:00,강릉,4,나우캐스트,95.4465103149414,100.0,4,4.553489685058594
2026-08-22 12:00:00,강릉,4,ECMWF,100.0,100.0,15,0.0
2026-08-22 12:00:00,강릉,4,GFS,100.0,100.0,9,0.0
2026-08-22 12:00:00,강릉,4,KIM,100.0,100.0,15,0.0
2026-08-22 12:00:00,제주,4,나우캐스트,51.04356002807617,70.0,4,18.956439971923828
2026-08-22 12:00:00,제주,4,ECMWF,45.0,70.0,15,25.0
2026-08-22 12:00:00,제주,4,GFS,9.0,70.0,9,61.0
2026-08-22 12:00:00,제주,4,KIM,100.0,70.0,15,30.0
2026-08-22 12:00:00,서울,3,나우캐스트,93.4890365600586,90.0,3,3.4890365600585938
2026-08-22 12:00:00,서울,3,ECMWF,100.0,90.0,15,10.0
2026-08-22 12:00:00,서울,3,GFS,100.0,90.0,9,10.0
2026-08-22 12:00:00,서울,3,KIM,97.0,90.0,15,7.0
2026-08-22 12:00:00,대전,3,나우캐스트,67.40476989746094,70.0,3,2.5952301025390625
2026-08-22 12:00:00,대전,3,ECMWF,96.0,70.0,15,26.0
2026-08-22 12:00:00,대전,3,GFS,100.0,70.0,9,30.0
2026-08-22 12:00:00,대전,3,KIM,89.0,70.0,15,19.0
2026-08-22 12:00:00,대구,3,나우캐스트,86.26264953613281,60.0,3,26.26264953613281
2026-08-22 12:00:00,대구,3,ECMWF,37.0,60.0,15,23.0
2026-08-22 12:00:00,대구,3,GFS,1.0,60.0,9,59.0
2026-08-22 12:00:00,대구,3,KIM,42.0,60.0,15,18.0
2026-08-22 12:00:00,광주,3,나우캐스트,84.198486328125,40.0,3,44.198486328125
2026-08-22 12:00:00,광주,3,ECMWF,9.0,40.0,15,31.0
2026-08-22 12:00:00,광주,3,GFS,36.0,40.0,9,4.0
2026-08-22 12:00:00,광주,3,KIM,100.0,40.0,15,60.0
2026-08-22 12:00:00,부산,3,나우캐스트,68.23650360107422,50.0,3,18.23650360107422
2026-08-22 12:00:00,부산,3,ECMWF,2.0,50.0,15,48.0
2026-08-22 12:00:00,부산,3,GFS,3.0,50.0,9,47.0
2026-08-22 12:00:00,부산,3,KIM,46.0,50.0,15,4.0
2026-08-22 12:00:00,인천,3,나우캐스트,94.18679809570312,100.0,3,5.813201904296875
2026-08-22 12:00:00,인천,3,ECMWF,100.0,100.0,15,0.0
2026-08-22 12:00:00,인천,3,GFS,100.0,100.0,9,0.0
2026-08-22 12:00:00,인천,3,KIM,100.0,100.0,15,0.0
2026-08-22 12:00:00,수원,3,나우캐스트,85.2581787109375,90.0,3,4.7418212890625
2026-08-22 12:00:00,수원,3,ECMWF,100.0,90.0,15,10.0
2026-08-22 12:00:00,수원,3,GFS,100.0,90.0,9,10.0
2026-08-22 12:00:00,수원,3,KIM,27.0,90.0,15,63.0
2026-08-22 12:00:00,전주,3,나우캐스트,71.62110137939453,60.0,3,11.621101379394531
2026-08-22 12:00:00,전주,3,ECMWF,33.0,60.0,15,27.0
2026-08-22 12:00:00,전주,3,GFS,100.0,60.0,9,40.0
2026-08-22 12:00:00,전주,3,KIM,100.0,60.0,15,40.0
2026-08-22 12:00:00,강릉,3,나우캐스트,96.145263671875,100.0,3,3.854736328125
2026-08-22 12:00:00,강릉,3,ECMWF,100.0,100.0,15,0.0
2026-08-22 12:00:00,강릉,3,GFS,100.0,100.0,9,0.0
2026-08-22 12:00:00,강릉,3,KIM,100.0,100.0,15,0.0
2026-08-22 12:00:00,제주,3,나우캐스트,62.119232177734375,70.0,3,7.880767822265625
2026-08-22 12:00:00,제주,3,ECMWF,45.0,70.0,15,25.0
2026-08-22 12:00:00,제주,3,GFS,9.0,70.0,9,61.0
2026-08-22 12:00:00,제주,3,KIM,100.0,70.0,15,30.0
2026-08-22 15:00:00,서울,6,나우캐스트,94.32821655273438,100.0,6,5.671783447265625
2026-08-22 15:00:00,서울,6,ECMWF,99.0,100.0,18,1.0
2026-08-22 15:00:00,서울,6,GFS,100.0,100.0,12,0.0
2026-08-22 15:00:00,서울,6,KIM,100.0,100.0,18,0.0
2026-08-22 15:00:00,대전,6,나우캐스트,78.35440063476562,90.0,6,11.645599365234377
2026-08-22 15:00:00,대전,6,ECMWF,88.0,90.0,18,2.0
2026-08-22 15:00:00,대전,6,GFS,100.0,90.0,12,10.0
2026-08-22 15:00:00,대전,6,KIM,100.0,90.0,18,10.0
2026-08-22 15:00:00,대구,6,나우캐스트,79.85289001464844,60.0,6,19.85289001464844
2026-08-22 15:00:00,대구,6,ECMWF,54.0,60.0,18,6.0
2026-08-22 15:00:00,대구,6,GFS,100.0,60.0,12,40.0
2026-08-22 15:00:00,대구,6,KIM,81.0,60.0,18,21.0
2026-08-22 15:00:00,광주,6,나우캐스트,86.68989562988281,60.0,6,26.68989562988281
2026-08-22 15:00:00,광주,6,ECMWF,38.0,60.0,18,22.0
2026-08-22 15:00:00,광주,6,GFS,87.0,60.0,12,27.0
2026-08-22 15:00:00,광주,6,KIM,90.0,60.0,18,30.0
2026-08-22 15:00:00,부산,6,나우캐스트,17.437896728515625,10.0,6,7.437896728515625
2026-08-22 15:00:00,부산,6,ECMWF,23.0,10.0,18,13.0
2026-08-22 15:00:00,부산,6,GFS,0.0,10.0,12,10.0
2026-08-22 15:00:00,부산,6,KIM,100.0,10.0,18,90.0
2026-08-22 15:00:00,인천,6,나우캐스트,95.01787567138672,100.0,6,4.982124328613281
2026-08-22 15:00:00,인천,6,ECMWF,100.0,100.0,18,0.0
2026-08-22 15:00:00,인천,6,GFS,100.0,100.0,12,0.0
2026-08-22 15:00:00,인천,6,KIM,100.0,100.0,18,0.0
2026-08-22 15:00:00,수원,6,나우캐스트,90.16209411621094,100.0,6,9.837905883789062
2026-08-22 15:00:00,수원,6,ECMWF,98.0,100.0,18,2.0
2026-08-22 15:00:00,수원,6,GFS,100.0,100.0,12,0.0
2026-08-22 15:00:00,수원,6,KIM,100.0,100.0,18,0.0
2026-08-22 15:00:00,전주,6,나우캐스트,82.70504760742188,80.0,6,2.705047607421875
2026-08-22 15:00:00,전주,6,ECMWF,91.0,80.0,18,11.0
2026-08-22 15:00:00,전주,6,GFS,100.0,80.0,12,20.0
2026-08-22 15:00:00,전주,6,KIM,100.0,80.0,18,20.0
2026-08-22 15:00:00,강릉,6,나우캐스트,92.98721313476562,80.0,6,12.987213134765623
2026-08-22 15:00:00,강릉,6,ECMWF,100.0,80.0,18,20.0
2026-08-22 15:00:00,강릉,6,GFS,100.0,80.0,12,20.0
2026-08-22 15:00:00,강릉,6,KIM,100.0,80.0,18,20.0
2026-08-22 15:00:00,제주,6,나우캐스트,31.32144927978516,20.0,6,11.321449279785156
2026-08-22 15:00:00,제주,6,ECMWF,38.0,20.0,18,18.0
2026-08-22 15:00:00,제주,6,GFS,9.0,20.0,12,11.0
2026-08-22 15:00:00,제주,6,KIM,100.0,20.0,18,80.0
2026-08-22 12:00:00,서울,2,나우캐스트,91.55516815185548,90.0,2,1.5551681518554688
2026-08-22 12:00:00,서울,2,ECMWF,100.0,90.0,15,10.0
2026-08-22 12:00:00,서울,2,GFS,100.0,90.0,9,10.0
2026-08-22 12:00:00,서울,2,KIM,97.0,90.0,15,7.0
2026-08-22 12:00:00,대전,2,나우캐스트,57.43429946899414,70.0,2,12.56570053100586
2026-08-22 12:00:00,대전,2,ECMWF,96.0,70.0,15,26.0
2026-08-22 12:00:00,대전,2,GFS,100.0,70.0,9,30.0
2026-08-22 12:00:00,대전,2,KIM,89.0,70.0,15,19.0
2026-08-22 12:00:00,대구,2,나우캐스트,85.92608642578125,60.0,2,25.92608642578125
2026-08-22 12:00:00,대구,2,ECMWF,37.0,60.0,15,23.0
2026-08-22 12:00:00,대구,2,GFS,1.0,60.0,9,59.0
2026-08-22 12:00:00,대구,2,KIM,42.0,60.0,15,18.0
2026-08-22 12:00:00,광주,2,나우캐스트,87.01386260986328,40.0,2,47.01386260986328
2026-08-22 12:00:00,광주,2,ECMWF,9.0,40.0,15,31.0
2026-08-22 12:00:00,광주,2,GFS,36.0,40.0,9,4.0
2026-08-22 12:00:00,광주,2,KIM,100.0,40.0,15,60.0
2026-08-22 12:00:00,부산,2,나우캐스트,50.14034271240234,50.0,2,0.1403427124023437
2026-08-22 12:00:00,부산,2,ECMWF,2.0,50.0,15,48.0
2026-08-22 12:00:00,부산,2,GFS,3.0,50.0,9,47.0
2026-08-22 12:00:00,부산,2,KIM,46.0,50.0,15,4.0
2026-08-22 12:00:00,인천,2,나우캐스트,93.07736206054688,100.0,2,6.922637939453125
2026-08-22 12:00:00,인천,2,ECMWF,100.0,100.0,15,0.0
2026-08-22 12:00:00,인천,2,GFS,100.0,100.0,9,0.0
2026-08-22 12:00:00,인천,2,KIM,100.0,100.0,15,0.0
2026-08-22 12:00:00,수원,2,나우캐스트,83.71599578857422,90.0,2,6.284004211425781
2026-08-22 12:00:00,수원,2,ECMWF,100.0,90.0,15,10.0
2026-08-22 12:00:00,수원,2,GFS,100.0,90.0,9,10.0
2026-08-22 12:00:00,수원,2,KIM,27.0,90.0,15,63.0
2026-08-22 12:00:00,전주,2,나우캐스트,89.43448638916016,60.0,2,29.43448638916016
2026-08-22 12:00:00,전주,2,ECMWF,33.0,60.0,15,27.0
2026-08-22 12:00:00,전주,2,GFS,100.0,60.0,9,40.0
2026-08-22 12:00:00,전주,2,KIM,100.0,60.0,15,40.0
2026-08-22 12:00:00,강릉,2,나우캐스트,93.95488739013672,100.0,2,6.045112609863281
2026-08-22 12:00:00,강릉,2,ECMWF,100.0,100.0,15,0.0
2026-08-22 12:00:00,강릉,2,GFS,100.0,100.0,9,0.0
2026-08-22 12:00:00,강릉,2,KIM,100.0,100.0,15,0.0
2026-08-22 12:00:00,제주,2,나우캐스트,69.5678939819336,70.0,2,0.4321060180664062
2026-08-22 12:00:00,제주,2,ECMWF,45.0,70.0,15,25.0
2026-08-22 12:00:00,제주,2,GFS,9.0,70.0,9,61.0
2026-08-22 12:00:00,제주,2,KIM,100.0,70.0,15,30.0
2026-08-22 15:00:00,서울,5,나우캐스트,93.53334045410156,100.0,5,6.4666595458984375
2026-08-22 15:00:00,서울,5,ECMWF,99.0,100.0,18,1.0
2026-08-22 15:00:00,서울,5,GFS,100.0,100.0,12,0.0
2026-08-22 15:00:00,서울,5,KIM,100.0,100.0,18,0.0
2026-08-22 15:00:00,대전,5,나우캐스트,77.38655090332031,90.0,5,12.613449096679688
2026-08-22 15:00:00,대전,5,ECMWF,88.0,90.0,18,2.0
2026-08-22 15:00:00,대전,5,GFS,100.0,90.0,12,10.0
2026-08-22 15:00:00,대전,5,KIM,100.0,90.0,18,10.0
2026-08-22 15:00:00,대구,5,나우캐스트,84.07403564453125,60.0,5,24.07403564453125
2026-08-22 15:00:00,대구,5,ECMWF,54.0,60.0,18,6.0
2026-08-22 15:00:00,대구,5,GFS,100.0,60.0,12,40.0
2026-08-22 15:00:00,대구,5,KIM,81.0,60.0,18,21.0
2026-08-22 15:00:00,광주,5,나우캐스트,85.14306640625,60.0,5,25.14306640625
2026-08-22 15:00:00,광주,5,ECMWF,38.0,60.0,18,22.0
2026-08-22 15:00:00,광주,5,GFS,87.0,60.0,12,27.0
2026-08-22 15:00:00,광주,5,KIM,90.0,60.0,18,30.0
2026-08-22 15:00:00,부산,5,나우캐스트,38.449310302734375,10.0,5,28.44931030273437
2026-08-22 15:00:00,부산,5,ECMWF,23.0,10.0,18,13.0
2026-08-22 15:00:00,부산,5,GFS,0.0,10.0,12,10.0
2026-08-22 15:00:00,부산,5,KIM,100.0,10.0,18,90.0
2026-08-22 15:00:00,인천,5,나우캐스트,94.06465911865234,100.0,5,5.935340881347656
2026-08-22 15:00:00,인천,5,ECMWF,100.0,100.0,18,0.0
2026-08-22 15:00:00,인천,5,GFS,100.0,100.0,12,0.0
2026-08-22 15:00:00,인천,5,KIM,100.0,100.0,18,0.0
2026-08-22 15:00:00,수원,5,나우캐스트,91.68630981445312,100.0,5,8.313690185546875
2026-08-22 15:00:00,수원,5,ECMWF,98.0,100.0,18,2.0
2026-08-22 15:00:00,수원,5,GFS,100.0,100.0,12,0.0
2026-08-22 15:00:00,수원,5,KIM,100.0,100.0,18,0.0
2026-08-22 15:00:00,전주,5,나우캐스트,86.60595703125,80.0,5,6.60595703125
2026-08-22 15:00:00,전주,5,ECMWF,91.0,80.0,18,11.0
2026-08-22 15:00:00,전주,5,GFS,100.0,80.0,12,20.0
2026-08-22 15:00:00,전주,5,KIM,100.0,80.0,18,20.0
2026-08-22 15:00:00,강릉,5,나우캐스트,90.54776000976562,80.0,5,10.547760009765623
2026-08-22 15:00:00,강릉,5,ECMWF,100.0,80.0,18,20.0
2026-08-22 15:00:00,강릉,5,GFS,100.0,80.0,12,20.0
2026-08-22 15:00:00,강릉,5,KIM,100.0,80.0,18,20.0
2026-08-22 15:00:00,제주,5,나우캐스트,40.95629119873047,20.0,5,20.95629119873047
2026-08-22 15:00:00,제주,5,ECMWF,38.0,20.0,18,18.0
2026-08-22 15:00:00,제주,5,GFS,9.0,20.0,12,11.0
2026-08-22 15:00:00,제주,5,KIM,100.0,20.0,18,80.0
2026-08-22 12:00:00,서울,1,나우캐스트,93.6558837890625,90.0,1,3.6558837890625
2026-08-22 12:00:00,서울,1,ECMWF,100.0,90.0,15,10.0
2026-08-22 12:00:00,서울,1,GFS,100.0,90.0,9,10.0
2026-08-22 12:00:00,서울,1,KIM,97.0,90.0,15,7.0
2026-08-22 12:00:00,대전,1,나우캐스트,80.7779541015625,70.0,1,10.7779541015625
2026-08-22 12:00:00,대전,1,ECMWF,96.0,70.0,15,26.0
2026-08-22 12:00:00,대전,1,GFS,100.0,70.0,9,30.0
2026-08-22 12:00:00,대전,1,KIM,89.0,70.0,15,19.0
2026-08-22 12:00:00,대구,1,나우캐스트,53.74049377441406,60.0,1,6.2595062255859375
2026-08-22 12:00:00,대구,1,ECMWF,37.0,60.0,15,23.0
2026-08-22 12:00:00,대구,1,GFS,1.0,60.0,9,59.0
2026-08-22 12:00:00,대구,1,KIM,42.0,60.0,15,18.0
2026-08-22 12:00:00,광주,1,나우캐스트,91.55347442626952,40.0,1,51.55347442626953
2026-08-22 12:00:00,광주,1,ECMWF,9.0,40.0,15,31.0
2026-08-22 12:00:00,광주,1,GFS,36.0,40.0,9,4.0
2026-08-22 12:00:00,광주,1,KIM,100.0,40.0,15,60.0
2026-08-22 12:00:00,부산,1,나우캐스트,33.55370330810547,50.0,1,16.44629669189453
2026-08-22 12:00:00,부산,1,ECMWF,2.0,50.0,15,48.0
2026-08-22 12:00:00,부산,1,GFS,3.0,50.0,9,47.0
2026-08-22 12:00:00,부산,1,KIM,46.0,50.0,15,4.0
2026-08-22 12:00:00,인천,1,나우캐스트,95.2662582397461,100.0,1,4.733741760253906
2026-08-22 12:00:00,인천,1,ECMWF,100.0,100.0,15,0.0
2026-08-22 12:00:00,인천,1,GFS,100.0,100.0,9,0.0
2026-08-22 12:00:00,인천,1,KIM,100.0,100.0,15,0.0
2026-08-22 12:00:00,수원,1,나우캐스트,86.86576843261719,90.0,1,3.1342315673828125
2026-08-22 12:00:00,수원,1,ECMWF,100.0,90.0,15,10.0
2026-08-22 12:00:00,수원,1,GFS,100.0,90.0,9,10.0
2026-08-22 12:00:00,수원,1,KIM,27.0,90.0,15,63.0
2026-08-22 12:00:00,전주,1,나우캐스트,83.55476379394531,60.0,1,23.554763793945312
2026-08-22 12:00:00,전주,1,ECMWF,33.0,60.0,15,27.0
2026-08-22 12:00:00,전주,1,GFS,100.0,60.0,9,40.0
2026-08-22 12:00:00,전주,1,KIM,100.0,60.0,15,40.0
2026-08-22 12:00:00,강릉,1,나우캐스트,94.03811645507812,100.0,1,5.961883544921875
2026-08-22 12:00:00,강릉,1,ECMWF,100.0,100.0,15,0.0
2026-08-22 12:00:00,강릉,1,GFS,100.0,100.0,9,0.0
2026-08-22 12:00:00,강릉,1,KIM,100.0,100.0,15,0.0
2026-08-22 12:00:00,제주,1,나우캐스트,76.44622802734375,70.0,1,6.44622802734375
2026-08-22 12:00:00,제주,1,ECMWF,45.0,70.0,15,25.0
2026-08-22 12:00:00,제주,1,GFS,9.0,70.0,9,61.0
2026-08-22 12:00:00,제주,1,KIM,100.0,70.0,15,30.0
2026-08-22 15:00:00,서울,4,나우캐스트,95.44178771972656,100.0,4,4.5582122802734375
2026-08-22 15:00:00,서울,4,ECMWF,99.0,100.0,18,1.0
2026-08-22 15:00:00,서울,4,GFS,100.0,100.0,12,0.0
2026-08-22 15:00:00,서울,4,KIM,100.0,100.0,18,0.0
2026-08-22 15:00:00,대전,4,나우캐스트,84.49757385253906,90.0,4,5.5024261474609375
2026-08-22 15:00:00,대전,4,ECMWF,88.0,90.0,18,2.0
2026-08-22 15:00:00,대전,4,GFS,100.0,90.0,12,10.0
2026-08-22 15:00:00,대전,4,KIM,100.0,90.0,18,10.0
2026-08-22 15:00:00,대구,4,나우캐스트,65.86884307861328,60.0,4,5.868843078613281
2026-08-22 15:00:00,대구,4,ECMWF,54.0,60.0,18,6.0
2026-08-22 15:00:00,대구,4,GFS,100.0,60.0,12,40.0
2026-08-22 15:00:00,대구,4,KIM,81.0,60.0,18,21.0
2026-08-22 15:00:00,광주,4,나우캐스트,84.55693054199219,60.0,4,24.556930541992188
2026-08-22 15:00:00,광주,4,ECMWF,38.0,60.0,18,22.0
2026-08-22 15:00:00,광주,4,GFS,87.0,60.0,12,27.0
2026-08-22 15:00:00,광주,4,KIM,90.0,60.0,18,30.0
2026-08-22 15:00:00,부산,4,나우캐스트,47.20833587646485,10.0,4,37.20833587646485
2026-08-22 15:00:00,부산,4,ECMWF,23.0,10.0,18,13.0
2026-08-22 15:00:00,부산,4,GFS,0.0,10.0,12,10.0
2026-08-22 15:00:00,부산,4,KIM,100.0,10.0,18,90.0
2026-08-22 15:00:00,인천,4,나우캐스트,95.91175842285156,100.0,4,4.0882415771484375
2026-08-22 15:00:00,인천,4,ECMWF,100.0,100.0,18,0.0
2026-08-22 15:00:00,인천,4,GFS,100.0,100.0,12,0.0
2026-08-22 15:00:00,인천,4,KIM,100.0,100.0,18,0.0
2026-08-22 15:00:00,수원,4,나우캐스트,94.5321807861328,100.0,4,5.467819213867188
2026-08-22 15:00:00,수원,4,ECMWF,98.0,100.0,18,2.0
2026-08-22 15:00:00,수원,4,GFS,100.0,100.0,12,0.0
2026-08-22 15:00:00,수원,4,KIM,100.0,100.0,18,0.0
2026-08-22 15:00:00,전주,4,나우캐스트,88.0422592163086,80.0,4,8.042259216308594
2026-08-22 15:00:00,전주,4,ECMWF,91.0,80.0,18,11.0
2026-08-22 15:00:00,전주,4,GFS,100.0,80.0,12,20.0
2026-08-22 15:00:00,전주,4,KIM,100.0,80.0,18,20.0
2026-08-22 15:00:00,강릉,4,나우캐스트,90.268798828125,80.0,4,10.268798828125
2026-08-22 15:00:00,강릉,4,ECMWF,100.0,80.0,18,20.0
2026-08-22 15:00:00,강릉,4,GFS,100.0,80.0,12,20.0
2026-08-22 15:00:00,강릉,4,KIM,100.0,80.0,18,20.0
2026-08-22 15:00:00,제주,4,나우캐스트,13.331063270568848,20.0,4,6.668936729431152
2026-08-22 15:00:00,제주,4,ECMWF,38.0,20.0,18,18.0
2026-08-22 15:00:00,제주,4,GFS,9.0,20.0,12,11.0
2026-08-22 15:00:00,제주,4,KIM,100.0,20.0,18,80.0
2026-08-22 15:00:00,서울,3,나우캐스트,96.20748901367188,100.0,3,3.792510986328125
2026-08-22 15:00:00,서울,3,ECMWF,99.0,100.0,18,1.0
2026-08-22 15:00:00,서울,3,GFS,100.0,100.0,12,0.0
2026-08-22 15:00:00,서울,3,KIM,100.0,100.0,18,0.0
2026-08-22 15:00:00,대전,3,나우캐스트,80.85791778564453,90.0,3,9.142082214355469
2026-08-22 15:00:00,대전,3,ECMWF,88.0,90.0,18,2.0
2026-08-22 15:00:00,대전,3,GFS,100.0,90.0,12,10.0
2026-08-22 15:00:00,대전,3,KIM,100.0,90.0,18,10.0
2026-08-22 15:00:00,대구,3,나우캐스트,68.1470718383789,60.0,3,8.147071838378906
2026-08-22 15:00:00,대구,3,ECMWF,54.0,60.0,18,6.0
2026-08-22 15:00:00,대구,3,GFS,100.0,60.0,12,40.0
2026-08-22 15:00:00,대구,3,KIM,81.0,60.0,18,21.0
2026-08-22 15:00:00,광주,3,나우캐스트,60.56040191650391,60.0,3,0.5604019165039062
2026-08-22 15:00:00,광주,3,ECMWF,38.0,60.0,18,22.0
2026-08-22 15:00:00,광주,3,GFS,87.0,60.0,12,27.0
2026-08-22 15:00:00,광주,3,KIM,90.0,60.0,18,30.0
2026-08-22 15:00:00,부산,3,나우캐스트,36.14469909667969,10.0,3,26.144699096679688
2026-08-22 15:00:00,부산,3,ECMWF,23.0,10.0,18,13.0
2026-08-22 15:00:00,부산,3,GFS,0.0,10.0,12,10.0
2026-08-22 15:00:00,부산,3,KIM,100.0,10.0,18,90.0
2026-08-22 15:00:00,인천,3,나우캐스트,97.22312927246094,100.0,3,2.7768707275390625
2026-08-22 15:00:00,인천,3,ECMWF,100.0,100.0,18,0.0
2026-08-22 15:00:00,인천,3,GFS,100.0,100.0,12,0.0
2026-08-22 15:00:00,인천,3,KIM,100.0,100.0,18,0.0
2026-08-22 15:00:00,수원,3,나우캐스트,95.10108947753906,100.0,3,4.8989105224609375
2026-08-22 15:00:00,수원,3,ECMWF,98.0,100.0,18,2.0
2026-08-22 15:00:00,수원,3,GFS,100.0,100.0,12,0.0
2026-08-22 15:00:00,수원,3,KIM,100.0,100.0,18,0.0
2026-08-22 15:00:00,전주,3,나우캐스트,80.09239196777344,80.0,3,0.0923919677734375
2026-08-22 15:00:00,전주,3,ECMWF,91.0,80.0,18,11.0
2026-08-22 15:00:00,전주,3,GFS,100.0,80.0,12,20.0
2026-08-22 15:00:00,전주,3,KIM,100.0,80.0,18,20.0
2026-08-22 15:00:00,강릉,3,나우캐스트,92.13534545898438,80.0,3,12.135345458984377
2026-08-22 15:00:00,강릉,3,ECMWF,100.0,80.0,18,20.0
2026-08-22 15:00:00,강릉,3,GFS,100.0,80.0,12,20.0
2026-08-22 15:00:00,강릉,3,KIM,100.0,80.0,18,20.0
2026-08-22 15:00:00,제주,3,나우캐스트,36.30062484741211,20.0,3,16.30062484741211
2026-08-22 15:00:00,제주,3,ECMWF,38.0,20.0,18,18.0
2026-08-22 15:00:00,제주,3,GFS,9.0,20.0,12,11.0
2026-08-22 15:00:00,제주,3,KIM,100.0,20.0,18,80.0
2026-08-22 18:00:00,서울,6,나우캐스트,94.62423706054688,100.0,6,5.375762939453125
2026-08-22 18:00:00,서울,6,ECMWF,77.0,100.0,21,23.0
2026-08-22 18:00:00,서울,6,GFS,84.0,100.0,15,16.0
2026-08-22 18:00:00,서울,6,KIM,100.0,100.0,21,0.0
2026-08-22 18:00:00,대전,6,나우캐스트,87.4175796508789,100.0,6,12.582420349121094
2026-08-22 18:00:00,대전,6,ECMWF,63.0,100.0,21,37.0
2026-08-22 18:00:00,대전,6,GFS,100.0,100.0,15,0.0
2026-08-22 18:00:00,대전,6,KIM,100.0,100.0,21,0.0
2026-08-22 18:00:00,대구,6,나우캐스트,71.56187438964844,70.0,6,1.5618743896484375
2026-08-22 18:00:00,대구,6,ECMWF,25.0,70.0,21,45.0
2026-08-22 18:00:00,대구,6,GFS,100.0,70.0,15,30.0
2026-08-22 18:00:00,대구,6,KIM,100.0,70.0,21,30.0
2026-08-22 18:00:00,광주,6,나우캐스트,53.827186584472656,40.0,6,13.827186584472656
2026-08-22 18:00:00,광주,6,ECMWF,6.0,40.0,21,34.0
2026-08-22 18:00:00,광주,6,GFS,22.0,40.0,15,18.0
2026-08-22 18:00:00,광주,6,KIM,99.0,40.0,21,59.0
2026-08-22 18:00:00,부산,6,나우캐스트,52.27083206176758,30.0,6,22.270832061767575
2026-08-22 18:00:00,부산,6,ECMWF,12.0,30.0,21,18.0
2026-08-22 18:00:00,부산,6,GFS,0.0,30.0,15,30.0
2026-08-22 18:00:00,부산,6,KIM,100.0,30.0,21,70.0
2026-08-22 18:00:00,인천,6,나우캐스트,94.5140380859375,100.0,6,5.4859619140625
2026-08-22 18:00:00,인천,6,ECMWF,90.0,100.0,21,10.0
2026-08-22 18:00:00,인천,6,GFS,43.0,100.0,15,57.0
2026-08-22 18:00:00,인천,6,KIM,100.0,100.0,21,0.0
2026-08-22 18:00:00,수원,6,나우캐스트,93.1135711669922,100.0,6,6.8864288330078125
2026-08-22 18:00:00,수원,6,ECMWF,52.0,100.0,21,48.0
2026-08-22 18:00:00,수원,6,GFS,82.0,100.0,15,18.0
2026-08-22 18:00:00,수원,6,KIM,100.0,100.0,21,0.0
2026-08-22 18:00:00,전주,6,나우캐스트,82.74390411376953,90.0,6,7.256095886230469
2026-08-22 18:00:00,전주,6,ECMWF,10.0,90.0,21,80.0
2026-08-22 18:00:00,전주,6,GFS,73.0,90.0,15,17.0
2026-08-22 18:00:00,전주,6,KIM,100.0,90.0,21,10.0
2026-08-22 18:00:00,강릉,6,나우캐스트,91.90046691894533,100.0,6,8.099533081054688
2026-08-22 18:00:00,강릉,6,ECMWF,91.0,100.0,21,9.0
2026-08-22 18:00:00,강릉,6,GFS,86.0,100.0,15,14.0
2026-08-22 18:00:00,강릉,6,KIM,100.0,100.0,21,0.0
2026-08-22 18:00:00,제주,6,나우캐스트,24.16140556335449,10.0,6,14.161405563354492
2026-08-22 18:00:00,제주,6,ECMWF,16.0,10.0,21,6.0
2026-08-22 18:00:00,제주,6,GFS,100.0,10.0,15,90.0
2026-08-22 18:00:00,제주,6,KIM,78.0,10.0,21,68.0
2026-08-22 15:00:00,서울,2,나우캐스트,95.82331848144533,100.0,2,4.176681518554688
2026-08-22 15:00:00,서울,2,ECMWF,99.0,100.0,18,1.0
2026-08-22 15:00:00,서울,2,GFS,100.0,100.0,12,0.0
2026-08-22 15:00:00,서울,2,KIM,100.0,100.0,18,0.0
2026-08-22 15:00:00,대전,2,나우캐스트,87.34519958496094,90.0,2,2.6548004150390625
2026-08-22 15:00:00,대전,2,ECMWF,88.0,90.0,18,2.0
2026-08-22 15:00:00,대전,2,GFS,100.0,90.0,12,10.0
2026-08-22 15:00:00,대전,2,KIM,100.0,90.0,18,10.0
2026-08-22 15:00:00,대구,2,나우캐스트,71.89586639404297,60.0,2,11.895866394042969
2026-08-22 15:00:00,대구,2,ECMWF,54.0,60.0,18,6.0
2026-08-22 15:00:00,대구,2,GFS,100.0,60.0,12,40.0
2026-08-22 15:00:00,대구,2,KIM,81.0,60.0,18,21.0
2026-08-22 15:00:00,광주,2,나우캐스트,74.01034545898438,60.0,2,14.010345458984377
2026-08-22 15:00:00,광주,2,ECMWF,38.0,60.0,18,22.0
2026-08-22 15:00:00,광주,2,GFS,87.0,60.0,12,27.0
2026-08-22 15:00:00,광주,2,KIM,90.0,60.0,18,30.0
2026-08-22 15:00:00,부산,2,나우캐스트,8.820884704589844,10.0,2,1.1791152954101562
2026-08-22 15:00:00,부산,2,ECMWF,23.0,10.0,18,13.0
2026-08-22 15:00:00,부산,2,GFS,0.0,10.0,12,10.0
2026-08-22 15:00:00,부산,2,KIM,100.0,10.0,18,90.0
2026-08-22 15:00:00,인천,2,나우캐스트,97.74851989746094,100.0,2,2.2514801025390625
2026-08-22 15:00:00,인천,2,ECMWF,100.0,100.0,18,0.0
2026-08-22 15:00:00,인천,2,GFS,100.0,100.0,12,0.0
2026-08-22 15:00:00,인천,2,KIM,100.0,100.0,18,0.0
2026-08-22 15:00:00,수원,2,나우캐스트,95.75896453857422,100.0,2,4.241035461425781
2026-08-22 15:00:00,수원,2,ECMWF,98.0,100.0,18,2.0
2026-08-22 15:00:00,수원,2,GFS,100.0,100.0,12,0.0
2026-08-22 15:00:00,수원,2,KIM,100.0,100.0,18,0.0
2026-08-22 15:00:00,전주,2,나우캐스트,77.44294738769531,80.0,2,2.5570526123046875
2026-08-22 15:00:00,전주,2,ECMWF,91.0,80.0,18,11.0
2026-08-22 15:00:00,전주,2,GFS,100.0,80.0,12,20.0
2026-08-22 15:00:00,전주,2,KIM,100.0,80.0,18,20.0
2026-08-22 15:00:00,강릉,2,나우캐스트,88.64443969726562,80.0,2,8.644439697265625
2026-08-22 15:00:00,강릉,2,ECMWF,100.0,80.0,18,20.0
2026-08-22 15:00:00,강릉,2,GFS,100.0,80.0,12,20.0
2026-08-22 15:00:00,강릉,2,KIM,100.0,80.0,18,20.0
2026-08-22 15:00:00,제주,2,나우캐스트,69.94139862060547,20.0,2,49.94139862060547
2026-08-22 15:00:00,제주,2,ECMWF,38.0,20.0,18,18.0
2026-08-22 15:00:00,제주,2,GFS,9.0,20.0,12,11.0
2026-08-22 15:00:00,제주,2,KIM,100.0,20.0,18,80.0
2026-08-22 18:00:00,서울,5,나우캐스트,94.83543395996094,100.0,5,5.164566040039063
2026-08-22 18:00:00,서울,5,ECMWF,77.0,100.0,21,23.0
2026-08-22 18:00:00,서울,5,GFS,84.0,100.0,15,16.0
2026-08-22 18:00:00,서울,5,KIM,100.0,100.0,21,0.0
2026-08-22 18:00:00,대전,5,나우캐스트,89.21553802490234,100.0,5,10.784461975097656
2026-08-22 18:00:00,대전,5,ECMWF,63.0,100.0,21,37.0
2026-08-22 18:00:00,대전,5,GFS,100.0,100.0,15,0.0
2026-08-22 18:00:00,대전,5,KIM,100.0,100.0,21,0.0
2026-08-22 18:00:00,대구,5,나우캐스트,64.65093231201172,70.0,5,5.349067687988281
2026-08-22 18:00:00,대구,5,ECMWF,25.0,70.0,21,45.0
2026-08-22 18:00:00,대구,5,GFS,100.0,70.0,15,30.0
2026-08-22 18:00:00,대구,5,KIM,100.0,70.0,21,30.0
2026-08-22 18:00:00,광주,5,나우캐스트,70.82197570800781,40.0,5,30.82197570800781
2026-08-22 18:00:00,광주,5,ECMWF,6.0,40.0,21,34.0
2026-08-22 18:00:00,광주,5,GFS,22.0,40.0,15,18.0
2026-08-22 18:00:00,광주,5,KIM,99.0,40.0,21,59.0
2026-08-22 18:00:00,부산,5,나우캐스트,22.59961700439453,30.0,5,7.400382995605469
2026-08-22 18:00:00,부산,5,ECMWF,12.0,30.0,21,18.0
2026-08-22 18:00:00,부산,5,GFS,0.0,30.0,15,30.0
2026-08-22 18:00:00,부산,5,KIM,100.0,30.0,21,70.0
2026-08-22 18:00:00,인천,5,나우캐스트,94.85537719726562,100.0,5,5.144622802734375
2026-08-22 18:00:00,인천,5,ECMWF,90.0,100.0,21,10.0
2026-08-22 18:00:00,인천,5,GFS,43.0,100.0,15,57.0
2026-08-22 18:00:00,인천,5,KIM,100.0,100.0,21,0.0
2026-08-22 18:00:00,수원,5,나우캐스트,93.97006225585938,100.0,5,6.029937744140625
2026-08-22 18:00:00,수원,5,ECMWF,52.0,100.0,21,48.0
2026-08-22 18:00:00,수원,5,GFS,82.0,100.0,15,18.0
2026-08-22 18:00:00,수원,5,KIM,100.0,100.0,21,0.0
2026-08-22 18:00:00,전주,5,나우캐스트,80.10269927978516,90.0,5,9.897300720214844
2026-08-22 18:00:00,전주,5,ECMWF,10.0,90.0,21,80.0
2026-08-22 18:00:00,전주,5,GFS,73.0,90.0,15,17.0
2026-08-22 18:00:00,전주,5,KIM,100.0,90.0,21,10.0
2026-08-22 18:00:00,강릉,5,나우캐스트,92.96822357177734,100.0,5,7.031776428222656
2026-08-22 18:00:00,강릉,5,ECMWF,91.0,100.0,21,9.0
2026-08-22 18:00:00,강릉,5,GFS,86.0,100.0,15,14.0
2026-08-22 18:00:00,강릉,5,KIM,100.0,100.0,21,0.0
2026-08-22 18:00:00,제주,5,나우캐스트,42.634727478027344,10.0,5,32.634727478027344
2026-08-22 18:00:00,제주,5,ECMWF,16.0,10.0,21,6.0
2026-08-22 18:00:00,제주,5,GFS,100.0,10.0,15,90.0
2026-08-22 18:00:00,제주,5,KIM,78.0,10.0,21,68.0
2026-08-22 15:00:00,서울,1,나우캐스트,96.62364196777344,100.0,1,3.3763580322265625
2026-08-22 15:00:00,서울,1,ECMWF,99.0,100.0,18,1.0
2026-08-22 15:00:00,서울,1,GFS,100.0,100.0,12,0.0
2026-08-22 15:00:00,서울,1,KIM,100.0,100.0,18,0.0
2026-08-22 15:00:00,대전,1,나우캐스트,87.14605712890625,90.0,1,2.85394287109375
2026-08-22 15:00:00,대전,1,ECMWF,88.0,90.0,18,2.0
2026-08-22 15:00:00,대전,1,GFS,100.0,90.0,12,10.0
2026-08-22 15:00:00,대전,1,KIM,100.0,90.0,18,10.0
2026-08-22 15:00:00,대구,1,나우캐스트,85.70103454589844,60.0,1,25.70103454589844
2026-08-22 15:00:00,대구,1,ECMWF,54.0,60.0,18,6.0
2026-08-22 15:00:00,대구,1,GFS,100.0,60.0,12,40.0
2026-08-22 15:00:00,대구,1,KIM,81.0,60.0,18,21.0
2026-08-22 15:00:00,광주,1,나우캐스트,81.28152465820312,60.0,1,21.281524658203125
2026-08-22 15:00:00,광주,1,ECMWF,38.0,60.0,18,22.0
2026-08-22 15:00:00,광주,1,GFS,87.0,60.0,12,27.0
2026-08-22 15:00:00,광주,1,KIM,90.0,60.0,18,30.0
2026-08-22 15:00:00,부산,1,나우캐스트,8.731117248535156,10.0,1,1.2688827514648438
2026-08-22 15:00:00,부산,1,ECMWF,23.0,10.0,18,13.0
2026-08-22 15:00:00,부산,1,GFS,0.0,10.0,12,10.0
2026-08-22 15:00:00,부산,1,KIM,100.0,10.0,18,90.0
2026-08-22 15:00:00,인천,1,나우캐스트,98.04651641845705,100.0,1,1.9534835815429688
2026-08-22 15:00:00,인천,1,ECMWF,100.0,100.0,18,0.0
2026-08-22 15:00:00,인천,1,GFS,100.0,100.0,12,0.0
2026-08-22 15:00:00,인천,1,KIM,100.0,100.0,18,0.0
2026-08-22 15:00:00,수원,1,나우캐스트,96.52265167236328,100.0,1,3.4773483276367188
2026-08-22 15:00:00,수원,1,ECMWF,98.0,100.0,18,2.0
2026-08-22 15:00:00,수원,1,GFS,100.0,100.0,12,0.0
2026-08-22 15:00:00,수원,1,KIM,100.0,100.0,18,0.0
2026-08-22 15:00:00,전주,1,나우캐스트,74.57061767578125,80.0,1,5.42938232421875
2026-08-22 15:00:00,전주,1,ECMWF,91.0,80.0,18,11.0
2026-08-22 15:00:00,전주,1,GFS,100.0,80.0,12,20.0
2026-08-22 15:00:00,전주,1,KIM,100.0,80.0,18,20.0
2026-08-22 15:00:00,강릉,1,나우캐스트,82.67207336425781,80.0,1,2.6720733642578125
2026-08-22 15:00:00,강릉,1,ECMWF,100.0,80.0,18,20.0
2026-08-22 15:00:00,강릉,1,GFS,100.0,80.0,12,20.0
2026-08-22 15:00:00,강릉,1,KIM,100.0,80.0,18,20.0
2026-08-22 15:00:00,제주,1,나우캐스트,56.76070022583008,20.0,1,36.76070022583008
2026-08-22 15:00:00,제주,1,ECMWF,38.0,20.0,18,18.0
2026-08-22 15:00:00,제주,1,GFS,9.0,20.0,12,11.0
2026-08-22 15:00:00,제주,1,KIM,100.0,20.0,18,80.0
2026-08-22 18:00:00,서울,4,나우캐스트,94.32212829589844,100.0,4,5.6778717041015625
2026-08-22 18:00:00,서울,4,ECMWF,77.0,100.0,21,23.0
2026-08-22 18:00:00,서울,4,GFS,84.0,100.0,15,16.0
2026-08-22 18:00:00,서울,4,KIM,100.0,100.0,21,0.0
2026-08-22 18:00:00,대전,4,나우캐스트,90.88040924072266,100.0,4,9.119590759277344
2026-08-22 18:00:00,대전,4,ECMWF,63.0,100.0,21,37.0
2026-08-22 18:00:00,대전,4,GFS,100.0,100.0,15,0.0
2026-08-22 18:00:00,대전,4,KIM,100.0,100.0,21,0.0
2026-08-22 18:00:00,대구,4,나우캐스트,78.24038696289062,70.0,4,8.240386962890625
2026-08-22 18:00:00,대구,4,ECMWF,25.0,70.0,21,45.0
2026-08-22 18:00:00,대구,4,GFS,100.0,70.0,15,30.0
2026-08-22 18:00:00,대구,4,KIM,100.0,70.0,21,30.0
2026-08-22 18:00:00,광주,4,나우캐스트,77.5384521484375,40.0,4,37.5384521484375
2026-08-22 18:00:00,광주,4,ECMWF,6.0,40.0,21,34.0
2026-08-22 18:00:00,광주,4,GFS,22.0,40.0,15,18.0
2026-08-22 18:00:00,광주,4,KIM,99.0,40.0,21,59.0
2026-08-22 18:00:00,부산,4,나우캐스트,22.84640121459961,30.0,4,7.153598785400391
2026-08-22 18:00:00,부산,4,ECMWF,12.0,30.0,21,18.0
2026-08-22 18:00:00,부산,4,GFS,0.0,30.0,15,30.0
2026-08-22 18:00:00,부산,4,KIM,100.0,30.0,21,70.0
2026-08-22 18:00:00,인천,4,나우캐스트,94.678955078125,100.0,4,5.321044921875
2026-08-22 18:00:00,인천,4,ECMWF,90.0,100.0,21,10.0
2026-08-22 18:00:00,인천,4,GFS,43.0,100.0,15,57.0
2026-08-22 18:00:00,인천,4,KIM,100.0,100.0,21,0.0
2026-08-22 18:00:00,수원,4,나우캐스트,94.30208587646484,100.0,4,5.697914123535156
2026-08-22 18:00:00,수원,4,ECMWF,52.0,100.0,21,48.0
2026-08-22 18:00:00,수원,4,GFS,82.0,100.0,15,18.0
2026-08-22 18:00:00,수원,4,KIM,100.0,100.0,21,0.0
2026-08-22 18:00:00,전주,4,나우캐스트,84.93476867675781,90.0,4,5.065231323242188
2026-08-22 18:00:00,전주,4,ECMWF,10.0,90.0,21,80.0
2026-08-22 18:00:00,전주,4,GFS,73.0,90.0,15,17.0
2026-08-22 18:00:00,전주,4,KIM,100.0,90.0,21,10.0
2026-08-22 18:00:00,강릉,4,나우캐스트,92.97444152832033,100.0,4,7.025558471679688
2026-08-22 18:00:00,강릉,4,ECMWF,91.0,100.0,21,9.0
2026-08-22 18:00:00,강릉,4,GFS,86.0,100.0,15,14.0
2026-08-22 18:00:00,강릉,4,KIM,100.0,100.0,21,0.0
2026-08-22 18:00:00,제주,4,나우캐스트,30.249727249145508,10.0,4,20.249727249145508
2026-08-22 18:00:00,제주,4,ECMWF,16.0,10.0,21,6.0
2026-08-22 18:00:00,제주,4,GFS,100.0,10.0,15,90.0
2026-08-22 18:00:00,제주,4,KIM,78.0,10.0,21,68.0
2026-08-22 18:00:00,서울,2,나우캐스트,94.47662353515624,100.0,2,5.52337646484375
2026-08-22 18:00:00,서울,2,ECMWF,77.0,100.0,21,23.0
2026-08-22 18:00:00,서울,2,GFS,84.0,100.0,15,16.0
2026-08-22 18:00:00,서울,2,KIM,100.0,100.0,21,0.0
2026-08-22 18:00:00,대전,2,나우캐스트,91.45293426513672,100.0,2,8.547065734863281
2026-08-22 18:00:00,대전,2,ECMWF,63.0,100.0,21,37.0
2026-08-22 18:00:00,대전,2,GFS,100.0,100.0,15,0.0
2026-08-22 18:00:00,대전,2,KIM,100.0,100.0,21,0.0
2026-08-22 18:00:00,대구,2,나우캐스트,63.374019622802734,70.0,2,6.625980377197266
2026-08-22 18:00:00,대구,2,ECMWF,25.0,70.0,21,45.0
2026-08-22 18:00:00,대구,2,GFS,100.0,70.0,15,30.0
2026-08-22 18:00:00,대구,2,KIM,100.0,70.0,21,30.0
2026-08-22 18:00:00,광주,2,나우캐스트,52.639793395996094,40.0,2,12.639793395996094
2026-08-22 18:00:00,광주,2,ECMWF,6.0,40.0,21,34.0
2026-08-22 18:00:00,광주,2,GFS,22.0,40.0,15,18.0
2026-08-22 18:00:00,광주,2,KIM,99.0,40.0,21,59.0
2026-08-22 18:00:00,부산,2,나우캐스트,8.768655776977539,30.0,2,21.23134422302246
2026-08-22 18:00:00,부산,2,ECMWF,12.0,30.0,21,18.0
2026-08-22 18:00:00,부산,2,GFS,0.0,30.0,15,30.0
2026-08-22 18:00:00,부산,2,KIM,100.0,30.0,21,70.0
2026-08-22 18:00:00,인천,2,나우캐스트,94.04070281982422,100.0,2,5.959297180175781
2026-08-22 18:00:00,인천,2,ECMWF,90.0,100.0,21,10.0
2026-08-22 18:00:00,인천,2,GFS,43.0,100.0,15,57.0
2026-08-22 18:00:00,인천,2,KIM,100.0,100.0,21,0.0
2026-08-22 18:00:00,수원,2,나우캐스트,94.39311981201172,100.0,2,5.606880187988281
2026-08-22 18:00:00,수원,2,ECMWF,52.0,100.0,21,48.0
2026-08-22 18:00:00,수원,2,GFS,82.0,100.0,15,18.0
2026-08-22 18:00:00,수원,2,KIM,100.0,100.0,21,0.0
2026-08-22 18:00:00,전주,2,나우캐스트,78.00597381591797,90.0,2,11.994026184082031
2026-08-22 18:00:00,전주,2,ECMWF,10.0,90.0,21,80.0
2026-08-22 18:00:00,전주,2,GFS,73.0,90.0,15,17.0
2026-08-22 18:00:00,전주,2,KIM,100.0,90.0,21,10.0
2026-08-22 18:00:00,강릉,2,나우캐스트,94.57298278808594,100.0,2,5.427017211914063
2026-08-22 18:00:00,강릉,2,ECMWF,91.0,100.0,21,9.0
2026-08-22 18:00:00,강릉,2,GFS,86.0,100.0,15,14.0
2026-08-22 18:00:00,강릉,2,KIM,100.0,100.0,21,0.0
2026-08-22 18:00:00,제주,2,나우캐스트,33.312801361083984,10.0,2,23.312801361083984
2026-08-22 18:00:00,제주,2,ECMWF,16.0,10.0,21,6.0
2026-08-22 18:00:00,제주,2,GFS,100.0,10.0,15,90.0
2026-08-22 18:00:00,제주,2,KIM,78.0,10.0,21,68.0
2026-08-22 21:00:00,서울,5,나우캐스트,90.3351593017578,80.0,5,10.335159301757812
2026-08-22 21:00:00,서울,5,ECMWF,39.0,80.0,0,41.0
2026-08-22 21:00:00,서울,5,GFS,18.0,80.0,18,62.0
2026-08-22 21:00:00,서울,5,KIM,100.0,80.0,24,20.0
2026-08-22 21:00:00,대전,5,나우캐스트,86.62349700927734,90.0,5,3.376502990722656
2026-08-22 21:00:00,대전,5,ECMWF,97.0,90.0,0,7.0
2026-08-22 21:00:00,대전,5,GFS,98.0,90.0,18,8.0
2026-08-22 21:00:00,대전,5,KIM,91.0,90.0,24,1.0
2026-08-22 21:00:00,대구,5,나우캐스트,62.70875549316406,90.0,5,27.291244506835938
2026-08-22 21:00:00,대구,5,ECMWF,80.0,90.0,0,10.0
2026-08-22 21:00:00,대구,5,GFS,100.0,90.0,18,10.0
2026-08-22 21:00:00,대구,5,KIM,100.0,90.0,24,10.0
2026-08-22 21:00:00,광주,5,나우캐스트,53.71840286254883,0.0,5,53.71840286254883
2026-08-22 21:00:00,광주,5,ECMWF,2.0,0.0,0,2.0
2026-08-22 21:00:00,광주,5,GFS,7.0,0.0,18,7.0
2026-08-22 21:00:00,광주,5,KIM,97.0,0.0,24,97.0
2026-08-22 21:00:00,부산,5,나우캐스트,24.017337799072266,0.0,5,24.017337799072266
2026-08-22 21:00:00,부산,5,ECMWF,1.0,0.0,0,1.0
2026-08-22 21:00:00,부산,5,GFS,13.0,0.0,18,13.0
2026-08-22 21:00:00,부산,5,KIM,100.0,0.0,24,100.0
2026-08-22 21:00:00,인천,5,나우캐스트,87.67989349365234,70.0,5,17.679893493652344
2026-08-22 21:00:00,인천,5,ECMWF,29.0,70.0,0,41.0
2026-08-22 21:00:00,인천,5,GFS,52.0,70.0,18,18.0
2026-08-22 21:00:00,인천,5,KIM,98.0,70.0,24,28.0
2026-08-22 21:00:00,수원,5,나우캐스트,89.05342864990234,70.0,5,19.053428649902344
2026-08-22 21:00:00,수원,5,ECMWF,64.0,70.0,0,6.0
2026-08-22 21:00:00,수원,5,GFS,21.0,70.0,18,49.0
2026-08-22 21:00:00,수원,5,KIM,100.0,70.0,24,30.0
2026-08-22 21:00:00,전주,5,나우캐스트,74.09984588623047,60.0,5,14.099845886230469
2026-08-22 21:00:00,전주,5,ECMWF,2.0,60.0,0,58.0
2026-08-22 21:00:00,전주,5,GFS,8.0,60.0,18,52.0
2026-08-22 21:00:00,전주,5,KIM,100.0,60.0,24,40.0
2026-08-22 21:00:00,강릉,5,나우캐스트,93.0322494506836,100.0,5,6.967750549316406
2026-08-22 21:00:00,강릉,5,ECMWF,100.0,100.0,0,0.0
2026-08-22 21:00:00,강릉,5,GFS,21.0,100.0,18,79.0
2026-08-22 21:00:00,강릉,5,KIM,96.0,100.0,24,4.0
2026-08-22 21:00:00,제주,5,나우캐스트,19.537487030029297,0.0,5,19.537487030029297
2026-08-22 21:00:00,제주,5,ECMWF,16.0,0.0,0,16.0
2026-08-22 21:00:00,제주,5,GFS,100.0,0.0,18,100.0
2026-08-22 21:00:00,제주,5,KIM,100.0,0.0,24,100.0
2026-08-22 18:00:00,서울,1,나우캐스트,95.4080810546875,100.0,1,4.5919189453125
2026-08-22 18:00:00,서울,1,ECMWF,77.0,100.0,21,23.0
2026-08-22 18:00:00,서울,1,GFS,84.0,100.0,15,16.0
2026-08-22 18:00:00,서울,1,KIM,100.0,100.0,21,0.0
2026-08-22 18:00:00,대전,1,나우캐스트,96.28804779052734,100.0,1,3.711952209472656
2026-08-22 18:00:00,대전,1,ECMWF,63.0,100.0,21,37.0
2026-08-22 18:00:00,대전,1,GFS,100.0,100.0,15,0.0
2026-08-22 18:00:00,대전,1,KIM,100.0,100.0,21,0.0
2026-08-22 18:00:00,대구,1,나우캐스트,67.79031372070312,70.0,1,2.209686279296875
2026-08-22 18:00:00,대구,1,ECMWF,25.0,70.0,21,45.0
2026-08-22 18:00:00,대구,1,GFS,100.0,70.0,15,30.0
2026-08-22 18:00:00,대구,1,KIM,100.0,70.0,21,30.0
2026-08-22 18:00:00,광주,1,나우캐스트,31.50595092773437,40.0,1,8.494049072265625
2026-08-22 18:00:00,광주,1,ECMWF,6.0,40.0,21,34.0
2026-08-22 18:00:00,광주,1,GFS,22.0,40.0,15,18.0
2026-08-22 18:00:00,광주,1,KIM,99.0,40.0,21,59.0
2026-08-22 18:00:00,부산,1,나우캐스트,4.712535381317139,30.0,1,25.28746461868286
2026-08-22 18:00:00,부산,1,ECMWF,12.0,30.0,21,18.0
2026-08-22 18:00:00,부산,1,GFS,0.0,30.0,15,30.0
2026-08-22 18:00:00,부산,1,KIM,100.0,30.0,21,70.0
2026-08-22 18:00:00,인천,1,나우캐스트,97.1724853515625,100.0,1,2.8275146484375
2026-08-22 18:00:00,인천,1,ECMWF,90.0,100.0,21,10.0
2026-08-22 18:00:00,인천,1,GFS,43.0,100.0,15,57.0
2026-08-22 18:00:00,인천,1,KIM,100.0,100.0,21,0.0
2026-08-22 18:00:00,수원,1,나우캐스트,95.72061157226562,100.0,1,4.279388427734375
2026-08-22 18:00:00,수원,1,ECMWF,52.0,100.0,21,48.0
2026-08-22 18:00:00,수원,1,GFS,82.0,100.0,15,18.0
2026-08-22 18:00:00,수원,1,KIM,100.0,100.0,21,0.0
2026-08-22 18:00:00,전주,1,나우캐스트,71.15450286865234,90.0,1,18.845497131347656
2026-08-22 18:00:00,전주,1,ECMWF,10.0,90.0,21,80.0
2026-08-22 18:00:00,전주,1,GFS,73.0,90.0,15,17.0
2026-08-22 18:00:00,전주,1,KIM,100.0,90.0,21,10.0
2026-08-22 18:00:00,강릉,1,나우캐스트,94.79425048828124,100.0,1,5.20574951171875
2026-08-22 18:00:00,강릉,1,ECMWF,91.0,100.0,21,9.0
2026-08-22 18:00:00,강릉,1,GFS,86.0,100.0,15,14.0
2026-08-22 18:00:00,강릉,1,KIM,100.0,100.0,21,0.0
2026-08-22 18:00:00,제주,1,나우캐스트,26.774154663085938,10.0,1,16.774154663085938
2026-08-22 18:00:00,제주,1,ECMWF,16.0,10.0,21,6.0
2026-08-22 18:00:00,제주,1,GFS,100.0,10.0,15,90.0
2026-08-22 18:00:00,제주,1,KIM,78.0,10.0,21,68.0
2026-08-22 21:00:00,서울,4,나우캐스트,87.1771011352539,80.0,4,7.177101135253906
2026-08-22 21:00:00,서울,4,ECMWF,39.0,80.0,0,41.0
2026-08-22 21:00:00,서울,4,GFS,18.0,80.0,18,62.0
2026-08-22 21:00:00,서울,4,KIM,100.0,80.0,24,20.0
2026-08-22 21:00:00,대전,4,나우캐스트,87.66903686523438,90.0,4,2.330963134765625
2026-08-22 21:00:00,대전,4,ECMWF,97.0,90.0,0,7.0
2026-08-22 21:00:00,대전,4,GFS,98.0,90.0,18,8.0
2026-08-22 21:00:00,대전,4,KIM,91.0,90.0,24,1.0
2026-08-22 21:00:00,대구,4,나우캐스트,77.06792449951172,90.0,4,12.93207550048828
2026-08-22 21:00:00,대구,4,ECMWF,80.0,90.0,0,10.0
2026-08-22 21:00:00,대구,4,GFS,100.0,90.0,18,10.0
2026-08-22 21:00:00,대구,4,KIM,100.0,90.0,24,10.0
2026-08-22 21:00:00,광주,4,나우캐스트,29.641563415527344,0.0,4,29.641563415527344
2026-08-22 21:00:00,광주,4,ECMWF,2.0,0.0,0,2.0
2026-08-22 21:00:00,광주,4,GFS,7.0,0.0,18,7.0
2026-08-22 21:00:00,광주,4,KIM,97.0,0.0,24,97.0
2026-08-22 21:00:00,부산,4,나우캐스트,43.71070861816406,0.0,4,43.71070861816406
2026-08-22 21:00:00,부산,4,ECMWF,1.0,0.0,0,1.0
2026-08-22 21:00:00,부산,4,GFS,13.0,0.0,18,13.0
2026-08-22 21:00:00,부산,4,KIM,100.0,0.0,24,100.0
2026-08-22 21:00:00,인천,4,나우캐스트,79.95236206054688,70.0,4,9.952362060546877
2026-08-22 21:00:00,인천,4,ECMWF,29.0,70.0,0,41.0
2026-08-22 21:00:00,인천,4,GFS,52.0,70.0,18,18.0
2026-08-22 21:00:00,인천,4,KIM,98.0,70.0,24,28.0
2026-08-22 21:00:00,수원,4,나우캐스트,88.40638732910156,70.0,4,18.40638732910156
2026-08-22 21:00:00,수원,4,ECMWF,64.0,70.0,0,6.0
2026-08-22 21:00:00,수원,4,GFS,21.0,70.0,18,49.0
2026-08-22 21:00:00,수원,4,KIM,100.0,70.0,24,30.0
2026-08-22 21:00:00,전주,4,나우캐스트,71.15401458740234,60.0,4,11.154014587402344
2026-08-22 21:00:00,전주,4,ECMWF,2.0,60.0,0,58.0
2026-08-22 21:00:00,전주,4,GFS,8.0,60.0,18,52.0
2026-08-22 21:00:00,전주,4,KIM,100.0,60.0,24,40.0
2026-08-22 21:00:00,강릉,4,나우캐스트,93.80772399902344,100.0,4,6.1922760009765625
2026-08-22 21:00:00,강릉,4,ECMWF,100.0,100.0,0,0.0
2026-08-22 21:00:00,강릉,4,GFS,21.0,100.0,18,79.0
2026-08-22 21:00:00,강릉,4,KIM,96.0,100.0,24,4.0
2026-08-22 21:00:00,제주,4,나우캐스트,15.438718795776367,0.0,4,15.438718795776367
2026-08-22 21:00:00,제주,4,ECMWF,16.0,0.0,0,16.0
2026-08-22 21:00:00,제주,4,GFS,100.0,0.0,18,100.0
2026-08-22 21:00:00,제주,4,KIM,100.0,0.0,24,100.0
2026-08-22 21:00:00,서울,3,나우캐스트,81.32838439941406,80.0,3,1.3283843994140625
2026-08-22 21:00:00,서울,3,ECMWF,39.0,80.0,0,41.0
2026-08-22 21:00:00,서울,3,GFS,18.0,80.0,18,62.0
2026-08-22 21:00:00,서울,3,KIM,100.0,80.0,24,20.0
2026-08-22 21:00:00,대전,3,나우캐스트,77.26329803466797,90.0,3,12.736701965332031
2026-08-22 21:00:00,대전,3,ECMWF,97.0,90.0,0,7.0
2026-08-22 21:00:00,대전,3,GFS,98.0,90.0,18,8.0
2026-08-22 21:00:00,대전,3,KIM,91.0,90.0,24,1.0
2026-08-22 21:00:00,대구,3,나우캐스트,77.5804214477539,90.0,3,12.419578552246094
2026-08-22 21:00:00,대구,3,ECMWF,80.0,90.0,0,10.0
2026-08-22 21:00:00,대구,3,GFS,100.0,90.0,18,10.0
2026-08-22 21:00:00,대구,3,KIM,100.0,90.0,24,10.0
2026-08-22 21:00:00,광주,3,나우캐스트,43.07582092285156,0.0,3,43.07582092285156
2026-08-22 21:00:00,광주,3,ECMWF,2.0,0.0,0,2.0
2026-08-22 21:00:00,광주,3,GFS,7.0,0.0,18,7.0
2026-08-22 21:00:00,광주,3,KIM,97.0,0.0,24,97.0
2026-08-22 21:00:00,부산,3,나우캐스트,27.47776985168457,0.0,3,27.47776985168457
2026-08-22 21:00:00,부산,3,ECMWF,1.0,0.0,0,1.0
2026-08-22 21:00:00,부산,3,GFS,13.0,0.0,18,13.0
2026-08-22 21:00:00,부산,3,KIM,100.0,0.0,24,100.0
2026-08-22 21:00:00,인천,3,나우캐스트,78.85342407226562,70.0,3,8.853424072265625
2026-08-22 21:00:00,인천,3,ECMWF,29.0,70.0,0,41.0
2026-08-22 21:00:00,인천,3,GFS,52.0,70.0,18,18.0
2026-08-22 21:00:00,인천,3,KIM,98.0,70.0,24,28.0
2026-08-22 21:00:00,수원,3,나우캐스트,81.42044067382812,70.0,3,11.420440673828123
2026-08-22 21:00:00,수원,3,ECMWF,64.0,70.0,0,6.0
2026-08-22 21:00:00,수원,3,GFS,21.0,70.0,18,49.0
2026-08-22 21:00:00,수원,3,KIM,100.0,70.0,24,30.0
2026-08-22 21:00:00,전주,3,나우캐스트,71.83296203613281,60.0,3,11.832962036132812
2026-08-22 21:00:00,전주,3,ECMWF,2.0,60.0,0,58.0
2026-08-22 21:00:00,전주,3,GFS,8.0,60.0,18,52.0
2026-08-22 21:00:00,전주,3,KIM,100.0,60.0,24,40.0
2026-08-22 21:00:00,강릉,3,나우캐스트,92.99628448486328,100.0,3,7.003715515136719
2026-08-22 21:00:00,강릉,3,ECMWF,100.0,100.0,0,0.0
2026-08-22 21:00:00,강릉,3,GFS,21.0,100.0,18,79.0
2026-08-22 21:00:00,강릉,3,KIM,96.0,100.0,24,4.0
2026-08-22 21:00:00,제주,3,나우캐스트,30.394847869873047,0.0,3,30.394847869873047
2026-08-22 21:00:00,제주,3,ECMWF,16.0,0.0,0,16.0
2026-08-22 21:00:00,제주,3,GFS,100.0,0.0,18,100.0
2026-08-22 21:00:00,제주,3,KIM,100.0,0.0,24,100.0
2026-08-23 00:00:00,서울,6,나우캐스트,85.08168029785156,100.0,6,14.918319702148438
2026-08-23 00:00:00,서울,6,ECMWF,36.0,100.0,3,64.0
2026-08-23 00:00:00,서울,6,GFS,97.0,100.0,21,3.0
2026-08-23 00:00:00,서울,6,KIM,100.0,100.0,27,0.0
2026-08-23 00:00:00,대전,6,나우캐스트,49.25627136230469,30.0,6,19.256271362304688
2026-08-23 00:00:00,대전,6,ECMWF,20.0,30.0,3,10.0
2026-08-23 00:00:00,대전,6,GFS,100.0,30.0,21,70.0
2026-08-23 00:00:00,대전,6,KIM,100.0,30.0,27,70.0
2026-08-23 00:00:00,대구,6,나우캐스트,55.361698150634766,0.0,6,55.361698150634766
2026-08-23 00:00:00,대구,6,ECMWF,34.0,0.0,3,34.0
2026-08-23 00:00:00,대구,6,GFS,100.0,0.0,21,100.0
2026-08-23 00:00:00,대구,6,KIM,100.0,0.0,27,100.0
2026-08-23 00:00:00,광주,6,나우캐스트,44.24644470214844,0.0,6,44.24644470214844
2026-08-23 00:00:00,광주,6,ECMWF,0.0,0.0,3,0.0
2026-08-23 00:00:00,광주,6,GFS,100.0,0.0,21,100.0
2026-08-23 00:00:00,광주,6,KIM,100.0,0.0,27,100.0
2026-08-23 00:00:00,부산,6,나우캐스트,52.90395736694336,20.0,6,32.90395736694336
2026-08-23 00:00:00,부산,6,ECMWF,0.0,20.0,3,20.0
2026-08-23 00:00:00,부산,6,GFS,2.0,20.0,21,18.0
2026-08-23 00:00:00,부산,6,KIM,100.0,20.0,27,80.0
2026-08-23 00:00:00,인천,6,나우캐스트,79.95539855957031,90.0,6,10.044601440429688
2026-08-23 00:00:00,인천,6,ECMWF,47.0,90.0,3,43.0
2026-08-23 00:00:00,인천,6,GFS,74.0,90.0,21,16.0
2026-08-23 00:00:00,인천,6,KIM,100.0,90.0,27,10.0
2026-08-23 00:00:00,수원,6,나우캐스트,78.8834228515625,70.0,6,8.8834228515625
2026-08-23 00:00:00,수원,6,ECMWF,43.0,70.0,3,27.0
2026-08-23 00:00:00,수원,6,GFS,80.0,70.0,21,10.0
2026-08-23 00:00:00,수원,6,KIM,100.0,70.0,27,30.0
2026-08-23 00:00:00,전주,6,나우캐스트,49.73040008544922,30.0,6,19.73040008544922
2026-08-23 00:00:00,전주,6,ECMWF,5.0,30.0,3,25.0
2026-08-23 00:00:00,전주,6,GFS,100.0,30.0,21,70.0
2026-08-23 00:00:00,전주,6,KIM,100.0,30.0,27,70.0
2026-08-23 00:00:00,강릉,6,나우캐스트,84.5755844116211,70.0,6,14.575584411621094
2026-08-23 00:00:00,강릉,6,ECMWF,20.0,70.0,3,50.0
2026-08-23 00:00:00,강릉,6,GFS,7.0,70.0,21,63.0
2026-08-23 00:00:00,강릉,6,KIM,100.0,70.0,27,30.0
2026-08-23 00:00:00,제주,6,나우캐스트,25.83290100097656,0.0,6,25.83290100097656
2026-08-23 00:00:00,제주,6,ECMWF,13.0,0.0,3,13.0
2026-08-23 00:00:00,제주,6,GFS,100.0,0.0,21,100.0
2026-08-23 00:00:00,제주,6,KIM,100.0,0.0,27,100.0
2026-08-22 21:00:00,서울,2,나우캐스트,83.43772888183594,80.0,2,3.437728881835937
2026-08-22 21:00:00,서울,2,ECMWF,39.0,80.0,0,41.0
2026-08-22 21:00:00,서울,2,GFS,18.0,80.0,18,62.0
2026-08-22 21:00:00,서울,2,KIM,100.0,80.0,24,20.0
2026-08-22 21:00:00,대전,2,나우캐스트,62.85169219970703,90.0,2,27.14830780029297
2026-08-22 21:00:00,대전,2,ECMWF,97.0,90.0,0,7.0
2026-08-22 21:00:00,대전,2,GFS,98.0,90.0,18,8.0
2026-08-22 21:00:00,대전,2,KIM,91.0,90.0,24,1.0
2026-08-22 21:00:00,대구,2,나우캐스트,78.236572265625,90.0,2,11.763427734375
2026-08-22 21:00:00,대구,2,ECMWF,80.0,90.0,0,10.0
2026-08-22 21:00:00,대구,2,GFS,100.0,90.0,18,10.0
2026-08-22 21:00:00,대구,2,KIM,100.0,90.0,24,10.0
2026-08-22 21:00:00,광주,2,나우캐스트,15.769489288330078,0.0,2,15.769489288330078
2026-08-22 21:00:00,광주,2,ECMWF,2.0,0.0,0,2.0
2026-08-22 21:00:00,광주,2,GFS,7.0,0.0,18,7.0
2026-08-22 21:00:00,광주,2,KIM,97.0,0.0,24,97.0
2026-08-22 21:00:00,부산,2,나우캐스트,6.286977767944336,0.0,2,6.286977767944336
2026-08-22 21:00:00,부산,2,ECMWF,1.0,0.0,0,1.0
2026-08-22 21:00:00,부산,2,GFS,13.0,0.0,18,13.0
2026-08-22 21:00:00,부산,2,KIM,100.0,0.0,24,100.0
2026-08-22 21:00:00,인천,2,나우캐스트,77.12344360351562,70.0,2,7.123443603515625
2026-08-22 21:00:00,인천,2,ECMWF,29.0,70.0,0,41.0
2026-08-22 21:00:00,인천,2,GFS,52.0,70.0,18,18.0
2026-08-22 21:00:00,인천,2,KIM,98.0,70.0,24,28.0
2026-08-22 21:00:00,수원,2,나우캐스트,80.66627502441406,70.0,2,10.666275024414062
2026-08-22 21:00:00,수원,2,ECMWF,64.0,70.0,0,6.0
2026-08-22 21:00:00,수원,2,GFS,21.0,70.0,18,49.0
2026-08-22 21:00:00,수원,2,KIM,100.0,70.0,24,30.0
2026-08-22 21:00:00,전주,2,나우캐스트,56.19451141357422,60.0,2,3.805488586425781
2026-08-22 21:00:00,전주,2,ECMWF,2.0,60.0,0,58.0
2026-08-22 21:00:00,전주,2,GFS,8.0,60.0,18,52.0
2026-08-22 21:00:00,전주,2,KIM,100.0,60.0,24,40.0
2026-08-22 21:00:00,강릉,2,나우캐스트,94.15080261230467,100.0,2,5.8491973876953125
2026-08-22 21:00:00,강릉,2,ECMWF,100.0,100.0,0,0.0
2026-08-22 21:00:00,강릉,2,GFS,21.0,100.0,18,79.0
2026-08-22 21:00:00,강릉,2,KIM,96.0,100.0,24,4.0
2026-08-22 21:00:00,제주,2,나우캐스트,5.757841110229492,0.0,2,5.757841110229492
2026-08-22 21:00:00,제주,2,ECMWF,16.0,0.0,0,16.0
2026-08-22 21:00:00,제주,2,GFS,100.0,0.0,18,100.0
2026-08-22 21:00:00,제주,2,KIM,100.0,0.0,24,100.0
2026-08-23 00:00:00,서울,5,나우캐스트,87.12992858886719,100.0,5,12.870071411132812
2026-08-23 00:00:00,서울,5,ECMWF,36.0,100.0,3,64.0
2026-08-23 00:00:00,서울,5,GFS,97.0,100.0,21,3.0
2026-08-23 00:00:00,서울,5,KIM,100.0,100.0,27,0.0
2026-08-23 00:00:00,대전,5,나우캐스트,43.6036376953125,30.0,5,13.6036376953125
2026-08-23 00:00:00,대전,5,ECMWF,20.0,30.0,3,10.0
2026-08-23 00:00:00,대전,5,GFS,100.0,30.0,21,70.0
2026-08-23 00:00:00,대전,5,KIM,100.0,30.0,27,70.0
2026-08-23 00:00:00,대구,5,나우캐스트,68.07828521728516,0.0,5,68.07828521728516
2026-08-23 00:00:00,대구,5,ECMWF,34.0,0.0,3,34.0
2026-08-23 00:00:00,대구,5,GFS,100.0,0.0,21,100.0
2026-08-23 00:00:00,대구,5,KIM,100.0,0.0,27,100.0
2026-08-23 00:00:00,광주,5,나우캐스트,38.2979621887207,0.0,5,38.2979621887207
2026-08-23 00:00:00,광주,5,ECMWF,0.0,0.0,3,0.0
2026-08-23 00:00:00,광주,5,GFS,100.0,0.0,21,100.0
2026-08-23 00:00:00,광주,5,KIM,100.0,0.0,27,100.0
2026-08-23 00:00:00,부산,5,나우캐스트,23.059764862060547,20.0,5,3.059764862060547
2026-08-23 00:00:00,부산,5,ECMWF,0.0,20.0,3,20.0
2026-08-23 00:00:00,부산,5,GFS,2.0,20.0,21,18.0
2026-08-23 00:00:00,부산,5,KIM,100.0,20.0,27,80.0
2026-08-23 00:00:00,인천,5,나우캐스트,84.27902221679688,90.0,5,5.720977783203125
2026-08-23 00:00:00,인천,5,ECMWF,47.0,90.0,3,43.0
2026-08-23 00:00:00,인천,5,GFS,74.0,90.0,21,16.0
2026-08-23 00:00:00,인천,5,KIM,100.0,90.0,27,10.0
2026-08-23 00:00:00,수원,5,나우캐스트,83.0118179321289,70.0,5,13.011817932128906
2026-08-23 00:00:00,수원,5,ECMWF,43.0,70.0,3,27.0
2026-08-23 00:00:00,수원,5,GFS,80.0,70.0,21,10.0
2026-08-23 00:00:00,수원,5,KIM,100.0,70.0,27,30.0
2026-08-23 00:00:00,전주,5,나우캐스트,66.11058044433594,30.0,5,36.11058044433594
2026-08-23 00:00:00,전주,5,ECMWF,5.0,30.0,3,25.0
2026-08-23 00:00:00,전주,5,GFS,100.0,30.0,21,70.0
2026-08-23 00:00:00,전주,5,KIM,100.0,30.0,27,70.0
2026-08-23 00:00:00,강릉,5,나우캐스트,91.69859313964844,70.0,5,21.69859313964844
2026-08-23 00:00:00,강릉,5,ECMWF,20.0,70.0,3,50.0
2026-08-23 00:00:00,강릉,5,GFS,7.0,70.0,21,63.0
2026-08-23 00:00:00,강릉,5,KIM,100.0,70.0,27,30.0
2026-08-23 00:00:00,제주,5,나우캐스트,5.195742130279541,0.0,5,5.195742130279541
2026-08-23 00:00:00,제주,5,ECMWF,13.0,0.0,3,13.0
2026-08-23 00:00:00,제주,5,GFS,100.0,0.0,21,100.0
2026-08-23 00:00:00,제주,5,KIM,100.0,0.0,27,100.0
2026-08-22 21:00:00,서울,1,나우캐스트,81.23551177978516,80.0,1,1.2355117797851562
2026-08-22 21:00:00,서울,1,ECMWF,39.0,80.0,0,41.0
2026-08-22 21:00:00,서울,1,GFS,18.0,80.0,18,62.0
2026-08-22 21:00:00,서울,1,KIM,100.0,80.0,24,20.0
2026-08-22 21:00:00,대전,1,나우캐스트,62.12021255493164,90.0,1,27.87978744506836
2026-08-22 21:00:00,대전,1,ECMWF,97.0,90.0,0,7.0
2026-08-22 21:00:00,대전,1,GFS,98.0,90.0,18,8.0
2026-08-22 21:00:00,대전,1,KIM,91.0,90.0,24,1.0
2026-08-22 21:00:00,대구,1,나우캐스트,82.98957824707031,90.0,1,7.010421752929688
2026-08-22 21:00:00,대구,1,ECMWF,80.0,90.0,0,10.0
2026-08-22 21:00:00,대구,1,GFS,100.0,90.0,18,10.0
2026-08-22 21:00:00,대구,1,KIM,100.0,90.0,24,10.0
2026-08-22 21:00:00,광주,1,나우캐스트,0.7075291872024536,0.0,1,0.7075291872024536
2026-08-22 21:00:00,광주,1,ECMWF,2.0,0.0,0,2.0
2026-08-22 21:00:00,광주,1,GFS,7.0,0.0,18,7.0
2026-08-22 21:00:00,광주,1,KIM,97.0,0.0,24,97.0
2026-08-22 21:00:00,부산,1,나우캐스트,1.0199989080429075,0.0,1,1.0199989080429075
2026-08-22 21:00:00,부산,1,ECMWF,1.0,0.0,0,1.0
2026-08-22 21:00:00,부산,1,GFS,13.0,0.0,18,13.0
2026-08-22 21:00:00,부산,1,KIM,100.0,0.0,24,100.0
2026-08-22 21:00:00,인천,1,나우캐스트,60.511966705322266,70.0,1,9.488033294677734
2026-08-22 21:00:00,인천,1,ECMWF,29.0,70.0,0,41.0
2026-08-22 21:00:00,인천,1,GFS,52.0,70.0,18,18.0
2026-08-22 21:00:00,인천,1,KIM,98.0,70.0,24,28.0
2026-08-22 21:00:00,수원,1,나우캐스트,66.54610443115234,70.0,1,3.453895568847656
2026-08-22 21:00:00,수원,1,ECMWF,64.0,70.0,0,6.0
2026-08-22 21:00:00,수원,1,GFS,21.0,70.0,18,49.0
2026-08-22 21:00:00,수원,1,KIM,100.0,70.0,24,30.0
2026-08-22 21:00:00,전주,1,나우캐스트,43.02926635742188,60.0,1,16.970733642578125
2026-08-22 21:00:00,전주,1,ECMWF,2.0,60.0,0,58.0
2026-08-22 21:00:00,전주,1,GFS,8.0,60.0,18,52.0
2026-08-22 21:00:00,전주,1,KIM,100.0,60.0,24,40.0
2026-08-22 21:00:00,강릉,1,나우캐스트,82.06410217285156,100.0,1,17.935897827148438
2026-08-22 21:00:00,강릉,1,ECMWF,100.0,100.0,0,0.0
2026-08-22 21:00:00,강릉,1,GFS,21.0,100.0,18,79.0
2026-08-22 21:00:00,강릉,1,KIM,96.0,100.0,24,4.0
2026-08-22 21:00:00,제주,1,나우캐스트,0.5285061001777649,0.0,1,0.5285061001777649
2026-08-22 21:00:00,제주,1,ECMWF,16.0,0.0,0,16.0
2026-08-22 21:00:00,제주,1,GFS,100.0,0.0,18,100.0
2026-08-22 21:00:00,제주,1,KIM,100.0,0.0,24,100.0
2026-08-23 00:00:00,서울,4,나우캐스트,80.58958435058594,100.0,4,19.410415649414062
2026-08-23 00:00:00,서울,4,ECMWF,36.0,100.0,3,64.0
2026-08-23 00:00:00,서울,4,GFS,97.0,100.0,21,3.0
2026-08-23 00:00:00,서울,4,KIM,100.0,100.0,27,0.0
2026-08-23 00:00:00,대전,4,나우캐스트,16.550945281982422,30.0,4,13.449054718017578
2026-08-23 00:00:00,대전,4,ECMWF,20.0,30.0,3,10.0
2026-08-23 00:00:00,대전,4,GFS,100.0,30.0,21,70.0
2026-08-23 00:00:00,대전,4,KIM,100.0,30.0,27,70.0
2026-08-23 00:00:00,대구,4,나우캐스트,21.935775756835938,0.0,4,21.935775756835938
2026-08-23 00:00:00,대구,4,ECMWF,34.0,0.0,3,34.0
2026-08-23 00:00:00,대구,4,GFS,100.0,0.0,21,100.0
2026-08-23 00:00:00,대구,4,KIM,100.0,0.0,27,100.0
2026-08-23 00:00:00,광주,4,나우캐스트,4.521610260009766,0.0,4,4.521610260009766
2026-08-23 00:00:00,광주,4,ECMWF,0.0,0.0,3,0.0
2026-08-23 00:00:00,광주,4,GFS,100.0,0.0,21,100.0
2026-08-23 00:00:00,광주,4,KIM,100.0,0.0,27,100.0
2026-08-23 00:00:00,부산,4,나우캐스트,10.375675201416016,20.0,4,9.624324798583984
2026-08-23 00:00:00,부산,4,ECMWF,0.0,20.0,3,20.0
2026-08-23 00:00:00,부산,4,GFS,2.0,20.0,21,18.0
2026-08-23 00:00:00,부산,4,KIM,100.0,20.0,27,80.0
2026-08-23 00:00:00,인천,4,나우캐스트,71.34307098388672,90.0,4,18.65692901611328
2026-08-23 00:00:00,인천,4,ECMWF,47.0,90.0,3,43.0
2026-08-23 00:00:00,인천,4,GFS,74.0,90.0,21,16.0
2026-08-23 00:00:00,인천,4,KIM,100.0,90.0,27,10.0
2026-08-23 00:00:00,수원,4,나우캐스트,59.21150207519531,70.0,4,10.788497924804688
2026-08-23 00:00:00,수원,4,ECMWF,43.0,70.0,3,27.0
2026-08-23 00:00:00,수원,4,GFS,80.0,70.0,21,10.0
2026-08-23 00:00:00,수원,4,KIM,100.0,70.0,27,30.0
2026-08-23 00:00:00,전주,4,나우캐스트,8.864047050476074,30.0,4,21.13595294952393
2026-08-23 00:00:00,전주,4,ECMWF,5.0,30.0,3,25.0
2026-08-23 00:00:00,전주,4,GFS,100.0,30.0,21,70.0
2026-08-23 00:00:00,전주,4,KIM,100.0,30.0,27,70.0
2026-08-23 00:00:00,강릉,4,나우캐스트,84.09600830078125,70.0,4,14.09600830078125
2026-08-23 00:00:00,강릉,4,ECMWF,20.0,70.0,3,50.0
2026-08-23 00:00:00,강릉,4,GFS,7.0,70.0,21,63.0
2026-08-23 00:00:00,강릉,4,KIM,100.0,70.0,27,30.0
2026-08-23 00:00:00,제주,4,나우캐스트,1.4475500583648682,0.0,4,1.4475500583648682
2026-08-23 00:00:00,제주,4,ECMWF,13.0,0.0,3,13.0
2026-08-23 00:00:00,제주,4,GFS,100.0,0.0,21,100.0
2026-08-23 00:00:00,제주,4,KIM,100.0,0.0,27,100.0
2026-08-23 00:00:00,서울,3,나우캐스트,61.79391860961914,100.0,3,38.20608139038086
2026-08-23 00:00:00,서울,3,ECMWF,36.0,100.0,3,64.0
2026-08-23 00:00:00,서울,3,GFS,97.0,100.0,21,3.0
2026-08-23 00:00:00,서울,3,KIM,100.0,100.0,27,0.0
2026-08-23 00:00:00,대전,3,나우캐스트,13.844815254211426,30.0,3,16.155184745788574
2026-08-23 00:00:00,대전,3,ECMWF,20.0,30.0,3,10.0
2026-08-23 00:00:00,대전,3,GFS,100.0,30.0,21,70.0
2026-08-23 00:00:00,대전,3,KIM,100.0,30.0,27,70.0
2026-08-23 00:00:00,대구,3,나우캐스트,21.380619049072266,0.0,3,21.380619049072266
2026-08-23 00:00:00,대구,3,ECMWF,34.0,0.0,3,34.0
2026-08-23 00:00:00,대구,3,GFS,100.0,0.0,21,100.0
2026-08-23 00:00:00,대구,3,KIM,100.0,0.0,27,100.0
2026-08-23 00:00:00,광주,3,나우캐스트,2.8901281356811523,0.0,3,2.8901281356811523
2026-08-23 00:00:00,광주,3,ECMWF,0.0,0.0,3,0.0
2026-08-23 00:00:00,광주,3,GFS,100.0,0.0,21,100.0
2026-08-23 00:00:00,광주,3,KIM,100.0,0.0,27,100.0
2026-08-23 00:00:00,부산,3,나우캐스트,2.7713119983673096,20.0,3,17.22868800163269
2026-08-23 00:00:00,부산,3,ECMWF,0.0,20.0,3,20.0
2026-08-23 00:00:00,부산,3,GFS,2.0,20.0,21,18.0
2026-08-23 00:00:00,부산,3,KIM,100.0,20.0,27,80.0
2026-08-23 00:00:00,인천,3,나우캐스트,42.065185546875,90.0,3,47.934814453125
2026-08-23 00:00:00,인천,3,ECMWF,47.0,90.0,3,43.0
2026-08-23 00:00:00,인천,3,GFS,74.0,90.0,21,16.0
2026-08-23 00:00:00,인천,3,KIM,100.0,90.0,27,10.0
2026-08-23 00:00:00,수원,3,나우캐스트,56.37205123901367,70.0,3,13.627948760986328
2026-08-23 00:00:00,수원,3,ECMWF,43.0,70.0,3,27.0
2026-08-23 00:00:00,수원,3,GFS,80.0,70.0,21,10.0
2026-08-23 00:00:00,수원,3,KIM,100.0,70.0,27,30.0
2026-08-23 00:00:00,전주,3,나우캐스트,6.863478183746338,30.0,3,23.136521816253666
2026-08-23 00:00:00,전주,3,ECMWF,5.0,30.0,3,25.0
2026-08-23 00:00:00,전주,3,GFS,100.0,30.0,21,70.0
2026-08-23 00:00:00,전주,3,KIM,100.0,30.0,27,70.0
2026-08-23 00:00:00,강릉,3,나우캐스트,89.29318237304688,70.0,3,19.293182373046875
2026-08-23 00:00:00,강릉,3,ECMWF,20.0,70.0,3,50.0
2026-08-23 00:00:00,강릉,3,GFS,7.0,70.0,21,63.0
2026-08-23 00:00:00,강릉,3,KIM,100.0,70.0,27,30.0
2026-08-23 00:00:00,제주,3,나우캐스트,1.2746577262878418,0.0,3,1.2746577262878418
2026-08-23 00:00:00,제주,3,ECMWF,13.0,0.0,3,13.0
2026-08-23 00:00:00,제주,3,GFS,100.0,0.0,21,100.0
2026-08-23 00:00:00,제주,3,KIM,100.0,0.0,27,100.0
2026-08-23 03:00:00,서울,6,나우캐스트,55.43986892700195,80.0,6,24.560131072998047
2026-08-23 03:00:00,서울,6,ECMWF,9.0,80.0,6,71.0
2026-08-23 03:00:00,서울,6,GFS,4.0,80.0,0,76.0
2026-08-23 03:00:00,서울,6,KIM,100.0,80.0,0,20.0
2026-08-23 03:00:00,대전,6,나우캐스트,22.96785545349121,30.0,6,7.032144546508789
2026-08-23 03:00:00,대전,6,ECMWF,8.0,30.0,6,22.0
2026-08-23 03:00:00,대전,6,GFS,5.0,30.0,0,25.0
2026-08-23 03:00:00,대전,6,KIM,97.0,30.0,0,67.0
2026-08-23 03:00:00,대구,6,나우캐스트,22.292911529541016,0.0,6,22.292911529541016
2026-08-23 03:00:00,대구,6,ECMWF,25.0,0.0,6,25.0
2026-08-23 03:00:00,대구,6,GFS,20.0,0.0,0,20.0
2026-08-23 03:00:00,대구,6,KIM,97.0,0.0,0,97.0
2026-08-23 03:00:00,광주,6,나우캐스트,11.854488372802734,0.0,6,11.854488372802734
2026-08-23 03:00:00,광주,6,ECMWF,1.0,0.0,6,1.0
2026-08-23 03:00:00,광주,6,GFS,5.0,0.0,0,5.0
2026-08-23 03:00:00,광주,6,KIM,100.0,0.0,0,100.0
2026-08-23 03:00:00,부산,6,나우캐스트,7.300143241882324,20.0,6,12.699856758117676
2026-08-23 03:00:00,부산,6,ECMWF,7.0,20.0,6,13.0
2026-08-23 03:00:00,부산,6,GFS,3.0,20.0,0,17.0
2026-08-23 03:00:00,부산,6,KIM,96.0,20.0,0,76.0
2026-08-23 03:00:00,인천,6,나우캐스트,53.40635299682617,90.0,6,36.59364700317383
2026-08-23 03:00:00,인천,6,ECMWF,10.0,90.0,6,80.0
2026-08-23 03:00:00,인천,6,GFS,5.0,90.0,0,85.0
2026-08-23 03:00:00,인천,6,KIM,100.0,90.0,0,10.0
2026-08-23 03:00:00,수원,6,나우캐스트,46.70835876464844,80.0,6,33.29164123535156
2026-08-23 03:00:00,수원,6,ECMWF,3.0,80.0,6,77.0
2026-08-23 03:00:00,수원,6,GFS,4.0,80.0,0,76.0
2026-08-23 03:00:00,수원,6,KIM,100.0,80.0,0,20.0
2026-08-23 03:00:00,전주,6,나우캐스트,10.410992622375488,0.0,6,10.410992622375488
2026-08-23 03:00:00,전주,6,ECMWF,0.0,0.0,6,0.0
2026-08-23 03:00:00,전주,6,GFS,5.0,0.0,0,5.0
2026-08-23 03:00:00,전주,6,KIM,81.0,0.0,0,81.0
2026-08-23 03:00:00,강릉,6,나우캐스트,70.06541442871094,70.0,6,0.0654144287109375
2026-08-23 03:00:00,강릉,6,ECMWF,39.0,70.0,6,31.0
2026-08-23 03:00:00,강릉,6,GFS,20.0,70.0,0,50.0
2026-08-23 03:00:00,강릉,6,KIM,17.0,70.0,0,53.0
2026-08-23 03:00:00,제주,6,나우캐스트,5.5429887771606445,20.0,6,14.457011222839355
2026-08-23 03:00:00,제주,6,ECMWF,29.0,20.0,6,9.0
2026-08-23 03:00:00,제주,6,GFS,5.0,20.0,0,15.0
2026-08-23 03:00:00,제주,6,KIM,100.0,20.0,0,80.0
2026-08-23 00:00:00,서울,2,나우캐스트,79.75209045410156,100.0,2,20.24790954589844
2026-08-23 00:00:00,서울,2,ECMWF,36.0,100.0,3,64.0
2026-08-23 00:00:00,서울,2,GFS,97.0,100.0,21,3.0
2026-08-23 00:00:00,서울,2,KIM,100.0,100.0,27,0.0
2026-08-23 00:00:00,대전,2,나우캐스트,9.113515853881836,30.0,2,20.886484146118164
2026-08-23 00:00:00,대전,2,ECMWF,20.0,30.0,3,10.0
2026-08-23 00:00:00,대전,2,GFS,100.0,30.0,21,70.0
2026-08-23 00:00:00,대전,2,KIM,100.0,30.0,27,70.0
2026-08-23 00:00:00,대구,2,나우캐스트,62.602081298828125,0.0,2,62.602081298828125
2026-08-23 00:00:00,대구,2,ECMWF,34.0,0.0,3,34.0
2026-08-23 00:00:00,대구,2,GFS,100.0,0.0,21,100.0
2026-08-23 00:00:00,대구,2,KIM,100.0,0.0,27,100.0
2026-08-23 00:00:00,광주,2,나우캐스트,2.296070098876953,0.0,2,2.296070098876953
2026-08-23 00:00:00,광주,2,ECMWF,0.0,0.0,3,0.0
2026-08-23 00:00:00,광주,2,GFS,100.0,0.0,21,100.0
2026-08-23 00:00:00,광주,2,KIM,100.0,0.0,27,100.0
2026-08-23 00:00:00,부산,2,나우캐스트,2.180663108825684,20.0,2,17.819336891174316
2026-08-23 00:00:00,부산,2,ECMWF,0.0,20.0,3,20.0
2026-08-23 00:00:00,부산,2,GFS,2.0,20.0,21,18.0
2026-08-23 00:00:00,부산,2,KIM,100.0,20.0,27,80.0
2026-08-23 00:00:00,인천,2,나우캐스트,82.61788177490234,90.0,2,7.382118225097656
2026-08-23 00:00:00,인천,2,ECMWF,47.0,90.0,3,43.0
2026-08-23 00:00:00,인천,2,GFS,74.0,90.0,21,16.0
2026-08-23 00:00:00,인천,2,KIM,100.0,90.0,27,10.0
2026-08-23 00:00:00,수원,2,나우캐스트,76.01625061035156,70.0,2,6.0162506103515625
2026-08-23 00:00:00,수원,2,ECMWF,43.0,70.0,3,27.0
2026-08-23 00:00:00,수원,2,GFS,80.0,70.0,21,10.0
2026-08-23 00:00:00,수원,2,KIM,100.0,70.0,27,30.0
2026-08-23 00:00:00,전주,2,나우캐스트,3.5784709453582764,30.0,2,26.421529054641724
2026-08-23 00:00:00,전주,2,ECMWF,5.0,30.0,3,25.0
2026-08-23 00:00:00,전주,2,GFS,100.0,30.0,21,70.0
2026-08-23 00:00:00,전주,2,KIM,100.0,30.0,27,70.0
2026-08-23 00:00:00,강릉,2,나우캐스트,94.81999969482422,70.0,2,24.81999969482422
2026-08-23 00:00:00,강릉,2,ECMWF,20.0,70.0,3,50.0
2026-08-23 00:00:00,강릉,2,GFS,7.0,70.0,21,63.0
2026-08-23 00:00:00,강릉,2,KIM,100.0,70.0,27,30.0
2026-08-23 00:00:00,제주,2,나우캐스트,4.922461032867432,0.0,2,4.922461032867432
2026-08-23 00:00:00,제주,2,ECMWF,13.0,0.0,3,13.0
2026-08-23 00:00:00,제주,2,GFS,100.0,0.0,21,100.0
2026-08-23 00:00:00,제주,2,KIM,100.0,0.0,27,100.0
2026-08-23 03:00:00,서울,5,나우캐스트,63.772987365722656,80.0,5,16.227012634277344
2026-08-23 03:00:00,서울,5,ECMWF,9.0,80.0,6,71.0
2026-08-23 03:00:00,서울,5,GFS,4.0,80.0,0,76.0
2026-08-23 03:00:00,서울,5,KIM,100.0,80.0,0,20.0
2026-08-23 03:00:00,대전,5,나우캐스트,16.134624481201172,30.0,5,13.865375518798828
2026-08-23 03:00:00,대전,5,ECMWF,8.0,30.0,6,22.0
2026-08-23 03:00:00,대전,5,GFS,5.0,30.0,0,25.0
2026-08-23 03:00:00,대전,5,KIM,97.0,30.0,0,67.0
2026-08-23 03:00:00,대구,5,나우캐스트,52.918678283691406,0.0,5,52.918678283691406
2026-08-23 03:00:00,대구,5,ECMWF,25.0,0.0,6,25.0
2026-08-23 03:00:00,대구,5,GFS,20.0,0.0,0,20.0
2026-08-23 03:00:00,대구,5,KIM,97.0,0.0,0,97.0
2026-08-23 03:00:00,광주,5,나우캐스트,15.040349960327148,0.0,5,15.040349960327148
2026-08-23 03:00:00,광주,5,ECMWF,1.0,0.0,6,1.0
2026-08-23 03:00:00,광주,5,GFS,5.0,0.0,0,5.0
2026-08-23 03:00:00,광주,5,KIM,100.0,0.0,0,100.0
2026-08-23 03:00:00,부산,5,나우캐스트,9.99962329864502,20.0,5,10.00037670135498
2026-08-23 03:00:00,부산,5,ECMWF,7.0,20.0,6,13.0
2026-08-23 03:00:00,부산,5,GFS,3.0,20.0,0,17.0
2026-08-23 03:00:00,부산,5,KIM,96.0,20.0,0,76.0
2026-08-23 03:00:00,인천,5,나우캐스트,57.58231735229492,90.0,5,32.41768264770508
2026-08-23 03:00:00,인천,5,ECMWF,10.0,90.0,6,80.0
2026-08-23 03:00:00,인천,5,GFS,5.0,90.0,0,85.0
2026-08-23 03:00:00,인천,5,KIM,100.0,90.0,0,10.0
2026-08-23 03:00:00,수원,5,나우캐스트,58.79646301269531,80.0,5,21.203536987304688
2026-08-23 03:00:00,수원,5,ECMWF,3.0,80.0,6,77.0
2026-08-23 03:00:00,수원,5,GFS,4.0,80.0,0,76.0
2026-08-23 03:00:00,수원,5,KIM,100.0,80.0,0,20.0
2026-08-23 03:00:00,전주,5,나우캐스트,10.588448524475098,0.0,5,10.588448524475098
2026-08-23 03:00:00,전주,5,ECMWF,0.0,0.0,6,0.0
2026-08-23 03:00:00,전주,5,GFS,5.0,0.0,0,5.0
2026-08-23 03:00:00,전주,5,KIM,81.0,0.0,0,81.0
2026-08-23 03:00:00,강릉,5,나우캐스트,81.11982727050781,70.0,5,11.119827270507812
2026-08-23 03:00:00,강릉,5,ECMWF,39.0,70.0,6,31.0
2026-08-23 03:00:00,강릉,5,GFS,20.0,70.0,0,50.0
2026-08-23 03:00:00,강릉,5,KIM,17.0,70.0,0,53.0
2026-08-23 03:00:00,제주,5,나우캐스트,9.750494003295898,20.0,5,10.249505996704102
2026-08-23 03:00:00,제주,5,ECMWF,29.0,20.0,6,9.0
2026-08-23 03:00:00,제주,5,GFS,5.0,20.0,0,15.0
2026-08-23 03:00:00,제주,5,KIM,100.0,20.0,0,80.0
2026-08-23 00:00:00,서울,1,나우캐스트,97.6448211669922,100.0,1,2.3551788330078125
2026-08-23 00:00:00,서울,1,ECMWF,36.0,100.0,3,64.0
2026-08-23 00:00:00,서울,1,GFS,97.0,100.0,21,3.0
2026-08-23 00:00:00,서울,1,KIM,100.0,100.0,27,0.0
2026-08-23 00:00:00,대전,1,나우캐스트,4.083993911743164,30.0,1,25.91600608825684
2026-08-23 00:00:00,대전,1,ECMWF,20.0,30.0,3,10.0
2026-08-23 00:00:00,대전,1,GFS,100.0,30.0,21,70.0
2026-08-23 00:00:00,대전,1,KIM,100.0,30.0,27,70.0
2026-08-23 00:00:00,대구,1,나우캐스트,57.43750762939453,0.0,1,57.43750762939453
2026-08-23 00:00:00,대구,1,ECMWF,34.0,0.0,3,34.0
2026-08-23 00:00:00,대구,1,GFS,100.0,0.0,21,100.0
2026-08-23 00:00:00,대구,1,KIM,100.0,0.0,27,100.0
2026-08-23 00:00:00,광주,1,나우캐스트,0.5644128322601318,0.0,1,0.5644128322601318
2026-08-23 00:00:00,광주,1,ECMWF,0.0,0.0,3,0.0
2026-08-23 00:00:00,광주,1,GFS,100.0,0.0,21,100.0
2026-08-23 00:00:00,광주,1,KIM,100.0,0.0,27,100.0
2026-08-23 00:00:00,부산,1,나우캐스트,0.2646106779575348,20.0,1,19.735389322042465
2026-08-23 00:00:00,부산,1,ECMWF,0.0,20.0,3,20.0
2026-08-23 00:00:00,부산,1,GFS,2.0,20.0,21,18.0
2026-08-23 00:00:00,부산,1,KIM,100.0,20.0,27,80.0
2026-08-23 00:00:00,인천,1,나우캐스트,98.09471130371094,90.0,1,8.094711303710938
2026-08-23 00:00:00,인천,1,ECMWF,47.0,90.0,3,43.0
2026-08-23 00:00:00,인천,1,GFS,74.0,90.0,21,16.0
2026-08-23 00:00:00,인천,1,KIM,100.0,90.0,27,10.0
2026-08-23 00:00:00,수원,1,나우캐스트,92.61427307128906,70.0,1,22.614273071289062
2026-08-23 00:00:00,수원,1,ECMWF,43.0,70.0,3,27.0
2026-08-23 00:00:00,수원,1,GFS,80.0,70.0,21,10.0
2026-08-23 00:00:00,수원,1,KIM,100.0,70.0,27,30.0
2026-08-23 00:00:00,전주,1,나우캐스트,1.811797380447388,30.0,1,28.18820261955261
2026-08-23 00:00:00,전주,1,ECMWF,5.0,30.0,3,25.0
2026-08-23 00:00:00,전주,1,GFS,100.0,30.0,21,70.0
2026-08-23 00:00:00,전주,1,KIM,100.0,30.0,27,70.0
2026-08-23 00:00:00,강릉,1,나우캐스트,58.79412078857422,70.0,1,11.20587921142578
2026-08-23 00:00:00,강릉,1,ECMWF,20.0,70.0,3,50.0
2026-08-23 00:00:00,강릉,1,GFS,7.0,70.0,21,63.0
2026-08-23 00:00:00,강릉,1,KIM,100.0,70.0,27,30.0
2026-08-23 00:00:00,제주,1,나우캐스트,9.06883716583252,0.0,1,9.06883716583252
2026-08-23 00:00:00,제주,1,ECMWF,13.0,0.0,3,13.0
2026-08-23 00:00:00,제주,1,GFS,100.0,0.0,21,100.0
2026-08-23 00:00:00,제주,1,KIM,100.0,0.0,27,100.0
2026-08-23 03:00:00,서울,4,나우캐스트,77.56258392333984,80.0,4,2.437416076660156
2026-08-23 03:00:00,서울,4,ECMWF,9.0,80.0,6,71.0
2026-08-23 03:00:00,서울,4,GFS,4.0,80.0,0,76.0
2026-08-23 03:00:00,서울,4,KIM,100.0,80.0,0,20.0
2026-08-23 03:00:00,대전,4,나우캐스트,5.570470809936523,30.0,4,24.42952919006348
2026-08-23 03:00:00,대전,4,ECMWF,8.0,30.0,6,22.0
2026-08-23 03:00:00,대전,4,GFS,5.0,30.0,0,25.0
2026-08-23 03:00:00,대전,4,KIM,97.0,30.0,0,67.0
2026-08-23 03:00:00,대구,4,나우캐스트,56.34478759765625,0.0,4,56.34478759765625
2026-08-23 03:00:00,대구,4,ECMWF,25.0,0.0,6,25.0
2026-08-23 03:00:00,대구,4,GFS,20.0,0.0,0,20.0
2026-08-23 03:00:00,대구,4,KIM,97.0,0.0,0,97.0
2026-08-23 03:00:00,광주,4,나우캐스트,15.483846664428713,0.0,4,15.483846664428713
2026-08-23 03:00:00,광주,4,ECMWF,1.0,0.0,6,1.0
2026-08-23 03:00:00,광주,4,GFS,5.0,0.0,0,5.0
2026-08-23 03:00:00,광주,4,KIM,100.0,0.0,0,100.0
2026-08-23 03:00:00,부산,4,나우캐스트,2.1494932174682617,20.0,4,17.85050678253174
2026-08-23 03:00:00,부산,4,ECMWF,7.0,20.0,6,13.0
2026-08-23 03:00:00,부산,4,GFS,3.0,20.0,0,17.0
2026-08-23 03:00:00,부산,4,KIM,96.0,20.0,0,76.0
2026-08-23 03:00:00,인천,4,나우캐스트,80.3355484008789,90.0,4,9.664451599121094
2026-08-23 03:00:00,인천,4,ECMWF,10.0,90.0,6,80.0
2026-08-23 03:00:00,인천,4,GFS,5.0,90.0,0,85.0
2026-08-23 03:00:00,인천,4,KIM,100.0,90.0,0,10.0
2026-08-23 03:00:00,수원,4,나우캐스트,57.30726623535156,80.0,4,22.69273376464844
2026-08-23 03:00:00,수원,4,ECMWF,3.0,80.0,6,77.0
2026-08-23 03:00:00,수원,4,GFS,4.0,80.0,0,76.0
2026-08-23 03:00:00,수원,4,KIM,100.0,80.0,0,20.0
2026-08-23 03:00:00,전주,4,나우캐스트,4.941111087799072,0.0,4,4.941111087799072
2026-08-23 03:00:00,전주,4,ECMWF,0.0,0.0,6,0.0
2026-08-23 03:00:00,전주,4,GFS,5.0,0.0,0,5.0
2026-08-23 03:00:00,전주,4,KIM,81.0,0.0,0,81.0
2026-08-23 03:00:00,강릉,4,나우캐스트,44.81203079223633,70.0,4,25.187969207763672
2026-08-23 03:00:00,강릉,4,ECMWF,39.0,70.0,6,31.0
2026-08-23 03:00:00,강릉,4,GFS,20.0,70.0,0,50.0
2026-08-23 03:00:00,강릉,4,KIM,17.0,70.0,0,53.0
2026-08-23 03:00:00,제주,4,나우캐스트,23.98906517028809,20.0,4,3.989065170288086
2026-08-23 03:00:00,제주,4,ECMWF,29.0,20.0,6,9.0
2026-08-23 03:00:00,제주,4,GFS,5.0,20.0,0,15.0
2026-08-23 03:00:00,제주,4,KIM,100.0,20.0,0,80.0
2026-08-23 03:00:00,서울,3,나우캐스트,80.59613037109375,80.0,3,0.59613037109375
2026-08-23 03:00:00,서울,3,ECMWF,9.0,80.0,6,71.0
2026-08-23 03:00:00,서울,3,GFS,4.0,80.0,0,76.0
2026-08-23 03:00:00,서울,3,KIM,100.0,80.0,0,20.0
2026-08-23 03:00:00,대전,3,나우캐스트,6.177321910858154,30.0,3,23.82267808914185
2026-08-23 03:00:00,대전,3,ECMWF,8.0,30.0,6,22.0
2026-08-23 03:00:00,대전,3,GFS,5.0,30.0,0,25.0
2026-08-23 03:00:00,대전,3,KIM,97.0,30.0,0,67.0
2026-08-23 03:00:00,대구,3,나우캐스트,42.2812614440918,0.0,3,42.2812614440918
2026-08-23 03:00:00,대구,3,ECMWF,25.0,0.0,6,25.0
2026-08-23 03:00:00,대구,3,GFS,20.0,0.0,0,20.0
2026-08-23 03:00:00,대구,3,KIM,97.0,0.0,0,97.0
2026-08-23 03:00:00,광주,3,나우캐스트,3.2214832305908203,0.0,3,3.2214832305908203
2026-08-23 03:00:00,광주,3,ECMWF,1.0,0.0,6,1.0
2026-08-23 03:00:00,광주,3,GFS,5.0,0.0,0,5.0
2026-08-23 03:00:00,광주,3,KIM,100.0,0.0,0,100.0
2026-08-23 03:00:00,부산,3,나우캐스트,5.718954086303711,20.0,3,14.281045913696287
2026-08-23 03:00:00,부산,3,ECMWF,7.0,20.0,6,13.0
2026-08-23 03:00:00,부산,3,GFS,3.0,20.0,0,17.0
2026-08-23 03:00:00,부산,3,KIM,96.0,20.0,0,76.0
2026-08-23 03:00:00,인천,3,나우캐스트,73.08094787597656,90.0,3,16.919052124023438
2026-08-23 03:00:00,인천,3,ECMWF,10.0,90.0,6,80.0
2026-08-23 03:00:00,인천,3,GFS,5.0,90.0,0,85.0
2026-08-23 03:00:00,인천,3,KIM,100.0,90.0,0,10.0
2026-08-23 03:00:00,수원,3,나우캐스트,47.84529113769531,80.0,3,32.15470886230469
2026-08-23 03:00:00,수원,3,ECMWF,3.0,80.0,6,77.0
2026-08-23 03:00:00,수원,3,GFS,4.0,80.0,0,76.0
2026-08-23 03:00:00,수원,3,KIM,100.0,80.0,0,20.0
2026-08-23 03:00:00,전주,3,나우캐스트,2.8547556400299072,0.0,3,2.8547556400299072
2026-08-23 03:00:00,전주,3,ECMWF,0.0,0.0,6,0.0
2026-08-23 03:00:00,전주,3,GFS,5.0,0.0,0,5.0
2026-08-23 03:00:00,전주,3,KIM,81.0,0.0,0,81.0
2026-08-23 03:00:00,강릉,3,나우캐스트,34.33876037597656,70.0,3,35.66123962402344
2026-08-23 03:00:00,강릉,3,ECMWF,39.0,70.0,6,31.0
2026-08-23 03:00:00,강릉,3,GFS,20.0,70.0,0,50.0
2026-08-23 03:00:00,강릉,3,KIM,17.0,70.0,0,53.0
2026-08-23 03:00:00,제주,3,나우캐스트,4.133505821228027,20.0,3,15.866494178771973
2026-08-23 03:00:00,제주,3,ECMWF,29.0,20.0,6,9.0
2026-08-23 03:00:00,제주,3,GFS,5.0,20.0,0,15.0
2026-08-23 03:00:00,제주,3,KIM,100.0,20.0,0,80.0
2026-08-23 06:00:00,서울,6,나우캐스트,76.34979248046875,30.0,6,46.34979248046875
2026-08-23 06:00:00,서울,6,ECMWF,55.0,30.0,9,25.0
2026-08-23 06:00:00,서울,6,GFS,5.0,30.0,3,25.0
2026-08-23 06:00:00,서울,6,KIM,100.0,30.0,3,70.0
2026-08-23 06:00:00,대전,6,나우캐스트,15.224929809570312,50.0,6,34.77507019042969
2026-08-23 06:00:00,대전,6,ECMWF,37.0,50.0,9,13.0
2026-08-23 06:00:00,대전,6,GFS,9.0,50.0,3,41.0
2026-08-23 06:00:00,대전,6,KIM,97.0,50.0,3,47.0
2026-08-23 06:00:00,대구,6,나우캐스트,35.11616897583008,0.0,6,35.11616897583008
2026-08-23 06:00:00,대구,6,ECMWF,95.0,0.0,9,95.0
2026-08-23 06:00:00,대구,6,GFS,2.0,0.0,3,2.0
2026-08-23 06:00:00,대구,6,KIM,81.0,0.0,3,81.0
2026-08-23 06:00:00,광주,6,나우캐스트,13.996692657470703,0.0,6,13.996692657470703
2026-08-23 06:00:00,광주,6,ECMWF,0.0,0.0,9,0.0
2026-08-23 06:00:00,광주,6,GFS,13.0,0.0,3,13.0
2026-08-23 06:00:00,광주,6,KIM,100.0,0.0,3,100.0
2026-08-23 06:00:00,부산,6,나우캐스트,13.90929126739502,10.0,6,3.90929126739502
2026-08-23 06:00:00,부산,6,ECMWF,35.0,10.0,9,25.0
2026-08-23 06:00:00,부산,6,GFS,4.0,10.0,3,6.0
2026-08-23 06:00:00,부산,6,KIM,76.0,10.0,3,66.0
2026-08-23 06:00:00,인천,6,나우캐스트,81.14854431152344,50.0,6,31.14854431152344
2026-08-23 06:00:00,인천,6,ECMWF,71.0,50.0,9,21.0
2026-08-23 06:00:00,인천,6,GFS,5.0,50.0,3,45.0
2026-08-23 06:00:00,인천,6,KIM,100.0,50.0,3,50.0
2026-08-23 06:00:00,수원,6,나우캐스트,53.14079284667969,0.0,6,53.14079284667969
2026-08-23 06:00:00,수원,6,ECMWF,24.0,0.0,9,24.0
2026-08-23 06:00:00,수원,6,GFS,5.0,0.0,3,5.0
2026-08-23 06:00:00,수원,6,KIM,99.0,0.0,3,99.0
2026-08-23 06:00:00,전주,6,나우캐스트,15.26319980621338,0.0,6,15.26319980621338
2026-08-23 06:00:00,전주,6,ECMWF,1.0,0.0,9,1.0
2026-08-23 06:00:00,전주,6,GFS,5.0,0.0,3,5.0
2026-08-23 06:00:00,전주,6,KIM,94.0,0.0,3,94.0
2026-08-23 06:00:00,강릉,6,나우캐스트,68.50238037109375,60.0,6,8.50238037109375
2026-08-23 06:00:00,강릉,6,ECMWF,27.0,60.0,9,33.0
2026-08-23 06:00:00,강릉,6,GFS,7.0,60.0,3,53.0
2026-08-23 06:00:00,강릉,6,KIM,100.0,60.0,3,40.0
2026-08-23 06:00:00,제주,6,나우캐스트,9.021543502807615,20.0,6,10.978456497192385
2026-08-23 06:00:00,제주,6,ECMWF,79.0,20.0,9,59.0
2026-08-23 06:00:00,제주,6,GFS,12.0,20.0,3,8.0
2026-08-23 06:00:00,제주,6,KIM,98.0,20.0,3,78.0
2026-08-23 03:00:00,서울,2,나우캐스트,62.1490592956543,80.0,2,17.850940704345703
2026-08-23 03:00:00,서울,2,ECMWF,9.0,80.0,6,71.0
2026-08-23 03:00:00,서울,2,GFS,4.0,80.0,0,76.0
2026-08-23 03:00:00,서울,2,KIM,100.0,80.0,0,20.0
2026-08-23 03:00:00,대전,2,나우캐스트,26.732385635375977,30.0,2,3.2676143646240234
2026-08-23 03:00:00,대전,2,ECMWF,8.0,30.0,6,22.0
2026-08-23 03:00:00,대전,2,GFS,5.0,30.0,0,25.0
2026-08-23 03:00:00,대전,2,KIM,97.0,30.0,0,67.0
2026-08-23 03:00:00,대구,2,나우캐스트,56.44615173339844,0.0,2,56.44615173339844
2026-08-23 03:00:00,대구,2,ECMWF,25.0,0.0,6,25.0
2026-08-23 03:00:00,대구,2,GFS,20.0,0.0,0,20.0
2026-08-23 03:00:00,대구,2,KIM,97.0,0.0,0,97.0
2026-08-23 03:00:00,광주,2,나우캐스트,13.331792831420898,0.0,2,13.331792831420898
2026-08-23 03:00:00,광주,2,ECMWF,1.0,0.0,6,1.0
2026-08-23 03:00:00,광주,2,GFS,5.0,0.0,0,5.0
2026-08-23 03:00:00,광주,2,KIM,100.0,0.0,0,100.0
2026-08-23 03:00:00,부산,2,나우캐스트,2.906064748764038,20.0,2,17.093935251235962
2026-08-23 03:00:00,부산,2,ECMWF,7.0,20.0,6,13.0
2026-08-23 03:00:00,부산,2,GFS,3.0,20.0,0,17.0
2026-08-23 03:00:00,부산,2,KIM,96.0,20.0,0,76.0
2026-08-23 03:00:00,인천,2,나우캐스트,66.83338928222656,90.0,2,23.16661071777344
2026-08-23 03:00:00,인천,2,ECMWF,10.0,90.0,6,80.0
2026-08-23 03:00:00,인천,2,GFS,5.0,90.0,0,85.0
2026-08-23 03:00:00,인천,2,KIM,100.0,90.0,0,10.0
2026-08-23 03:00:00,수원,2,나우캐스트,63.02640914916992,80.0,2,16.973590850830078
2026-08-23 03:00:00,수원,2,ECMWF,3.0,80.0,6,77.0
2026-08-23 03:00:00,수원,2,GFS,4.0,80.0,0,76.0
2026-08-23 03:00:00,수원,2,KIM,100.0,80.0,0,20.0
2026-08-23 03:00:00,전주,2,나우캐스트,12.091438293457031,0.0,2,12.091438293457031
2026-08-23 03:00:00,전주,2,ECMWF,0.0,0.0,6,0.0
2026-08-23 03:00:00,전주,2,GFS,5.0,0.0,0,5.0
2026-08-23 03:00:00,전주,2,KIM,81.0,0.0,0,81.0
2026-08-23 03:00:00,강릉,2,나우캐스트,76.94248962402344,70.0,2,6.9424896240234375
2026-08-23 03:00:00,강릉,2,ECMWF,39.0,70.0,6,31.0
2026-08-23 03:00:00,강릉,2,GFS,20.0,70.0,0,50.0
2026-08-23 03:00:00,강릉,2,KIM,17.0,70.0,0,53.0
2026-08-23 03:00:00,제주,2,나우캐스트,56.84064483642578,20.0,2,36.84064483642578
2026-08-23 03:00:00,제주,2,ECMWF,29.0,20.0,6,9.0
2026-08-23 03:00:00,제주,2,GFS,5.0,20.0,0,15.0
2026-08-23 03:00:00,제주,2,KIM,100.0,20.0,0,80.0
2026-08-23 06:00:00,서울,5,나우캐스트,52.73175048828125,30.0,5,22.73175048828125
2026-08-23 06:00:00,서울,5,ECMWF,55.0,30.0,9,25.0
2026-08-23 06:00:00,서울,5,GFS,5.0,30.0,3,25.0
2026-08-23 06:00:00,서울,5,KIM,100.0,30.0,3,70.0
2026-08-23 06:00:00,대전,5,나우캐스트,47.50654983520508,50.0,5,2.493450164794922
2026-08-23 06:00:00,대전,5,ECMWF,37.0,50.0,9,13.0
2026-08-23 06:00:00,대전,5,GFS,9.0,50.0,3,41.0
2026-08-23 06:00:00,대전,5,KIM,97.0,50.0,3,47.0
2026-08-23 06:00:00,대구,5,나우캐스트,51.84461975097656,0.0,5,51.84461975097656
2026-08-23 06:00:00,대구,5,ECMWF,95.0,0.0,9,95.0
2026-08-23 06:00:00,대구,5,GFS,2.0,0.0,3,2.0
2026-08-23 06:00:00,대구,5,KIM,81.0,0.0,3,81.0
2026-08-23 06:00:00,광주,5,나우캐스트,41.37536239624024,0.0,5,41.37536239624024
2026-08-23 06:00:00,광주,5,ECMWF,0.0,0.0,9,0.0
2026-08-23 06:00:00,광주,5,GFS,13.0,0.0,3,13.0
2026-08-23 06:00:00,광주,5,KIM,100.0,0.0,3,100.0
2026-08-23 06:00:00,부산,5,나우캐스트,17.982526779174805,10.0,5,7.982526779174805
2026-08-23 06:00:00,부산,5,ECMWF,35.0,10.0,9,25.0
2026-08-23 06:00:00,부산,5,GFS,4.0,10.0,3,6.0
2026-08-23 06:00:00,부산,5,KIM,76.0,10.0,3,66.0
2026-08-23 06:00:00,인천,5,나우캐스트,58.8660888671875,50.0,5,8.8660888671875
2026-08-23 06:00:00,인천,5,ECMWF,71.0,50.0,9,21.0
2026-08-23 06:00:00,인천,5,GFS,5.0,50.0,3,45.0
2026-08-23 06:00:00,인천,5,KIM,100.0,50.0,3,50.0
2026-08-23 06:00:00,수원,5,나우캐스트,29.7435302734375,0.0,5,29.7435302734375
2026-08-23 06:00:00,수원,5,ECMWF,24.0,0.0,9,24.0
2026-08-23 06:00:00,수원,5,GFS,5.0,0.0,3,5.0
2026-08-23 06:00:00,수원,5,KIM,99.0,0.0,3,99.0
2026-08-23 06:00:00,전주,5,나우캐스트,41.700958251953125,0.0,5,41.700958251953125
2026-08-23 06:00:00,전주,5,ECMWF,1.0,0.0,9,1.0
2026-08-23 06:00:00,전주,5,GFS,5.0,0.0,3,5.0
2026-08-23 06:00:00,전주,5,KIM,94.0,0.0,3,94.0
2026-08-23 06:00:00,강릉,5,나우캐스트,64.09278869628906,60.0,5,4.092788696289063
2026-08-23 06:00:00,강릉,5,ECMWF,27.0,60.0,9,33.0
2026-08-23 06:00:00,강릉,5,GFS,7.0,60.0,3,53.0
2026-08-23 06:00:00,강릉,5,KIM,100.0,60.0,3,40.0
2026-08-23 06:00:00,제주,5,나우캐스트,34.1695442199707,20.0,5,14.169544219970703
2026-08-23 06:00:00,제주,5,ECMWF,79.0,20.0,9,59.0
2026-08-23 06:00:00,제주,5,GFS,12.0,20.0,3,8.0
2026-08-23 06:00:00,제주,5,KIM,98.0,20.0,3,78.0
2026-08-23 03:00:00,서울,1,나우캐스트,33.04465866088867,80.0,1,46.95534133911133
2026-08-23 03:00:00,서울,1,ECMWF,9.0,80.0,6,71.0
2026-08-23 03:00:00,서울,1,GFS,4.0,80.0,0,76.0
2026-08-23 03:00:00,서울,1,KIM,100.0,80.0,0,20.0
2026-08-23 03:00:00,대전,1,나우캐스트,2.3217689990997314,30.0,1,27.67823100090027
2026-08-23 03:00:00,대전,1,ECMWF,8.0,30.0,6,22.0
2026-08-23 03:00:00,대전,1,GFS,5.0,30.0,0,25.0
2026-08-23 03:00:00,대전,1,KIM,97.0,30.0,0,67.0
2026-08-23 03:00:00,대구,1,나우캐스트,12.316652297973633,0.0,1,12.316652297973633
2026-08-23 03:00:00,대구,1,ECMWF,25.0,0.0,6,25.0
2026-08-23 03:00:00,대구,1,GFS,20.0,0.0,0,20.0
2026-08-23 03:00:00,대구,1,KIM,97.0,0.0,0,97.0
2026-08-23 03:00:00,광주,1,나우캐스트,4.296802997589111,0.0,1,4.296802997589111
2026-08-23 03:00:00,광주,1,ECMWF,1.0,0.0,6,1.0
2026-08-23 03:00:00,광주,1,GFS,5.0,0.0,0,5.0
2026-08-23 03:00:00,광주,1,KIM,100.0,0.0,0,100.0
2026-08-23 03:00:00,부산,1,나우캐스트,2.0662899017333984,20.0,1,17.9337100982666
2026-08-23 03:00:00,부산,1,ECMWF,7.0,20.0,6,13.0
2026-08-23 03:00:00,부산,1,GFS,3.0,20.0,0,17.0
2026-08-23 03:00:00,부산,1,KIM,96.0,20.0,0,76.0
2026-08-23 03:00:00,인천,1,나우캐스트,40.26895904541016,90.0,1,49.73104095458984
2026-08-23 03:00:00,인천,1,ECMWF,10.0,90.0,6,80.0
2026-08-23 03:00:00,인천,1,GFS,5.0,90.0,0,85.0
2026-08-23 03:00:00,인천,1,KIM,100.0,90.0,0,10.0
2026-08-23 03:00:00,수원,1,나우캐스트,76.04226684570312,80.0,1,3.957733154296875
2026-08-23 03:00:00,수원,1,ECMWF,3.0,80.0,6,77.0
2026-08-23 03:00:00,수원,1,GFS,4.0,80.0,0,76.0
2026-08-23 03:00:00,수원,1,KIM,100.0,80.0,0,20.0
2026-08-23 03:00:00,전주,1,나우캐스트,1.0805811882019043,0.0,1,1.0805811882019043
2026-08-23 03:00:00,전주,1,ECMWF,0.0,0.0,6,0.0
2026-08-23 03:00:00,전주,1,GFS,5.0,0.0,0,5.0
2026-08-23 03:00:00,전주,1,KIM,81.0,0.0,0,81.0
2026-08-23 03:00:00,강릉,1,나우캐스트,82.09196472167969,70.0,1,12.091964721679688
2026-08-23 03:00:00,강릉,1,ECMWF,39.0,70.0,6,31.0
2026-08-23 03:00:00,강릉,1,GFS,20.0,70.0,0,50.0
2026-08-23 03:00:00,강릉,1,KIM,17.0,70.0,0,53.0
2026-08-23 03:00:00,제주,1,나우캐스트,13.427793502807615,20.0,1,6.572206497192383
2026-08-23 03:00:00,제주,1,ECMWF,29.0,20.0,6,9.0
2026-08-23 03:00:00,제주,1,GFS,5.0,20.0,0,15.0
2026-08-23 03:00:00,제주,1,KIM,100.0,20.0,0,80.0
2026-08-23 06:00:00,서울,4,나우캐스트,43.738712310791016,30.0,4,13.738712310791016
2026-08-23 06:00:00,서울,4,ECMWF,55.0,30.0,9,25.0
2026-08-23 06:00:00,서울,4,GFS,5.0,30.0,3,25.0
2026-08-23 06:00:00,서울,4,KIM,100.0,30.0,3,70.0
2026-08-23 06:00:00,대전,4,나우캐스트,23.631031036376957,50.0,4,26.368968963623047
2026-08-23 06:00:00,대전,4,ECMWF,37.0,50.0,9,13.0
2026-08-23 06:00:00,대전,4,GFS,9.0,50.0,3,41.0
2026-08-23 06:00:00,대전,4,KIM,97.0,50.0,3,47.0
2026-08-23 06:00:00,대구,4,나우캐스트,20.855636596679688,0.0,4,20.855636596679688
2026-08-23 06:00:00,대구,4,ECMWF,95.0,0.0,9,95.0
2026-08-23 06:00:00,대구,4,GFS,2.0,0.0,3,2.0
2026-08-23 06:00:00,대구,4,KIM,81.0,0.0,3,81.0
2026-08-23 06:00:00,광주,4,나우캐스트,29.533641815185547,0.0,4,29.533641815185547
2026-08-23 06:00:00,광주,4,ECMWF,0.0,0.0,9,0.0
2026-08-23 06:00:00,광주,4,GFS,13.0,0.0,3,13.0
2026-08-23 06:00:00,광주,4,KIM,100.0,0.0,3,100.0
2026-08-23 06:00:00,부산,4,나우캐스트,5.849485397338867,10.0,4,4.150514602661133
2026-08-23 06:00:00,부산,4,ECMWF,35.0,10.0,9,25.0
2026-08-23 06:00:00,부산,4,GFS,4.0,10.0,3,6.0
2026-08-23 06:00:00,부산,4,KIM,76.0,10.0,3,66.0
2026-08-23 06:00:00,인천,4,나우캐스트,43.338714599609375,50.0,4,6.661285400390625
2026-08-23 06:00:00,인천,4,ECMWF,71.0,50.0,9,21.0
2026-08-23 06:00:00,인천,4,GFS,5.0,50.0,3,45.0
2026-08-23 06:00:00,인천,4,KIM,100.0,50.0,3,50.0
2026-08-23 06:00:00,수원,4,나우캐스트,39.66203689575195,0.0,4,39.66203689575195
2026-08-23 06:00:00,수원,4,ECMWF,24.0,0.0,9,24.0
2026-08-23 06:00:00,수원,4,GFS,5.0,0.0,3,5.0
2026-08-23 06:00:00,수원,4,KIM,99.0,0.0,3,99.0
2026-08-23 06:00:00,전주,4,나우캐스트,28.158206939697266,0.0,4,28.158206939697266
2026-08-23 06:00:00,전주,4,ECMWF,1.0,0.0,9,1.0
2026-08-23 06:00:00,전주,4,GFS,5.0,0.0,3,5.0
2026-08-23 06:00:00,전주,4,KIM,94.0,0.0,3,94.0
2026-08-23 06:00:00,강릉,4,나우캐스트,62.46830749511719,60.0,4,2.4683074951171875
2026-08-23 06:00:00,강릉,4,ECMWF,27.0,60.0,9,33.0
2026-08-23 06:00:00,강릉,4,GFS,7.0,60.0,3,53.0
2026-08-23 06:00:00,강릉,4,KIM,100.0,60.0,3,40.0
2026-08-23 06:00:00,제주,4,나우캐스트,13.309720993041992,20.0,4,6.690279006958008
2026-08-23 06:00:00,제주,4,ECMWF,79.0,20.0,9,59.0
2026-08-23 06:00:00,제주,4,GFS,12.0,20.0,3,8.0
2026-08-23 06:00:00,제주,4,KIM,98.0,20.0,3,78.0
2026-08-23 06:00:00,서울,3,나우캐스트,37.858924865722656,30.0,3,7.858924865722656
2026-08-23 06:00:00,서울,3,ECMWF,55.0,30.0,9,25.0
2026-08-23 06:00:00,서울,3,GFS,5.0,30.0,3,25.0
2026-08-23 06:00:00,서울,3,KIM,100.0,30.0,3,70.0
2026-08-23 06:00:00,대전,3,나우캐스트,26.2236442565918,50.0,3,23.776355743408203
2026-08-23 06:00:00,대전,3,ECMWF,37.0,50.0,9,13.0
2026-08-23 06:00:00,대전,3,GFS,9.0,50.0,3,41.0
2026-08-23 06:00:00,대전,3,KIM,97.0,50.0,3,47.0
2026-08-23 06:00:00,대구,3,나우캐스트,17.798707962036133,0.0,3,17.798707962036133
2026-08-23 06:00:00,대구,3,ECMWF,95.0,0.0,9,95.0
2026-08-23 06:00:00,대구,3,GFS,2.0,0.0,3,2.0
2026-08-23 06:00:00,대구,3,KIM,81.0,0.0,3,81.0
2026-08-23 06:00:00,광주,3,나우캐스트,43.37689971923828,0.0,3,43.37689971923828
2026-08-23 06:00:00,광주,3,ECMWF,0.0,0.0,9,0.0
2026-08-23 06:00:00,광주,3,GFS,13.0,0.0,3,13.0
2026-08-23 06:00:00,광주,3,KIM,100.0,0.0,3,100.0
2026-08-23 06:00:00,부산,3,나우캐스트,5.82147216796875,10.0,3,4.17852783203125
2026-08-23 06:00:00,부산,3,ECMWF,35.0,10.0,9,25.0
2026-08-23 06:00:00,부산,3,GFS,4.0,10.0,3,6.0
2026-08-23 06:00:00,부산,3,KIM,76.0,10.0,3,66.0
2026-08-23 06:00:00,인천,3,나우캐스트,37.53485870361328,50.0,3,12.46514129638672
2026-08-23 06:00:00,인천,3,ECMWF,71.0,50.0,9,21.0
2026-08-23 06:00:00,인천,3,GFS,5.0,50.0,3,45.0
2026-08-23 06:00:00,인천,3,KIM,100.0,50.0,3,50.0
2026-08-23 06:00:00,수원,3,나우캐스트,38.54647445678711,0.0,3,38.54647445678711
2026-08-23 06:00:00,수원,3,ECMWF,24.0,0.0,9,24.0
2026-08-23 06:00:00,수원,3,GFS,5.0,0.0,3,5.0
2026-08-23 06:00:00,수원,3,KIM,99.0,0.0,3,99.0
2026-08-23 06:00:00,전주,3,나우캐스트,22.80579376220703,0.0,3,22.80579376220703
2026-08-23 06:00:00,전주,3,ECMWF,1.0,0.0,9,1.0
2026-08-23 06:00:00,전주,3,GFS,5.0,0.0,3,5.0
2026-08-23 06:00:00,전주,3,KIM,94.0,0.0,3,94.0
2026-08-23 06:00:00,강릉,3,나우캐스트,39.31258392333984,60.0,3,20.68741607666016
2026-08-23 06:00:00,강릉,3,ECMWF,27.0,60.0,9,33.0
2026-08-23 06:00:00,강릉,3,GFS,7.0,60.0,3,53.0
2026-08-23 06:00:00,강릉,3,KIM,100.0,60.0,3,40.0
2026-08-23 06:00:00,제주,3,나우캐스트,28.07845687866211,20.0,3,8.07845687866211
2026-08-23 06:00:00,제주,3,ECMWF,79.0,20.0,9,59.0
2026-08-23 06:00:00,제주,3,GFS,12.0,20.0,3,8.0
2026-08-23 06:00:00,제주,3,KIM,98.0,20.0,3,78.0
2026-08-23 09:00:00,서울,6,나우캐스트,39.620338439941406,70.0,6,30.379661560058597
2026-08-23 09:00:00,서울,6,ECMWF,48.0,70.0,12,22.0
2026-08-23 09:00:00,서울,6,GFS,25.0,70.0,6,45.0
2026-08-23 09:00:00,서울,6,KIM,85.0,70.0,6,15.0
2026-08-23 09:00:00,대전,6,나우캐스트,52.393985748291016,50.0,6,2.393985748291016
2026-08-23 09:00:00,대전,6,ECMWF,48.0,50.0,12,2.0
2026-08-23 09:00:00,대전,6,GFS,100.0,50.0,6,50.0
2026-08-23 09:00:00,대전,6,KIM,98.0,50.0,6,48.0
2026-08-23 09:00:00,대구,6,나우캐스트,23.49657821655273,0.0,6,23.49657821655273
2026-08-23 09:00:00,대구,6,ECMWF,49.0,0.0,12,49.0
2026-08-23 09:00:00,대구,6,GFS,2.0,0.0,6,2.0
2026-08-23 09:00:00,대구,6,KIM,95.0,0.0,6,95.0
2026-08-23 09:00:00,광주,6,나우캐스트,65.47970581054688,50.0,6,15.479705810546877
2026-08-23 09:00:00,광주,6,ECMWF,45.0,50.0,12,5.0
2026-08-23 09:00:00,광주,6,GFS,37.0,50.0,6,13.0
2026-08-23 09:00:00,광주,6,KIM,68.0,50.0,6,18.0
2026-08-23 09:00:00,부산,6,나우캐스트,8.963056564331055,0.0,6,8.963056564331055
2026-08-23 09:00:00,부산,6,ECMWF,27.0,0.0,12,27.0
2026-08-23 09:00:00,부산,6,GFS,5.0,0.0,6,5.0
2026-08-23 09:00:00,부산,6,KIM,25.0,0.0,6,25.0
2026-08-23 09:00:00,인천,6,나우캐스트,46.4410514831543,50.0,6,3.558948516845703
2026-08-23 09:00:00,인천,6,ECMWF,47.0,50.0,12,3.0
2026-08-23 09:00:00,인천,6,GFS,11.0,50.0,6,39.0
2026-08-23 09:00:00,인천,6,KIM,85.0,50.0,6,35.0
2026-08-23 09:00:00,수원,6,나우캐스트,50.206912994384766,50.0,6,0.2069129943847656
2026-08-23 09:00:00,수원,6,ECMWF,30.0,50.0,12,20.0
2026-08-23 09:00:00,수원,6,GFS,5.0,50.0,6,45.0
2026-08-23 09:00:00,수원,6,KIM,81.0,50.0,6,31.0
2026-08-23 09:00:00,전주,6,나우캐스트,54.0620231628418,60.0,6,5.937976837158203
2026-08-23 09:00:00,전주,6,ECMWF,57.0,60.0,12,3.0
2026-08-23 09:00:00,전주,6,GFS,32.0,60.0,6,28.0
2026-08-23 09:00:00,전주,6,KIM,65.0,60.0,6,5.0
2026-08-23 09:00:00,강릉,6,나우캐스트,60.92681121826172,30.0,6,30.92681121826172
2026-08-23 09:00:00,강릉,6,ECMWF,5.0,30.0,12,25.0
2026-08-23 09:00:00,강릉,6,GFS,12.0,30.0,6,18.0
2026-08-23 09:00:00,강릉,6,KIM,54.0,30.0,6,24.0
2026-08-23 09:00:00,제주,6,나우캐스트,29.33756828308105,20.0,6,9.337568283081056
2026-08-23 09:00:00,제주,6,ECMWF,19.0,20.0,12,1.0
2026-08-23 09:00:00,제주,6,GFS,62.0,20.0,6,42.0
2026-08-23 09:00:00,제주,6,KIM,94.0,20.0,6,74.0
2026-08-23 06:00:00,서울,2,나우캐스트,36.30712127685547,30.0,2,6.307121276855469
2026-08-23 06:00:00,서울,2,ECMWF,55.0,30.0,9,25.0
2026-08-23 06:00:00,서울,2,GFS,5.0,30.0,3,25.0
2026-08-23 06:00:00,서울,2,KIM,100.0,30.0,3,70.0
2026-08-23 06:00:00,대전,2,나우캐스트,12.091943740844728,50.0,2,37.90805625915527
2026-08-23 06:00:00,대전,2,ECMWF,37.0,50.0,9,13.0
2026-08-23 06:00:00,대전,2,GFS,9.0,50.0,3,41.0
2026-08-23 06:00:00,대전,2,KIM,97.0,50.0,3,47.0
2026-08-23 06:00:00,대구,2,나우캐스트,10.044109344482422,0.0,2,10.044109344482422
2026-08-23 06:00:00,대구,2,ECMWF,95.0,0.0,9,95.0
2026-08-23 06:00:00,대구,2,GFS,2.0,0.0,3,2.0
2026-08-23 06:00:00,대구,2,KIM,81.0,0.0,3,81.0
2026-08-23 06:00:00,광주,2,나우캐스트,37.76518249511719,0.0,2,37.76518249511719
2026-08-23 06:00:00,광주,2,ECMWF,0.0,0.0,9,0.0
2026-08-23 06:00:00,광주,2,GFS,13.0,0.0,3,13.0
2026-08-23 06:00:00,광주,2,KIM,100.0,0.0,3,100.0
2026-08-23 06:00:00,부산,2,나우캐스트,1.5673260688781738,10.0,2,8.432673931121826
2026-08-23 06:00:00,부산,2,ECMWF,35.0,10.0,9,25.0
2026-08-23 06:00:00,부산,2,GFS,4.0,10.0,3,6.0
2026-08-23 06:00:00,부산,2,KIM,76.0,10.0,3,66.0
2026-08-23 06:00:00,인천,2,나우캐스트,32.63064956665039,50.0,2,17.36935043334961
2026-08-23 06:00:00,인천,2,ECMWF,71.0,50.0,9,21.0
2026-08-23 06:00:00,인천,2,GFS,5.0,50.0,3,45.0
2026-08-23 06:00:00,인천,2,KIM,100.0,50.0,3,50.0
2026-08-23 06:00:00,수원,2,나우캐스트,13.424722671508787,0.0,2,13.424722671508787
2026-08-23 06:00:00,수원,2,ECMWF,24.0,0.0,9,24.0
2026-08-23 06:00:00,수원,2,GFS,5.0,0.0,3,5.0
2026-08-23 06:00:00,수원,2,KIM,99.0,0.0,3,99.0
2026-08-23 06:00:00,전주,2,나우캐스트,12.226755142211914,0.0,2,12.226755142211914
2026-08-23 06:00:00,전주,2,ECMWF,1.0,0.0,9,1.0
2026-08-23 06:00:00,전주,2,GFS,5.0,0.0,3,5.0
2026-08-23 06:00:00,전주,2,KIM,94.0,0.0,3,94.0
2026-08-23 06:00:00,강릉,2,나우캐스트,38.34092712402344,60.0,2,21.65907287597656
2026-08-23 06:00:00,강릉,2,ECMWF,27.0,60.0,9,33.0
2026-08-23 06:00:00,강릉,2,GFS,7.0,60.0,3,53.0
2026-08-23 06:00:00,강릉,2,KIM,100.0,60.0,3,40.0
2026-08-23 06:00:00,제주,2,나우캐스트,29.21200942993164,20.0,2,9.21200942993164
2026-08-23 06:00:00,제주,2,ECMWF,79.0,20.0,9,59.0
2026-08-23 06:00:00,제주,2,GFS,12.0,20.0,3,8.0
2026-08-23 06:00:00,제주,2,KIM,98.0,20.0,3,78.0
2026-08-23 09:00:00,서울,5,나우캐스트,37.93258666992188,70.0,5,32.067413330078125
2026-08-23 09:00:00,서울,5,ECMWF,48.0,70.0,12,22.0
2026-08-23 09:00:00,서울,5,GFS,25.0,70.0,6,45.0
2026-08-23 09:00:00,서울,5,KIM,85.0,70.0,6,15.0
2026-08-23 09:00:00,대전,5,나우캐스트,35.34916687011719,50.0,5,14.650833129882812
2026-08-23 09:00:00,대전,5,ECMWF,48.0,50.0,12,2.0
2026-08-23 09:00:00,대전,5,GFS,100.0,50.0,6,50.0
2026-08-23 09:00:00,대전,5,KIM,98.0,50.0,6,48.0
2026-08-23 09:00:00,대구,5,나우캐스트,15.855262756347656,0.0,5,15.855262756347656
2026-08-23 09:00:00,대구,5,ECMWF,49.0,0.0,12,49.0
2026-08-23 09:00:00,대구,5,GFS,2.0,0.0,6,2.0
2026-08-23 09:00:00,대구,5,KIM,95.0,0.0,6,95.0
2026-08-23 09:00:00,광주,5,나우캐스트,54.36524963378906,50.0,5,4.365249633789063
2026-08-23 09:00:00,광주,5,ECMWF,45.0,50.0,12,5.0
2026-08-23 09:00:00,광주,5,GFS,37.0,50.0,6,13.0
2026-08-23 09:00:00,광주,5,KIM,68.0,50.0,6,18.0
2026-08-23 09:00:00,부산,5,나우캐스트,4.678406238555908,0.0,5,4.678406238555908
2026-08-23 09:00:00,부산,5,ECMWF,27.0,0.0,12,27.0
2026-08-23 09:00:00,부산,5,GFS,5.0,0.0,6,5.0
2026-08-23 09:00:00,부산,5,KIM,25.0,0.0,6,25.0
2026-08-23 09:00:00,인천,5,나우캐스트,35.967899322509766,50.0,5,14.032100677490234
2026-08-23 09:00:00,인천,5,ECMWF,47.0,50.0,12,3.0
2026-08-23 09:00:00,인천,5,GFS,11.0,50.0,6,39.0
2026-08-23 09:00:00,인천,5,KIM,85.0,50.0,6,35.0
2026-08-23 09:00:00,수원,5,나우캐스트,23.20526123046875,50.0,5,26.79473876953125
2026-08-23 09:00:00,수원,5,ECMWF,30.0,50.0,12,20.0
2026-08-23 09:00:00,수원,5,GFS,5.0,50.0,6,45.0
2026-08-23 09:00:00,수원,5,KIM,81.0,50.0,6,31.0
2026-08-23 09:00:00,전주,5,나우캐스트,47.9688835144043,60.0,5,12.031116485595703
2026-08-23 09:00:00,전주,5,ECMWF,57.0,60.0,12,3.0
2026-08-23 09:00:00,전주,5,GFS,32.0,60.0,6,28.0
2026-08-23 09:00:00,전주,5,KIM,65.0,60.0,6,5.0
2026-08-23 09:00:00,강릉,5,나우캐스트,55.10562515258789,30.0,5,25.10562515258789
2026-08-23 09:00:00,강릉,5,ECMWF,5.0,30.0,12,25.0
2026-08-23 09:00:00,강릉,5,GFS,12.0,30.0,6,18.0
2026-08-23 09:00:00,강릉,5,KIM,54.0,30.0,6,24.0
2026-08-23 09:00:00,제주,5,나우캐스트,43.30681228637695,20.0,5,23.306812286376957
2026-08-23 09:00:00,제주,5,ECMWF,19.0,20.0,12,1.0
2026-08-23 09:00:00,제주,5,GFS,62.0,20.0,6,42.0
2026-08-23 09:00:00,제주,5,KIM,94.0,20.0,6,74.0
2026-08-23 06:00:00,서울,1,나우캐스트,12.611599922180176,30.0,1,17.388400077819824
2026-08-23 06:00:00,서울,1,ECMWF,55.0,30.0,9,25.0
2026-08-23 06:00:00,서울,1,GFS,5.0,30.0,3,25.0
2026-08-23 06:00:00,서울,1,KIM,100.0,30.0,3,70.0
2026-08-23 06:00:00,대전,1,나우캐스트,5.174112796783447,50.0,1,44.82588720321655
2026-08-23 06:00:00,대전,1,ECMWF,37.0,50.0,9,13.0
2026-08-23 06:00:00,대전,1,GFS,9.0,50.0,3,41.0
2026-08-23 06:00:00,대전,1,KIM,97.0,50.0,3,47.0
2026-08-23 06:00:00,대구,1,나우캐스트,13.32795524597168,0.0,1,13.32795524597168
2026-08-23 06:00:00,대구,1,ECMWF,95.0,0.0,9,95.0
2026-08-23 06:00:00,대구,1,GFS,2.0,0.0,3,2.0
2026-08-23 06:00:00,대구,1,KIM,81.0,0.0,3,81.0
2026-08-23 06:00:00,광주,1,나우캐스트,20.685688018798828,0.0,1,20.685688018798828
2026-08-23 06:00:00,광주,1,ECMWF,0.0,0.0,9,0.0
2026-08-23 06:00:00,광주,1,GFS,13.0,0.0,3,13.0
2026-08-23 06:00:00,광주,1,KIM,100.0,0.0,3,100.0
2026-08-23 06:00:00,부산,1,나우캐스트,1.0601909160614014,10.0,1,8.939809083938599
2026-08-23 06:00:00,부산,1,ECMWF,35.0,10.0,9,25.0
2026-08-23 06:00:00,부산,1,GFS,4.0,10.0,3,6.0
2026-08-23 06:00:00,부산,1,KIM,76.0,10.0,3,66.0
2026-08-23 06:00:00,인천,1,나우캐스트,9.746660232543944,50.0,1,40.253339767456055
2026-08-23 06:00:00,인천,1,ECMWF,71.0,50.0,9,21.0
2026-08-23 06:00:00,인천,1,GFS,5.0,50.0,3,45.0
2026-08-23 06:00:00,인천,1,KIM,100.0,50.0,3,50.0
2026-08-23 06:00:00,수원,1,나우캐스트,2.861079454421997,0.0,1,2.861079454421997
2026-08-23 06:00:00,수원,1,ECMWF,24.0,0.0,9,24.0
2026-08-23 06:00:00,수원,1,GFS,5.0,0.0,3,5.0
2026-08-23 06:00:00,수원,1,KIM,99.0,0.0,3,99.0
2026-08-23 06:00:00,전주,1,나우캐스트,1.4438390731811523,0.0,1,1.4438390731811523
2026-08-23 06:00:00,전주,1,ECMWF,1.0,0.0,9,1.0
2026-08-23 06:00:00,전주,1,GFS,5.0,0.0,3,5.0
2026-08-23 06:00:00,전주,1,KIM,94.0,0.0,3,94.0
2026-08-23 06:00:00,강릉,1,나우캐스트,33.6931037902832,60.0,1,26.3068962097168
2026-08-23 06:00:00,강릉,1,ECMWF,27.0,60.0,9,33.0
2026-08-23 06:00:00,강릉,1,GFS,7.0,60.0,3,53.0
2026-08-23 06:00:00,강릉,1,KIM,100.0,60.0,3,40.0
2026-08-23 06:00:00,제주,1,나우캐스트,13.87994384765625,20.0,1,6.12005615234375
2026-08-23 06:00:00,제주,1,ECMWF,79.0,20.0,9,59.0
2026-08-23 06:00:00,제주,1,GFS,12.0,20.0,3,8.0
2026-08-23 06:00:00,제주,1,KIM,98.0,20.0,3,78.0
2026-08-23 09:00:00,서울,4,나우캐스트,17.99228858947754,70.0,4,52.00771141052246
2026-08-23 09:00:00,서울,4,ECMWF,48.0,70.0,12,22.0
2026-08-23 09:00:00,서울,4,GFS,25.0,70.0,6,45.0
2026-08-23 09:00:00,서울,4,KIM,85.0,70.0,6,15.0
2026-08-23 09:00:00,대전,4,나우캐스트,22.91006851196289,50.0,4,27.08993148803711
2026-08-23 09:00:00,대전,4,ECMWF,48.0,50.0,12,2.0
2026-08-23 09:00:00,대전,4,GFS,100.0,50.0,6,50.0
2026-08-23 09:00:00,대전,4,KIM,98.0,50.0,6,48.0
2026-08-23 09:00:00,대구,4,나우캐스트,12.218120574951172,0.0,4,12.218120574951172
2026-08-23 09:00:00,대구,4,ECMWF,49.0,0.0,12,49.0
2026-08-23 09:00:00,대구,4,GFS,2.0,0.0,6,2.0
2026-08-23 09:00:00,대구,4,KIM,95.0,0.0,6,95.0
2026-08-23 09:00:00,광주,4,나우캐스트,30.494388580322266,50.0,4,19.50561141967773
2026-08-23 09:00:00,광주,4,ECMWF,45.0,50.0,12,5.0
2026-08-23 09:00:00,광주,4,GFS,37.0,50.0,6,13.0
2026-08-23 09:00:00,광주,4,KIM,68.0,50.0,6,18.0
2026-08-23 09:00:00,부산,4,나우캐스트,11.703313827514648,0.0,4,11.703313827514648
2026-08-23 09:00:00,부산,4,ECMWF,27.0,0.0,12,27.0
2026-08-23 09:00:00,부산,4,GFS,5.0,0.0,6,5.0
2026-08-23 09:00:00,부산,4,KIM,25.0,0.0,6,25.0
2026-08-23 09:00:00,인천,4,나우캐스트,17.449018478393555,50.0,4,32.550981521606445
2026-08-23 09:00:00,인천,4,ECMWF,47.0,50.0,12,3.0
2026-08-23 09:00:00,인천,4,GFS,11.0,50.0,6,39.0
2026-08-23 09:00:00,인천,4,KIM,85.0,50.0,6,35.0
2026-08-23 09:00:00,수원,4,나우캐스트,13.992938041687012,50.0,4,36.00706195831299
2026-08-23 09:00:00,수원,4,ECMWF,30.0,50.0,12,20.0
2026-08-23 09:00:00,수원,4,GFS,5.0,50.0,6,45.0
2026-08-23 09:00:00,수원,4,KIM,81.0,50.0,6,31.0
2026-08-23 09:00:00,전주,4,나우캐스트,15.58141040802002,60.0,4,44.41858959197998
2026-08-23 09:00:00,전주,4,ECMWF,57.0,60.0,12,3.0
2026-08-23 09:00:00,전주,4,GFS,32.0,60.0,6,28.0
2026-08-23 09:00:00,전주,4,KIM,65.0,60.0,6,5.0
2026-08-23 09:00:00,강릉,4,나우캐스트,41.805023193359375,30.0,4,11.805023193359377
2026-08-23 09:00:00,강릉,4,ECMWF,5.0,30.0,12,25.0
2026-08-23 09:00:00,강릉,4,GFS,12.0,30.0,6,18.0
2026-08-23 09:00:00,강릉,4,KIM,54.0,30.0,6,24.0
2026-08-23 09:00:00,제주,4,나우캐스트,44.70423889160156,20.0,4,24.70423889160156
2026-08-23 09:00:00,제주,4,ECMWF,19.0,20.0,12,1.0
2026-08-23 09:00:00,제주,4,GFS,62.0,20.0,6,42.0
2026-08-23 09:00:00,제주,4,KIM,94.0,20.0,6,74.0
2026-08-23 09:00:00,서울,3,나우캐스트,24.577133178710938,70.0,3,45.42286682128906
2026-08-23 09:00:00,서울,3,ECMWF,48.0,70.0,12,22.0
2026-08-23 09:00:00,서울,3,GFS,25.0,70.0,6,45.0
2026-08-23 09:00:00,서울,3,KIM,85.0,70.0,6,15.0
2026-08-23 09:00:00,대전,3,나우캐스트,24.761383056640625,50.0,3,25.23861694335937
2026-08-23 09:00:00,대전,3,ECMWF,48.0,50.0,12,2.0
2026-08-23 09:00:00,대전,3,GFS,100.0,50.0,6,50.0
2026-08-23 09:00:00,대전,3,KIM,98.0,50.0,6,48.0
2026-08-23 09:00:00,대구,3,나우캐스트,11.72896671295166,0.0,3,11.72896671295166
2026-08-23 09:00:00,대구,3,ECMWF,49.0,0.0,12,49.0
2026-08-23 09:00:00,대구,3,GFS,2.0,0.0,6,2.0
2026-08-23 09:00:00,대구,3,KIM,95.0,0.0,6,95.0
2026-08-23 09:00:00,광주,3,나우캐스트,7.763138771057129,50.0,3,42.23686122894287
2026-08-23 09:00:00,광주,3,ECMWF,45.0,50.0,12,5.0
2026-08-23 09:00:00,광주,3,GFS,37.0,50.0,6,13.0
2026-08-23 09:00:00,광주,3,KIM,68.0,50.0,6,18.0
2026-08-23 09:00:00,부산,3,나우캐스트,4.477621555328369,0.0,3,4.477621555328369
2026-08-23 09:00:00,부산,3,ECMWF,27.0,0.0,12,27.0
2026-08-23 09:00:00,부산,3,GFS,5.0,0.0,6,5.0
2026-08-23 09:00:00,부산,3,KIM,25.0,0.0,6,25.0
2026-08-23 09:00:00,인천,3,나우캐스트,22.81895637512207,50.0,3,27.18104362487793
2026-08-23 09:00:00,인천,3,ECMWF,47.0,50.0,12,3.0
2026-08-23 09:00:00,인천,3,GFS,11.0,50.0,6,39.0
2026-08-23 09:00:00,인천,3,KIM,85.0,50.0,6,35.0
2026-08-23 09:00:00,수원,3,나우캐스트,14.027594566345217,50.0,3,35.972405433654785
2026-08-23 09:00:00,수원,3,ECMWF,30.0,50.0,12,20.0
2026-08-23 09:00:00,수원,3,GFS,5.0,50.0,6,45.0
2026-08-23 09:00:00,수원,3,KIM,81.0,50.0,6,31.0
2026-08-23 09:00:00,전주,3,나우캐스트,7.540565490722656,60.0,3,52.459434509277344
2026-08-23 09:00:00,전주,3,ECMWF,57.0,60.0,12,3.0
2026-08-23 09:00:00,전주,3,GFS,32.0,60.0,6,28.0
2026-08-23 09:00:00,전주,3,KIM,65.0,60.0,6,5.0
2026-08-23 09:00:00,강릉,3,나우캐스트,66.32015991210938,30.0,3,36.320159912109375
2026-08-23 09:00:00,강릉,3,ECMWF,5.0,30.0,12,25.0
2026-08-23 09:00:00,강릉,3,GFS,12.0,30.0,6,18.0
2026-08-23 09:00:00,강릉,3,KIM,54.0,30.0,6,24.0
2026-08-23 09:00:00,제주,3,나우캐스트,36.41633987426758,20.0,3,16.416339874267578
2026-08-23 09:00:00,제주,3,ECMWF,19.0,20.0,12,1.0
2026-08-23 09:00:00,제주,3,GFS,62.0,20.0,6,42.0
2026-08-23 09:00:00,제주,3,KIM,94.0,20.0,6,74.0
2026-08-23 12:00:00,서울,6,나우캐스트,41.75537109375,40.0,6,1.75537109375
2026-08-23 12:00:00,서울,6,ECMWF,11.0,40.0,15,29.0
2026-08-23 12:00:00,서울,6,GFS,6.0,40.0,9,34.0
2026-08-23 12:00:00,서울,6,KIM,55.0,40.0,9,15.0
2026-08-23 12:00:00,대전,6,나우캐스트,37.08591079711914,70.0,6,32.91408920288086
2026-08-23 12:00:00,대전,6,ECMWF,91.0,70.0,15,21.0
2026-08-23 12:00:00,대전,6,GFS,89.0,70.0,9,19.0
2026-08-23 12:00:00,대전,6,KIM,85.0,70.0,9,15.0
2026-08-23 12:00:00,대구,6,나우캐스트,25.38726043701172,0.0,6,25.38726043701172
2026-08-23 12:00:00,대구,6,ECMWF,16.0,0.0,15,16.0
2026-08-23 12:00:00,대구,6,GFS,41.0,0.0,9,41.0
2026-08-23 12:00:00,대구,6,KIM,94.0,0.0,9,94.0
2026-08-23 12:00:00,광주,6,나우캐스트,8.865631103515625,50.0,6,41.134368896484375
2026-08-23 12:00:00,광주,6,ECMWF,63.0,50.0,15,13.0
2026-08-23 12:00:00,광주,6,GFS,98.0,50.0,9,48.0
2026-08-23 12:00:00,광주,6,KIM,100.0,50.0,9,50.0
2026-08-23 12:00:00,부산,6,나우캐스트,11.012170791625977,20.0,6,8.987829208374023
2026-08-23 12:00:00,부산,6,ECMWF,77.0,20.0,15,57.0
2026-08-23 12:00:00,부산,6,GFS,3.0,20.0,9,17.0
2026-08-23 12:00:00,부산,6,KIM,99.0,20.0,9,79.0
2026-08-23 12:00:00,인천,6,나우캐스트,43.615234375,40.0,6,3.615234375
2026-08-23 12:00:00,인천,6,ECMWF,3.0,40.0,15,37.0
2026-08-23 12:00:00,인천,6,GFS,10.0,40.0,9,30.0
2026-08-23 12:00:00,인천,6,KIM,74.0,40.0,9,34.0
2026-08-23 12:00:00,수원,6,나우캐스트,18.767261505126957,30.0,6,11.232738494873049
2026-08-23 12:00:00,수원,6,ECMWF,3.0,30.0,15,27.0
2026-08-23 12:00:00,수원,6,GFS,6.0,30.0,9,24.0
2026-08-23 12:00:00,수원,6,KIM,63.0,30.0,9,33.0
2026-08-23 12:00:00,전주,6,나우캐스트,13.622124671936035,60.0,6,46.377875328063965
2026-08-23 12:00:00,전주,6,ECMWF,92.0,60.0,15,32.0
2026-08-23 12:00:00,전주,6,GFS,100.0,60.0,9,40.0
2026-08-23 12:00:00,전주,6,KIM,82.0,60.0,9,22.0
2026-08-23 12:00:00,강릉,6,나우캐스트,71.85599517822266,60.0,6,11.855995178222656
2026-08-23 12:00:00,강릉,6,ECMWF,9.0,60.0,15,51.0
2026-08-23 12:00:00,강릉,6,GFS,5.0,60.0,9,55.0
2026-08-23 12:00:00,강릉,6,KIM,63.0,60.0,9,3.0
2026-08-23 12:00:00,제주,6,나우캐스트,41.578651428222656,60.0,6,18.421348571777344
2026-08-23 12:00:00,제주,6,ECMWF,34.0,60.0,15,26.0
2026-08-23 12:00:00,제주,6,GFS,100.0,60.0,9,40.0
2026-08-23 12:00:00,제주,6,KIM,45.0,60.0,9,15.0
2026-08-23 09:00:00,서울,2,나우캐스트,27.94302749633789,70.0,2,42.05697250366211
2026-08-23 09:00:00,서울,2,ECMWF,48.0,70.0,12,22.0
2026-08-23 09:00:00,서울,2,GFS,25.0,70.0,6,45.0
2026-08-23 09:00:00,서울,2,KIM,85.0,70.0,6,15.0
2026-08-23 09:00:00,대전,2,나우캐스트,42.184608459472656,50.0,2,7.815391540527344
2026-08-23 09:00:00,대전,2,ECMWF,48.0,50.0,12,2.0
2026-08-23 09:00:00,대전,2,GFS,100.0,50.0,6,50.0
2026-08-23 09:00:00,대전,2,KIM,98.0,50.0,6,48.0
2026-08-23 09:00:00,대구,2,나우캐스트,23.893213272094727,0.0,2,23.893213272094727
2026-08-23 09:00:00,대구,2,ECMWF,49.0,0.0,12,49.0
2026-08-23 09:00:00,대구,2,GFS,2.0,0.0,6,2.0
2026-08-23 09:00:00,대구,2,KIM,95.0,0.0,6,95.0
2026-08-23 09:00:00,광주,2,나우캐스트,43.0142822265625,50.0,2,6.9857177734375
2026-08-23 09:00:00,광주,2,ECMWF,45.0,50.0,12,5.0
2026-08-23 09:00:00,광주,2,GFS,37.0,50.0,6,13.0
2026-08-23 09:00:00,광주,2,KIM,68.0,50.0,6,18.0
2026-08-23 09:00:00,부산,2,나우캐스트,7.558399677276611,0.0,2,7.558399677276611
2026-08-23 09:00:00,부산,2,ECMWF,27.0,0.0,12,27.0
2026-08-23 09:00:00,부산,2,GFS,5.0,0.0,6,5.0
2026-08-23 09:00:00,부산,2,KIM,25.0,0.0,6,25.0
2026-08-23 09:00:00,인천,2,나우캐스트,15.030905723571776,50.0,2,34.96909427642822
2026-08-23 09:00:00,인천,2,ECMWF,47.0,50.0,12,3.0
2026-08-23 09:00:00,인천,2,GFS,11.0,50.0,6,39.0
2026-08-23 09:00:00,인천,2,KIM,85.0,50.0,6,35.0
2026-08-23 09:00:00,수원,2,나우캐스트,16.987693786621094,50.0,2,33.012306213378906
2026-08-23 09:00:00,수원,2,ECMWF,30.0,50.0,12,20.0
2026-08-23 09:00:00,수원,2,GFS,5.0,50.0,6,45.0
2026-08-23 09:00:00,수원,2,KIM,81.0,50.0,6,31.0
2026-08-23 09:00:00,전주,2,나우캐스트,16.693809509277344,60.0,2,43.306190490722656
2026-08-23 09:00:00,전주,2,ECMWF,57.0,60.0,12,3.0
2026-08-23 09:00:00,전주,2,GFS,32.0,60.0,6,28.0
2026-08-23 09:00:00,전주,2,KIM,65.0,60.0,6,5.0
2026-08-23 09:00:00,강릉,2,나우캐스트,83.75563049316406,30.0,2,53.75563049316406
2026-08-23 09:00:00,강릉,2,ECMWF,5.0,30.0,12,25.0
2026-08-23 09:00:00,강릉,2,GFS,12.0,30.0,6,18.0
2026-08-23 09:00:00,강릉,2,KIM,54.0,30.0,6,24.0
2026-08-23 09:00:00,제주,2,나우캐스트,16.848642349243164,20.0,2,3.151357650756836
2026-08-23 09:00:00,제주,2,ECMWF,19.0,20.0,12,1.0
2026-08-23 09:00:00,제주,2,GFS,62.0,20.0,6,42.0
2026-08-23 09:00:00,제주,2,KIM,94.0,20.0,6,74.0
2026-08-23 12:00:00,서울,5,나우캐스트,21.326923370361328,40.0,5,18.673076629638672
2026-08-23 12:00:00,서울,5,ECMWF,11.0,40.0,15,29.0
2026-08-23 12:00:00,서울,5,GFS,6.0,40.0,9,34.0
2026-08-23 12:00:00,서울,5,KIM,55.0,40.0,9,15.0
2026-08-23 12:00:00,대전,5,나우캐스트,37.47560119628906,70.0,5,32.52439880371094
2026-08-23 12:00:00,대전,5,ECMWF,91.0,70.0,15,21.0
2026-08-23 12:00:00,대전,5,GFS,89.0,70.0,9,19.0
2026-08-23 12:00:00,대전,5,KIM,85.0,70.0,9,15.0
2026-08-23 12:00:00,대구,5,나우캐스트,47.08966827392578,0.0,5,47.08966827392578
2026-08-23 12:00:00,대구,5,ECMWF,16.0,0.0,15,16.0
2026-08-23 12:00:00,대구,5,GFS,41.0,0.0,9,41.0
2026-08-23 12:00:00,대구,5,KIM,94.0,0.0,9,94.0
2026-08-23 12:00:00,광주,5,나우캐스트,45.38438415527344,50.0,5,4.6156158447265625
2026-08-23 12:00:00,광주,5,ECMWF,63.0,50.0,15,13.0
2026-08-23 12:00:00,광주,5,GFS,98.0,50.0,9,48.0
2026-08-23 12:00:00,광주,5,KIM,100.0,50.0,9,50.0
2026-08-23 12:00:00,부산,5,나우캐스트,15.13998794555664,20.0,5,4.860012054443359
2026-08-23 12:00:00,부산,5,ECMWF,77.0,20.0,15,57.0
2026-08-23 12:00:00,부산,5,GFS,3.0,20.0,9,17.0
2026-08-23 12:00:00,부산,5,KIM,99.0,20.0,9,79.0
2026-08-23 12:00:00,인천,5,나우캐스트,15.678494453430176,40.0,5,24.321505546569824
2026-08-23 12:00:00,인천,5,ECMWF,3.0,40.0,15,37.0
2026-08-23 12:00:00,인천,5,GFS,10.0,40.0,9,30.0
2026-08-23 12:00:00,인천,5,KIM,74.0,40.0,9,34.0
2026-08-23 12:00:00,수원,5,나우캐스트,12.270827293395996,30.0,5,17.729172706604004
2026-08-23 12:00:00,수원,5,ECMWF,3.0,30.0,15,27.0
2026-08-23 12:00:00,수원,5,GFS,6.0,30.0,9,24.0
2026-08-23 12:00:00,수원,5,KIM,63.0,30.0,9,33.0
2026-08-23 12:00:00,전주,5,나우캐스트,32.98804473876953,60.0,5,27.01195526123047
2026-08-23 12:00:00,전주,5,ECMWF,92.0,60.0,15,32.0
2026-08-23 12:00:00,전주,5,GFS,100.0,60.0,9,40.0
2026-08-23 12:00:00,전주,5,KIM,82.0,60.0,9,22.0
2026-08-23 12:00:00,강릉,5,나우캐스트,81.55133819580078,60.0,5,21.55133819580078
2026-08-23 12:00:00,강릉,5,ECMWF,9.0,60.0,15,51.0
2026-08-23 12:00:00,강릉,5,GFS,5.0,60.0,9,55.0
2026-08-23 12:00:00,강릉,5,KIM,63.0,60.0,9,3.0
2026-08-23 12:00:00,제주,5,나우캐스트,19.905200958251957,60.0,5,40.09479904174805
2026-08-23 12:00:00,제주,5,ECMWF,34.0,60.0,15,26.0
2026-08-23 12:00:00,제주,5,GFS,100.0,60.0,9,40.0
2026-08-23 12:00:00,제주,5,KIM,45.0,60.0,9,15.0
2026-08-23 09:00:00,서울,1,나우캐스트,14.100225448608398,70.0,1,55.8997745513916
2026-08-23 09:00:00,서울,1,ECMWF,48.0,70.0,12,22.0
2026-08-23 09:00:00,서울,1,GFS,25.0,70.0,6,45.0
2026-08-23 09:00:00,서울,1,KIM,85.0,70.0,6,15.0
2026-08-23 09:00:00,대전,1,나우캐스트,42.251983642578125,50.0,1,7.748016357421875
2026-08-23 09:00:00,대전,1,ECMWF,48.0,50.0,12,2.0
2026-08-23 09:00:00,대전,1,GFS,100.0,50.0,6,50.0
2026-08-23 09:00:00,대전,1,KIM,98.0,50.0,6,48.0
2026-08-23 09:00:00,대구,1,나우캐스트,66.12090301513672,0.0,1,66.12090301513672
2026-08-23 09:00:00,대구,1,ECMWF,49.0,0.0,12,49.0
2026-08-23 09:00:00,대구,1,GFS,2.0,0.0,6,2.0
2026-08-23 09:00:00,대구,1,KIM,95.0,0.0,6,95.0
2026-08-23 09:00:00,광주,1,나우캐스트,32.81706237792969,50.0,1,17.182937622070312
2026-08-23 09:00:00,광주,1,ECMWF,45.0,50.0,12,5.0
2026-08-23 09:00:00,광주,1,GFS,37.0,50.0,6,13.0
2026-08-23 09:00:00,광주,1,KIM,68.0,50.0,6,18.0
2026-08-23 09:00:00,부산,1,나우캐스트,3.0224149227142334,0.0,1,3.0224149227142334
2026-08-23 09:00:00,부산,1,ECMWF,27.0,0.0,12,27.0
2026-08-23 09:00:00,부산,1,GFS,5.0,0.0,6,5.0
2026-08-23 09:00:00,부산,1,KIM,25.0,0.0,6,25.0
2026-08-23 09:00:00,인천,1,나우캐스트,17.266918182373047,50.0,1,32.73308181762695
2026-08-23 09:00:00,인천,1,ECMWF,47.0,50.0,12,3.0
2026-08-23 09:00:00,인천,1,GFS,11.0,50.0,6,39.0
2026-08-23 09:00:00,인천,1,KIM,85.0,50.0,6,35.0
2026-08-23 09:00:00,수원,1,나우캐스트,10.842824935913086,50.0,1,39.157175064086914
2026-08-23 09:00:00,수원,1,ECMWF,30.0,50.0,12,20.0
2026-08-23 09:00:00,수원,1,GFS,5.0,50.0,6,45.0
2026-08-23 09:00:00,수원,1,KIM,81.0,50.0,6,31.0
2026-08-23 09:00:00,전주,1,나우캐스트,16.671499252319336,60.0,1,43.32850074768066
2026-08-23 09:00:00,전주,1,ECMWF,57.0,60.0,12,3.0
2026-08-23 09:00:00,전주,1,GFS,32.0,60.0,6,28.0
2026-08-23 09:00:00,전주,1,KIM,65.0,60.0,6,5.0
2026-08-23 09:00:00,강릉,1,나우캐스트,49.46235275268555,30.0,1,19.462352752685547
2026-08-23 09:00:00,강릉,1,ECMWF,5.0,30.0,12,25.0
2026-08-23 09:00:00,강릉,1,GFS,12.0,30.0,6,18.0
2026-08-23 09:00:00,강릉,1,KIM,54.0,30.0,6,24.0
2026-08-23 09:00:00,제주,1,나우캐스트,50.78048324584961,20.0,1,30.78048324584961
2026-08-23 09:00:00,제주,1,ECMWF,19.0,20.0,12,1.0
2026-08-23 09:00:00,제주,1,GFS,62.0,20.0,6,42.0
2026-08-23 09:00:00,제주,1,KIM,94.0,20.0,6,74.0
2026-08-23 12:00:00,서울,4,나우캐스트,28.92728805541992,40.0,4,11.072711944580078
2026-08-23 12:00:00,서울,4,ECMWF,11.0,40.0,15,29.0
2026-08-23 12:00:00,서울,4,GFS,6.0,40.0,9,34.0
2026-08-23 12:00:00,서울,4,KIM,55.0,40.0,9,15.0
2026-08-23 12:00:00,대전,4,나우캐스트,54.37203979492188,70.0,4,15.627960205078123
2026-08-23 12:00:00,대전,4,ECMWF,91.0,70.0,15,21.0
2026-08-23 12:00:00,대전,4,GFS,89.0,70.0,9,19.0
2026-08-23 12:00:00,대전,4,KIM,85.0,70.0,9,15.0
2026-08-23 12:00:00,대구,4,나우캐스트,62.107688903808594,0.0,4,62.107688903808594
2026-08-23 12:00:00,대구,4,ECMWF,16.0,0.0,15,16.0
2026-08-23 12:00:00,대구,4,GFS,41.0,0.0,9,41.0
2026-08-23 12:00:00,대구,4,KIM,94.0,0.0,9,94.0
2026-08-23 12:00:00,광주,4,나우캐스트,59.84197235107422,50.0,4,9.84197235107422
2026-08-23 12:00:00,광주,4,ECMWF,63.0,50.0,15,13.0
2026-08-23 12:00:00,광주,4,GFS,98.0,50.0,9,48.0
2026-08-23 12:00:00,광주,4,KIM,100.0,50.0,9,50.0
2026-08-23 12:00:00,부산,4,나우캐스트,12.923126220703123,20.0,4,7.076873779296875
2026-08-23 12:00:00,부산,4,ECMWF,77.0,20.0,15,57.0
2026-08-23 12:00:00,부산,4,GFS,3.0,20.0,9,17.0
2026-08-23 12:00:00,부산,4,KIM,99.0,20.0,9,79.0
2026-08-23 12:00:00,인천,4,나우캐스트,24.776670455932617,40.0,4,15.223329544067385
2026-08-23 12:00:00,인천,4,ECMWF,3.0,40.0,15,37.0
2026-08-23 12:00:00,인천,4,GFS,10.0,40.0,9,30.0
2026-08-23 12:00:00,인천,4,KIM,74.0,40.0,9,34.0
2026-08-23 12:00:00,수원,4,나우캐스트,18.93841552734375,30.0,4,11.06158447265625
2026-08-23 12:00:00,수원,4,ECMWF,3.0,30.0,15,27.0
2026-08-23 12:00:00,수원,4,GFS,6.0,30.0,9,24.0
2026-08-23 12:00:00,수원,4,KIM,63.0,30.0,9,33.0
2026-08-23 12:00:00,전주,4,나우캐스트,48.52703857421875,60.0,4,11.47296142578125
2026-08-23 12:00:00,전주,4,ECMWF,92.0,60.0,15,32.0
2026-08-23 12:00:00,전주,4,GFS,100.0,60.0,9,40.0
2026-08-23 12:00:00,전주,4,KIM,82.0,60.0,9,22.0
2026-08-23 12:00:00,강릉,4,나우캐스트,68.01690673828125,60.0,4,8.01690673828125
2026-08-23 12:00:00,강릉,4,ECMWF,9.0,60.0,15,51.0
2026-08-23 12:00:00,강릉,4,GFS,5.0,60.0,9,55.0
2026-08-23 12:00:00,강릉,4,KIM,63.0,60.0,9,3.0
2026-08-23 12:00:00,제주,4,나우캐스트,54.77776336669922,60.0,4,5.222236633300781
2026-08-23 12:00:00,제주,4,ECMWF,34.0,60.0,15,26.0
2026-08-23 12:00:00,제주,4,GFS,100.0,60.0,9,40.0
2026-08-23 12:00:00,제주,4,KIM,45.0,60.0,9,15.0
2026-08-23 12:00:00,서울,3,나우캐스트,16.565166473388672,40.0,3,23.434833526611328
2026-08-23 12:00:00,서울,3,ECMWF,11.0,40.0,15,29.0
2026-08-23 12:00:00,서울,3,GFS,6.0,40.0,9,34.0
2026-08-23 12:00:00,서울,3,KIM,55.0,40.0,9,15.0
2026-08-23 12:00:00,대전,3,나우캐스트,49.68985748291016,70.0,3,20.310142517089844
2026-08-23 12:00:00,대전,3,ECMWF,91.0,70.0,15,21.0
2026-08-23 12:00:00,대전,3,GFS,89.0,70.0,9,19.0
2026-08-23 12:00:00,대전,3,KIM,85.0,70.0,9,15.0
2026-08-23 12:00:00,대구,3,나우캐스트,68.51863098144531,0.0,3,68.51863098144531
2026-08-23 12:00:00,대구,3,ECMWF,16.0,0.0,15,16.0
2026-08-23 12:00:00,대구,3,GFS,41.0,0.0,9,41.0
2026-08-23 12:00:00,대구,3,KIM,94.0,0.0,9,94.0
2026-08-23 12:00:00,광주,3,나우캐스트,69.15994262695312,50.0,3,19.159942626953125
2026-08-23 12:00:00,광주,3,ECMWF,63.0,50.0,15,13.0
2026-08-23 12:00:00,광주,3,GFS,98.0,50.0,9,48.0
2026-08-23 12:00:00,광주,3,KIM,100.0,50.0,9,50.0
2026-08-23 12:00:00,부산,3,나우캐스트,31.94736671447754,20.0,3,11.94736671447754
2026-08-23 12:00:00,부산,3,ECMWF,77.0,20.0,15,57.0
2026-08-23 12:00:00,부산,3,GFS,3.0,20.0,9,17.0
2026-08-23 12:00:00,부산,3,KIM,99.0,20.0,9,79.0
2026-08-23 12:00:00,인천,3,나우캐스트,7.569568157196045,40.0,3,32.430431842803955
2026-08-23 12:00:00,인천,3,ECMWF,3.0,40.0,15,37.0
2026-08-23 12:00:00,인천,3,GFS,10.0,40.0,9,30.0
2026-08-23 12:00:00,인천,3,KIM,74.0,40.0,9,34.0
2026-08-23 12:00:00,수원,3,나우캐스트,7.7574462890625,30.0,3,22.2425537109375
2026-08-23 12:00:00,수원,3,ECMWF,3.0,30.0,15,27.0
2026-08-23 12:00:00,수원,3,GFS,6.0,30.0,9,24.0
2026-08-23 12:00:00,수원,3,KIM,63.0,30.0,9,33.0
2026-08-23 12:00:00,전주,3,나우캐스트,62.27564239501953,60.0,3,2.2756423950195312
2026-08-23 12:00:00,전주,3,ECMWF,92.0,60.0,15,32.0
2026-08-23 12:00:00,전주,3,GFS,100.0,60.0,9,40.0
2026-08-23 12:00:00,전주,3,KIM,82.0,60.0,9,22.0
2026-08-23 12:00:00,강릉,3,나우캐스트,47.08639526367188,60.0,3,12.913604736328123
2026-08-23 12:00:00,강릉,3,ECMWF,9.0,60.0,15,51.0
2026-08-23 12:00:00,강릉,3,GFS,5.0,60.0,9,55.0
2026-08-23 12:00:00,강릉,3,KIM,63.0,60.0,9,3.0
2026-08-23 12:00:00,제주,3,나우캐스트,54.96533966064453,60.0,3,5.034660339355469
2026-08-23 12:00:00,제주,3,ECMWF,34.0,60.0,15,26.0
2026-08-23 12:00:00,제주,3,GFS,100.0,60.0,9,40.0
2026-08-23 12:00:00,제주,3,KIM,45.0,60.0,9,15.0
2026-08-23 15:00:00,서울,6,나우캐스트,22.79833984375,30.0,6,7.20166015625
2026-08-23 15:00:00,서울,6,ECMWF,46.0,30.0,18,16.0
2026-08-23 15:00:00,서울,6,GFS,21.0,30.0,12,9.0
2026-08-23 15:00:00,서울,6,KIM,4.0,30.0,12,26.0
2026-08-23 15:00:00,대전,6,나우캐스트,47.84129333496094,40.0,6,7.8412933349609375
2026-08-23 15:00:00,대전,6,ECMWF,23.0,40.0,18,17.0
2026-08-23 15:00:00,대전,6,GFS,62.0,40.0,12,22.0
2026-08-23 15:00:00,대전,6,KIM,81.0,40.0,12,41.0
2026-08-23 15:00:00,대구,6,나우캐스트,74.64845275878906,60.0,6,14.648452758789062
2026-08-23 15:00:00,대구,6,ECMWF,47.0,60.0,18,13.0
2026-08-23 15:00:00,대구,6,GFS,100.0,60.0,12,40.0
2026-08-23 15:00:00,대구,6,KIM,76.0,60.0,12,16.0
2026-08-23 15:00:00,광주,6,나우캐스트,54.65540313720703,60.0,6,5.344596862792969
2026-08-23 15:00:00,광주,6,ECMWF,97.0,60.0,18,37.0
2026-08-23 15:00:00,광주,6,GFS,100.0,60.0,12,40.0
2026-08-23 15:00:00,광주,6,KIM,100.0,60.0,12,40.0
2026-08-23 15:00:00,부산,6,나우캐스트,27.190921783447266,50.0,6,22.80907821655273
2026-08-23 15:00:00,부산,6,ECMWF,100.0,50.0,18,50.0
2026-08-23 15:00:00,부산,6,GFS,25.0,50.0,12,25.0
2026-08-23 15:00:00,부산,6,KIM,90.0,50.0,12,40.0
2026-08-23 15:00:00,인천,6,나우캐스트,15.7714204788208,20.0,6,4.228579521179199
2026-08-23 15:00:00,인천,6,ECMWF,65.0,20.0,18,45.0
2026-08-23 15:00:00,인천,6,GFS,44.0,20.0,12,24.0
2026-08-23 15:00:00,인천,6,KIM,41.0,20.0,12,21.0
2026-08-23 15:00:00,수원,6,나우캐스트,12.033275604248049,40.0,6,27.966724395751957
2026-08-23 15:00:00,수원,6,ECMWF,22.0,40.0,18,18.0
2026-08-23 15:00:00,수원,6,GFS,13.0,40.0,12,27.0
2026-08-23 15:00:00,수원,6,KIM,51.0,40.0,12,11.0
2026-08-23 15:00:00,전주,6,나우캐스트,52.13592147827149,80.0,6,27.86407852172852
2026-08-23 15:00:00,전주,6,ECMWF,33.0,80.0,18,47.0
2026-08-23 15:00:00,전주,6,GFS,100.0,80.0,12,20.0
2026-08-23 15:00:00,전주,6,KIM,99.0,80.0,12,19.0
2026-08-23 15:00:00,강릉,6,나우캐스트,56.106178283691406,30.0,6,26.106178283691406
2026-08-23 15:00:00,강릉,6,ECMWF,13.0,30.0,18,17.0
2026-08-23 15:00:00,강릉,6,GFS,96.0,30.0,12,66.0
2026-08-23 15:00:00,강릉,6,KIM,82.0,30.0,12,52.0
2026-08-23 15:00:00,제주,6,나우캐스트,57.79890441894531,70.0,6,12.201095581054688
2026-08-23 15:00:00,제주,6,ECMWF,88.0,70.0,18,18.0
2026-08-23 15:00:00,제주,6,GFS,100.0,70.0,12,30.0
2026-08-23 15:00:00,제주,6,KIM,98.0,70.0,12,28.0
2026-08-23 12:00:00,서울,2,나우캐스트,29.46198272705078,40.0,2,10.53801727294922
2026-08-23 12:00:00,서울,2,ECMWF,11.0,40.0,15,29.0
2026-08-23 12:00:00,서울,2,GFS,6.0,40.0,9,34.0
2026-08-23 12:00:00,서울,2,KIM,55.0,40.0,9,15.0
2026-08-23 12:00:00,대전,2,나우캐스트,46.06142425537109,70.0,2,23.938575744628903
2026-08-23 12:00:00,대전,2,ECMWF,91.0,70.0,15,21.0
2026-08-23 12:00:00,대전,2,GFS,89.0,70.0,9,19.0
2026-08-23 12:00:00,대전,2,KIM,85.0,70.0,9,15.0
2026-08-23 12:00:00,대구,2,나우캐스트,52.2092399597168,0.0,2,52.2092399597168
2026-08-23 12:00:00,대구,2,ECMWF,16.0,0.0,15,16.0
2026-08-23 12:00:00,대구,2,GFS,41.0,0.0,9,41.0
2026-08-23 12:00:00,대구,2,KIM,94.0,0.0,9,94.0
2026-08-23 12:00:00,광주,2,나우캐스트,69.94336700439453,50.0,2,19.94336700439453
2026-08-23 12:00:00,광주,2,ECMWF,63.0,50.0,15,13.0
2026-08-23 12:00:00,광주,2,GFS,98.0,50.0,9,48.0
2026-08-23 12:00:00,광주,2,KIM,100.0,50.0,9,50.0
2026-08-23 12:00:00,부산,2,나우캐스트,42.95904922485352,20.0,2,22.95904922485352
2026-08-23 12:00:00,부산,2,ECMWF,77.0,20.0,15,57.0
2026-08-23 12:00:00,부산,2,GFS,3.0,20.0,9,17.0
2026-08-23 12:00:00,부산,2,KIM,99.0,20.0,9,79.0
2026-08-23 12:00:00,인천,2,나우캐스트,11.448598861694336,40.0,2,28.551401138305664
2026-08-23 12:00:00,인천,2,ECMWF,3.0,40.0,15,37.0
2026-08-23 12:00:00,인천,2,GFS,10.0,40.0,9,30.0
2026-08-23 12:00:00,인천,2,KIM,74.0,40.0,9,34.0
2026-08-23 12:00:00,수원,2,나우캐스트,9.411115646362305,30.0,2,20.58888435363769
2026-08-23 12:00:00,수원,2,ECMWF,3.0,30.0,15,27.0
2026-08-23 12:00:00,수원,2,GFS,6.0,30.0,9,24.0
2026-08-23 12:00:00,수원,2,KIM,63.0,30.0,9,33.0
2026-08-23 12:00:00,전주,2,나우캐스트,50.990570068359375,60.0,2,9.009429931640623
2026-08-23 12:00:00,전주,2,ECMWF,92.0,60.0,15,32.0
2026-08-23 12:00:00,전주,2,GFS,100.0,60.0,9,40.0
2026-08-23 12:00:00,전주,2,KIM,82.0,60.0,9,22.0
2026-08-23 12:00:00,강릉,2,나우캐스트,38.59285736083984,60.0,2,21.40714263916016
2026-08-23 12:00:00,강릉,2,ECMWF,9.0,60.0,15,51.0
2026-08-23 12:00:00,강릉,2,GFS,5.0,60.0,9,55.0
2026-08-23 12:00:00,강릉,2,KIM,63.0,60.0,9,3.0
2026-08-23 12:00:00,제주,2,나우캐스트,68.39634704589844,60.0,2,8.396347045898438
2026-08-23 12:00:00,제주,2,ECMWF,34.0,60.0,15,26.0
2026-08-23 12:00:00,제주,2,GFS,100.0,60.0,9,40.0
2026-08-23 12:00:00,제주,2,KIM,45.0,60.0,9,15.0
2026-08-23 15:00:00,서울,5,나우캐스트,17.32623291015625,30.0,5,12.67376708984375
2026-08-23 15:00:00,서울,5,ECMWF,46.0,30.0,18,16.0
2026-08-23 15:00:00,서울,5,GFS,21.0,30.0,12,9.0
2026-08-23 15:00:00,서울,5,KIM,4.0,30.0,12,26.0
2026-08-23 15:00:00,대전,5,나우캐스트,37.68099594116211,40.0,5,2.31900405883789
2026-08-23 15:00:00,대전,5,ECMWF,23.0,40.0,18,17.0
2026-08-23 15:00:00,대전,5,GFS,62.0,40.0,12,22.0
2026-08-23 15:00:00,대전,5,KIM,81.0,40.0,12,41.0
2026-08-23 15:00:00,대구,5,나우캐스트,58.55724334716797,60.0,5,1.4427566528320312
2026-08-23 15:00:00,대구,5,ECMWF,47.0,60.0,18,13.0
2026-08-23 15:00:00,대구,5,GFS,100.0,60.0,12,40.0
2026-08-23 15:00:00,대구,5,KIM,76.0,60.0,12,16.0
2026-08-23 15:00:00,광주,5,나우캐스트,48.258331298828125,60.0,5,11.741668701171877
2026-08-23 15:00:00,광주,5,ECMWF,97.0,60.0,18,37.0
2026-08-23 15:00:00,광주,5,GFS,100.0,60.0,12,40.0
2026-08-23 15:00:00,광주,5,KIM,100.0,60.0,12,40.0
2026-08-23 15:00:00,부산,5,나우캐스트,49.08403396606445,50.0,5,0.9159660339355468
2026-08-23 15:00:00,부산,5,ECMWF,100.0,50.0,18,50.0
2026-08-23 15:00:00,부산,5,GFS,25.0,50.0,12,25.0
2026-08-23 15:00:00,부산,5,KIM,90.0,50.0,12,40.0
2026-08-23 15:00:00,인천,5,나우캐스트,17.645193099975586,20.0,5,2.354806900024414
2026-08-23 15:00:00,인천,5,ECMWF,65.0,20.0,18,45.0
2026-08-23 15:00:00,인천,5,GFS,44.0,20.0,12,24.0
2026-08-23 15:00:00,인천,5,KIM,41.0,20.0,12,21.0
2026-08-23 15:00:00,수원,5,나우캐스트,8.74361515045166,40.0,5,31.25638484954834
2026-08-23 15:00:00,수원,5,ECMWF,22.0,40.0,18,18.0
2026-08-23 15:00:00,수원,5,GFS,13.0,40.0,12,27.0
2026-08-23 15:00:00,수원,5,KIM,51.0,40.0,12,11.0
2026-08-23 15:00:00,전주,5,나우캐스트,35.91886138916016,80.0,5,44.08113861083984
2026-08-23 15:00:00,전주,5,ECMWF,33.0,80.0,18,47.0
2026-08-23 15:00:00,전주,5,GFS,100.0,80.0,12,20.0
2026-08-23 15:00:00,전주,5,KIM,99.0,80.0,12,19.0
2026-08-23 15:00:00,강릉,5,나우캐스트,58.87577819824219,30.0,5,28.875778198242188
2026-08-23 15:00:00,강릉,5,ECMWF,13.0,30.0,18,17.0
2026-08-23 15:00:00,강릉,5,GFS,96.0,30.0,12,66.0
2026-08-23 15:00:00,강릉,5,KIM,82.0,30.0,12,52.0
2026-08-23 15:00:00,제주,5,나우캐스트,51.704856872558594,70.0,5,18.295143127441406
2026-08-23 15:00:00,제주,5,ECMWF,88.0,70.0,18,18.0
2026-08-23 15:00:00,제주,5,GFS,100.0,70.0,12,30.0
2026-08-23 15:00:00,제주,5,KIM,98.0,70.0,12,28.0
2026-08-23 12:00:00,서울,1,나우캐스트,77.12358856201172,40.0,1,37.12358856201172
2026-08-23 12:00:00,서울,1,ECMWF,11.0,40.0,15,29.0
2026-08-23 12:00:00,서울,1,GFS,6.0,40.0,9,34.0
2026-08-23 12:00:00,서울,1,KIM,55.0,40.0,9,15.0
2026-08-23 12:00:00,대전,1,나우캐스트,39.7640495300293,70.0,1,30.235950469970703
2026-08-23 12:00:00,대전,1,ECMWF,91.0,70.0,15,21.0
2026-08-23 12:00:00,대전,1,GFS,89.0,70.0,9,19.0
2026-08-23 12:00:00,대전,1,KIM,85.0,70.0,9,15.0
2026-08-23 12:00:00,대구,1,나우캐스트,49.50822830200195,0.0,1,49.50822830200195
2026-08-23 12:00:00,대구,1,ECMWF,16.0,0.0,15,16.0
2026-08-23 12:00:00,대구,1,GFS,41.0,0.0,9,41.0
2026-08-23 12:00:00,대구,1,KIM,94.0,0.0,9,94.0
2026-08-23 12:00:00,광주,1,나우캐스트,65.23800659179688,50.0,1,15.238006591796877
2026-08-23 12:00:00,광주,1,ECMWF,63.0,50.0,15,13.0
2026-08-23 12:00:00,광주,1,GFS,98.0,50.0,9,48.0
2026-08-23 12:00:00,광주,1,KIM,100.0,50.0,9,50.0
2026-08-23 12:00:00,부산,1,나우캐스트,16.8980770111084,20.0,1,3.1019229888916016
2026-08-23 12:00:00,부산,1,ECMWF,77.0,20.0,15,57.0
2026-08-23 12:00:00,부산,1,GFS,3.0,20.0,9,17.0
2026-08-23 12:00:00,부산,1,KIM,99.0,20.0,9,79.0
2026-08-23 12:00:00,인천,1,나우캐스트,20.613245010375977,40.0,1,19.386754989624023
2026-08-23 12:00:00,인천,1,ECMWF,3.0,40.0,15,37.0
2026-08-23 12:00:00,인천,1,GFS,10.0,40.0,9,30.0
2026-08-23 12:00:00,인천,1,KIM,74.0,40.0,9,34.0
2026-08-23 12:00:00,수원,1,나우캐스트,51.58332061767578,30.0,1,21.58332061767578
2026-08-23 12:00:00,수원,1,ECMWF,3.0,30.0,15,27.0
2026-08-23 12:00:00,수원,1,GFS,6.0,30.0,9,24.0
2026-08-23 12:00:00,수원,1,KIM,63.0,30.0,9,33.0
2026-08-23 12:00:00,전주,1,나우캐스트,54.938438415527344,60.0,1,5.061561584472656
2026-08-23 12:00:00,전주,1,ECMWF,92.0,60.0,15,32.0
2026-08-23 12:00:00,전주,1,GFS,100.0,60.0,9,40.0
2026-08-23 12:00:00,전주,1,KIM,82.0,60.0,9,22.0
2026-08-23 12:00:00,강릉,1,나우캐스트,27.20516395568848,60.0,1,32.79483604431152
2026-08-23 12:00:00,강릉,1,ECMWF,9.0,60.0,15,51.0
2026-08-23 12:00:00,강릉,1,GFS,5.0,60.0,9,55.0
2026-08-23 12:00:00,강릉,1,KIM,63.0,60.0,9,3.0
2026-08-23 12:00:00,제주,1,나우캐스트,67.42579650878906,60.0,1,7.4257965087890625
2026-08-23 12:00:00,제주,1,ECMWF,34.0,60.0,15,26.0
2026-08-23 12:00:00,제주,1,GFS,100.0,60.0,9,40.0
2026-08-23 12:00:00,제주,1,KIM,45.0,60.0,9,15.0
2026-08-23 15:00:00,서울,4,나우캐스트,33.23556900024414,30.0,4,3.2355690002441406
2026-08-23 15:00:00,서울,4,ECMWF,46.0,30.0,18,16.0
2026-08-23 15:00:00,서울,4,GFS,21.0,30.0,12,9.0
2026-08-23 15:00:00,서울,4,KIM,4.0,30.0,12,26.0
2026-08-23 15:00:00,대전,4,나우캐스트,32.603607177734375,40.0,4,7.396392822265625
2026-08-23 15:00:00,대전,4,ECMWF,23.0,40.0,18,17.0
2026-08-23 15:00:00,대전,4,GFS,62.0,40.0,12,22.0
2026-08-23 15:00:00,대전,4,KIM,81.0,40.0,12,41.0
2026-08-23 15:00:00,대구,4,나우캐스트,53.27656555175781,60.0,4,6.723434448242188
2026-08-23 15:00:00,대구,4,ECMWF,47.0,60.0,18,13.0
2026-08-23 15:00:00,대구,4,GFS,100.0,60.0,12,40.0
2026-08-23 15:00:00,대구,4,KIM,76.0,60.0,12,16.0
2026-08-23 15:00:00,광주,4,나우캐스트,55.06211471557617,60.0,4,4.937885284423828
2026-08-23 15:00:00,광주,4,ECMWF,97.0,60.0,18,37.0
2026-08-23 15:00:00,광주,4,GFS,100.0,60.0,12,40.0
2026-08-23 15:00:00,광주,4,KIM,100.0,60.0,12,40.0
2026-08-23 15:00:00,부산,4,나우캐스트,10.445916175842283,50.0,4,39.55408382415772
2026-08-23 15:00:00,부산,4,ECMWF,100.0,50.0,18,50.0
2026-08-23 15:00:00,부산,4,GFS,25.0,50.0,12,25.0
2026-08-23 15:00:00,부산,4,KIM,90.0,50.0,12,40.0
2026-08-23 15:00:00,인천,4,나우캐스트,22.217124938964844,20.0,4,2.217124938964844
2026-08-23 15:00:00,인천,4,ECMWF,65.0,20.0,18,45.0
2026-08-23 15:00:00,인천,4,GFS,44.0,20.0,12,24.0
2026-08-23 15:00:00,인천,4,KIM,41.0,20.0,12,21.0
2026-08-23 15:00:00,수원,4,나우캐스트,25.85411071777344,40.0,4,14.145889282226562
2026-08-23 15:00:00,수원,4,ECMWF,22.0,40.0,18,18.0
2026-08-23 15:00:00,수원,4,GFS,13.0,40.0,12,27.0
2026-08-23 15:00:00,수원,4,KIM,51.0,40.0,12,11.0
2026-08-23 15:00:00,전주,4,나우캐스트,38.11688995361328,80.0,4,41.88311004638672
2026-08-23 15:00:00,전주,4,ECMWF,33.0,80.0,18,47.0
2026-08-23 15:00:00,전주,4,GFS,100.0,80.0,12,20.0
2026-08-23 15:00:00,전주,4,KIM,99.0,80.0,12,19.0
2026-08-23 15:00:00,강릉,4,나우캐스트,53.05820083618164,30.0,4,23.05820083618164
2026-08-23 15:00:00,강릉,4,ECMWF,13.0,30.0,18,17.0
2026-08-23 15:00:00,강릉,4,GFS,96.0,30.0,12,66.0
2026-08-23 15:00:00,강릉,4,KIM,82.0,30.0,12,52.0
2026-08-23 15:00:00,제주,4,나우캐스트,21.68259620666504,70.0,4,48.31740379333496
2026-08-23 15:00:00,제주,4,ECMWF,88.0,70.0,18,18.0
2026-08-23 15:00:00,제주,4,GFS,100.0,70.0,12,30.0
2026-08-23 15:00:00,제주,4,KIM,98.0,70.0,12,28.0
2026-08-23 15:00:00,서울,3,나우캐스트,70.23196411132812,30.0,3,40.231964111328125
2026-08-23 15:00:00,서울,3,ECMWF,46.0,30.0,18,16.0
2026-08-23 15:00:00,서울,3,GFS,21.0,30.0,12,9.0
2026-08-23 15:00:00,서울,3,KIM,4.0,30.0,12,26.0
2026-08-23 15:00:00,대전,3,나우캐스트,47.38737106323242,40.0,3,7.387371063232422
2026-08-23 15:00:00,대전,3,ECMWF,23.0,40.0,18,17.0
2026-08-23 15:00:00,대전,3,GFS,62.0,40.0,12,22.0
2026-08-23 15:00:00,대전,3,KIM,81.0,40.0,12,41.0
2026-08-23 15:00:00,대구,3,나우캐스트,49.886016845703125,60.0,3,10.113983154296877
2026-08-23 15:00:00,대구,3,ECMWF,47.0,60.0,18,13.0
2026-08-23 15:00:00,대구,3,GFS,100.0,60.0,12,40.0
2026-08-23 15:00:00,대구,3,KIM,76.0,60.0,12,16.0
2026-08-23 15:00:00,광주,3,나우캐스트,54.90485000610352,60.0,3,5.095149993896484
2026-08-23 15:00:00,광주,3,ECMWF,97.0,60.0,18,37.0
2026-08-23 15:00:00,광주,3,GFS,100.0,60.0,12,40.0
2026-08-23 15:00:00,광주,3,KIM,100.0,60.0,12,40.0
2026-08-23 15:00:00,부산,3,나우캐스트,20.93774032592773,50.0,3,29.062259674072266
2026-08-23 15:00:00,부산,3,ECMWF,100.0,50.0,18,50.0
2026-08-23 15:00:00,부산,3,GFS,25.0,50.0,12,25.0
2026-08-23 15:00:00,부산,3,KIM,90.0,50.0,12,40.0
2026-08-23 15:00:00,인천,3,나우캐스트,34.50376510620117,20.0,3,14.503765106201172
2026-08-23 15:00:00,인천,3,ECMWF,65.0,20.0,18,45.0
2026-08-23 15:00:00,인천,3,GFS,44.0,20.0,12,24.0
2026-08-23 15:00:00,인천,3,KIM,41.0,20.0,12,21.0
2026-08-23 15:00:00,수원,3,나우캐스트,57.29827880859375,40.0,3,17.29827880859375
2026-08-23 15:00:00,수원,3,ECMWF,22.0,40.0,18,18.0
2026-08-23 15:00:00,수원,3,GFS,13.0,40.0,12,27.0
2026-08-23 15:00:00,수원,3,KIM,51.0,40.0,12,11.0
2026-08-23 15:00:00,전주,3,나우캐스트,46.23202133178711,80.0,3,33.76797866821289
2026-08-23 15:00:00,전주,3,ECMWF,33.0,80.0,18,47.0
2026-08-23 15:00:00,전주,3,GFS,100.0,80.0,12,20.0
2026-08-23 15:00:00,전주,3,KIM,99.0,80.0,12,19.0
2026-08-23 15:00:00,강릉,3,나우캐스트,60.06026458740234,30.0,3,30.060264587402344
2026-08-23 15:00:00,강릉,3,ECMWF,13.0,30.0,18,17.0
2026-08-23 15:00:00,강릉,3,GFS,96.0,30.0,12,66.0
2026-08-23 15:00:00,강릉,3,KIM,82.0,30.0,12,52.0
2026-08-23 15:00:00,제주,3,나우캐스트,39.448875427246094,70.0,3,30.551124572753903
2026-08-23 15:00:00,제주,3,ECMWF,88.0,70.0,18,18.0
2026-08-23 15:00:00,제주,3,GFS,100.0,70.0,12,30.0
2026-08-23 15:00:00,제주,3,KIM,98.0,70.0,12,28.0
2026-08-23 18:00:00,서울,6,나우캐스트,37.735198974609375,30.0,6,7.735198974609375
2026-08-23 18:00:00,서울,6,ECMWF,88.0,30.0,21,58.0
2026-08-23 18:00:00,서울,6,GFS,100.0,30.0,15,70.0
2026-08-23 18:00:00,서울,6,KIM,82.0,30.0,15,52.0
2026-08-23 18:00:00,대전,6,나우캐스트,17.35881805419922,20.0,6,2.641181945800781
2026-08-23 18:00:00,대전,6,ECMWF,16.0,20.0,21,4.0
2026-08-23 18:00:00,대전,6,GFS,24.0,20.0,15,4.0
2026-08-23 18:00:00,대전,6,KIM,76.0,20.0,15,56.0
2026-08-23 18:00:00,대구,6,나우캐스트,37.99089050292969,70.0,6,32.00910949707031
2026-08-23 18:00:00,대구,6,ECMWF,39.0,70.0,21,31.0
2026-08-23 18:00:00,대구,6,GFS,62.0,70.0,15,8.0
2026-08-23 18:00:00,대구,6,KIM,100.0,70.0,15,30.0
2026-08-23 18:00:00,광주,6,나우캐스트,25.932662963867188,60.0,6,34.06733703613281
2026-08-23 18:00:00,광주,6,ECMWF,15.0,60.0,21,45.0
2026-08-23 18:00:00,광주,6,GFS,98.0,60.0,15,38.0
2026-08-23 18:00:00,광주,6,KIM,100.0,60.0,15,40.0
2026-08-23 18:00:00,부산,6,나우캐스트,20.661392211914062,60.0,6,39.33860778808594
2026-08-23 18:00:00,부산,6,ECMWF,43.0,60.0,21,17.0
2026-08-23 18:00:00,부산,6,GFS,100.0,60.0,15,40.0
2026-08-23 18:00:00,부산,6,KIM,100.0,60.0,15,40.0
2026-08-23 18:00:00,인천,6,나우캐스트,29.655052185058597,20.0,6,9.655052185058594
2026-08-23 18:00:00,인천,6,ECMWF,70.0,20.0,21,50.0
2026-08-23 18:00:00,인천,6,GFS,100.0,20.0,15,80.0
2026-08-23 18:00:00,인천,6,KIM,74.0,20.0,15,54.0
2026-08-23 18:00:00,수원,6,나우캐스트,27.684547424316406,0.0,6,27.684547424316406
2026-08-23 18:00:00,수원,6,ECMWF,95.0,0.0,21,95.0
2026-08-23 18:00:00,수원,6,GFS,99.0,0.0,15,99.0
2026-08-23 18:00:00,수원,6,KIM,74.0,0.0,15,74.0
2026-08-23 18:00:00,전주,6,나우캐스트,15.393939018249512,0.0,6,15.393939018249512
2026-08-23 18:00:00,전주,6,ECMWF,49.0,0.0,21,49.0
2026-08-23 18:00:00,전주,6,GFS,35.0,0.0,15,35.0
2026-08-23 18:00:00,전주,6,KIM,100.0,0.0,15,100.0
2026-08-23 18:00:00,강릉,6,나우캐스트,71.32432556152344,0.0,6,71.32432556152344
2026-08-23 18:00:00,강릉,6,ECMWF,10.0,0.0,21,10.0
2026-08-23 18:00:00,강릉,6,GFS,12.0,0.0,15,12.0
2026-08-23 18:00:00,강릉,6,KIM,96.0,0.0,15,96.0
2026-08-23 18:00:00,제주,6,나우캐스트,7.174931526184082,40.0,6,32.82506847381592
2026-08-23 18:00:00,제주,6,ECMWF,97.0,40.0,21,57.0
2026-08-23 18:00:00,제주,6,GFS,100.0,40.0,15,60.0
2026-08-23 18:00:00,제주,6,KIM,80.0,40.0,15,40.0
2026-08-23 15:00:00,서울,2,나우캐스트,76.3196029663086,30.0,2,46.319602966308594
2026-08-23 15:00:00,서울,2,ECMWF,46.0,30.0,18,16.0
2026-08-23 15:00:00,서울,2,GFS,21.0,30.0,12,9.0
2026-08-23 15:00:00,서울,2,KIM,4.0,30.0,12,26.0
2026-08-23 15:00:00,대전,2,나우캐스트,49.22801208496094,40.0,2,9.228012084960938
2026-08-23 15:00:00,대전,2,ECMWF,23.0,40.0,18,17.0
2026-08-23 15:00:00,대전,2,GFS,62.0,40.0,12,22.0
2026-08-23 15:00:00,대전,2,KIM,81.0,40.0,12,41.0
2026-08-23 15:00:00,대구,2,나우캐스트,66.0287857055664,60.0,2,6.028785705566406
2026-08-23 15:00:00,대구,2,ECMWF,47.0,60.0,18,13.0
2026-08-23 15:00:00,대구,2,GFS,100.0,60.0,12,40.0
2026-08-23 15:00:00,대구,2,KIM,76.0,60.0,12,16.0
2026-08-23 15:00:00,광주,2,나우캐스트,66.55619049072266,60.0,2,6.556190490722656
2026-08-23 15:00:00,광주,2,ECMWF,97.0,60.0,18,37.0
2026-08-23 15:00:00,광주,2,GFS,100.0,60.0,12,40.0
2026-08-23 15:00:00,광주,2,KIM,100.0,60.0,12,40.0
2026-08-23 15:00:00,부산,2,나우캐스트,20.73705673217773,50.0,2,29.262943267822266
2026-08-23 15:00:00,부산,2,ECMWF,100.0,50.0,18,50.0
2026-08-23 15:00:00,부산,2,GFS,25.0,50.0,12,25.0
2026-08-23 15:00:00,부산,2,KIM,90.0,50.0,12,40.0
2026-08-23 15:00:00,인천,2,나우캐스트,32.71457290649414,20.0,2,12.71457290649414
2026-08-23 15:00:00,인천,2,ECMWF,65.0,20.0,18,45.0
2026-08-23 15:00:00,인천,2,GFS,44.0,20.0,12,24.0
2026-08-23 15:00:00,인천,2,KIM,41.0,20.0,12,21.0
2026-08-23 15:00:00,수원,2,나우캐스트,76.1874771118164,40.0,2,36.187477111816406
2026-08-23 15:00:00,수원,2,ECMWF,22.0,40.0,18,18.0
2026-08-23 15:00:00,수원,2,GFS,13.0,40.0,12,27.0
2026-08-23 15:00:00,수원,2,KIM,51.0,40.0,12,11.0
2026-08-23 15:00:00,전주,2,나우캐스트,64.00453186035156,80.0,2,15.995468139648438
2026-08-23 15:00:00,전주,2,ECMWF,33.0,80.0,18,47.0
2026-08-23 15:00:00,전주,2,GFS,100.0,80.0,12,20.0
2026-08-23 15:00:00,전주,2,KIM,99.0,80.0,12,19.0
2026-08-23 15:00:00,강릉,2,나우캐스트,36.456356048583984,30.0,2,6.456356048583984
2026-08-23 15:00:00,강릉,2,ECMWF,13.0,30.0,18,17.0
2026-08-23 15:00:00,강릉,2,GFS,96.0,30.0,12,66.0
2026-08-23 15:00:00,강릉,2,KIM,82.0,30.0,12,52.0
2026-08-23 15:00:00,제주,2,나우캐스트,73.74932098388672,70.0,2,3.749320983886719
2026-08-23 15:00:00,제주,2,ECMWF,88.0,70.0,18,18.0
2026-08-23 15:00:00,제주,2,GFS,100.0,70.0,12,30.0
2026-08-23 15:00:00,제주,2,KIM,98.0,70.0,12,28.0
2026-08-23 18:00:00,서울,5,나우캐스트,35.47849655151367,30.0,5,5.478496551513672
2026-08-23 18:00:00,서울,5,ECMWF,88.0,30.0,21,58.0
2026-08-23 18:00:00,서울,5,GFS,100.0,30.0,15,70.0
2026-08-23 18:00:00,서울,5,KIM,82.0,30.0,15,52.0
2026-08-23 18:00:00,대전,5,나우캐스트,24.15385055541992,20.0,5,4.153850555419922
2026-08-23 18:00:00,대전,5,ECMWF,16.0,20.0,21,4.0
2026-08-23 18:00:00,대전,5,GFS,24.0,20.0,15,4.0
2026-08-23 18:00:00,대전,5,KIM,76.0,20.0,15,56.0
2026-08-23 18:00:00,대구,5,나우캐스트,54.555850982666016,70.0,5,15.444149017333984
2026-08-23 18:00:00,대구,5,ECMWF,39.0,70.0,21,31.0
2026-08-23 18:00:00,대구,5,GFS,62.0,70.0,15,8.0
2026-08-23 18:00:00,대구,5,KIM,100.0,70.0,15,30.0
2026-08-23 18:00:00,광주,5,나우캐스트,44.8670654296875,60.0,5,15.1329345703125
2026-08-23 18:00:00,광주,5,ECMWF,15.0,60.0,21,45.0
2026-08-23 18:00:00,광주,5,GFS,98.0,60.0,15,38.0
2026-08-23 18:00:00,광주,5,KIM,100.0,60.0,15,40.0
2026-08-23 18:00:00,부산,5,나우캐스트,51.940521240234375,60.0,5,8.059478759765625
2026-08-23 18:00:00,부산,5,ECMWF,43.0,60.0,21,17.0
2026-08-23 18:00:00,부산,5,GFS,100.0,60.0,15,40.0
2026-08-23 18:00:00,부산,5,KIM,100.0,60.0,15,40.0
2026-08-23 18:00:00,인천,5,나우캐스트,14.238121032714844,20.0,5,5.761878967285156
2026-08-23 18:00:00,인천,5,ECMWF,70.0,20.0,21,50.0
2026-08-23 18:00:00,인천,5,GFS,100.0,20.0,15,80.0
2026-08-23 18:00:00,인천,5,KIM,74.0,20.0,15,54.0
2026-08-23 18:00:00,수원,5,나우캐스트,29.38789367675781,0.0,5,29.38789367675781
2026-08-23 18:00:00,수원,5,ECMWF,95.0,0.0,21,95.0
2026-08-23 18:00:00,수원,5,GFS,99.0,0.0,15,99.0
2026-08-23 18:00:00,수원,5,KIM,74.0,0.0,15,74.0
2026-08-23 18:00:00,전주,5,나우캐스트,20.2020320892334,0.0,5,20.2020320892334
2026-08-23 18:00:00,전주,5,ECMWF,49.0,0.0,21,49.0
2026-08-23 18:00:00,전주,5,GFS,35.0,0.0,15,35.0
2026-08-23 18:00:00,전주,5,KIM,100.0,0.0,15,100.0
2026-08-23 18:00:00,강릉,5,나우캐스트,57.79845428466797,0.0,5,57.79845428466797
2026-08-23 18:00:00,강릉,5,ECMWF,10.0,0.0,21,10.0
2026-08-23 18:00:00,강릉,5,GFS,12.0,0.0,15,12.0
2026-08-23 18:00:00,강릉,5,KIM,96.0,0.0,15,96.0
2026-08-23 18:00:00,제주,5,나우캐스트,20.091463088989254,40.0,5,19.908536911010746
2026-08-23 18:00:00,제주,5,ECMWF,97.0,40.0,21,57.0
2026-08-23 18:00:00,제주,5,GFS,100.0,40.0,15,60.0
2026-08-23 18:00:00,제주,5,KIM,80.0,40.0,15,40.0
2026-08-23 15:00:00,서울,1,나우캐스트,78.17405700683594,30.0,1,48.17405700683594
2026-08-23 15:00:00,서울,1,ECMWF,46.0,30.0,18,16.0
2026-08-23 15:00:00,서울,1,GFS,21.0,30.0,12,9.0
2026-08-23 15:00:00,서울,1,KIM,4.0,30.0,12,26.0
2026-08-23 15:00:00,대전,1,나우캐스트,65.71098327636719,40.0,1,25.710983276367188
2026-08-23 15:00:00,대전,1,ECMWF,23.0,40.0,18,17.0
2026-08-23 15:00:00,대전,1,GFS,62.0,40.0,12,22.0
2026-08-23 15:00:00,대전,1,KIM,81.0,40.0,12,41.0
2026-08-23 15:00:00,대구,1,나우캐스트,71.62564849853516,60.0,1,11.625648498535156
2026-08-23 15:00:00,대구,1,ECMWF,47.0,60.0,18,13.0
2026-08-23 15:00:00,대구,1,GFS,100.0,60.0,12,40.0
2026-08-23 15:00:00,대구,1,KIM,76.0,60.0,12,16.0
2026-08-23 15:00:00,광주,1,나우캐스트,57.44223785400391,60.0,1,2.5577621459960938
2026-08-23 15:00:00,광주,1,ECMWF,97.0,60.0,18,37.0
2026-08-23 15:00:00,광주,1,GFS,100.0,60.0,12,40.0
2026-08-23 15:00:00,광주,1,KIM,100.0,60.0,12,40.0
2026-08-23 15:00:00,부산,1,나우캐스트,15.336836814880373,50.0,1,34.66316318511963
2026-08-23 15:00:00,부산,1,ECMWF,100.0,50.0,18,50.0
2026-08-23 15:00:00,부산,1,GFS,25.0,50.0,12,25.0
2026-08-23 15:00:00,부산,1,KIM,90.0,50.0,12,40.0
2026-08-23 15:00:00,인천,1,나우캐스트,7.318977355957031,20.0,1,12.681022644042969
2026-08-23 15:00:00,인천,1,ECMWF,65.0,20.0,18,45.0
2026-08-23 15:00:00,인천,1,GFS,44.0,20.0,12,24.0
2026-08-23 15:00:00,인천,1,KIM,41.0,20.0,12,21.0
2026-08-23 15:00:00,수원,1,나우캐스트,75.54879760742188,40.0,1,35.548797607421875
2026-08-23 15:00:00,수원,1,ECMWF,22.0,40.0,18,18.0
2026-08-23 15:00:00,수원,1,GFS,13.0,40.0,12,27.0
2026-08-23 15:00:00,수원,1,KIM,51.0,40.0,12,11.0
2026-08-23 15:00:00,전주,1,나우캐스트,66.8166275024414,80.0,1,13.183372497558594
2026-08-23 15:00:00,전주,1,ECMWF,33.0,80.0,18,47.0
2026-08-23 15:00:00,전주,1,GFS,100.0,80.0,12,20.0
2026-08-23 15:00:00,전주,1,KIM,99.0,80.0,12,19.0
2026-08-23 15:00:00,강릉,1,나우캐스트,18.368064880371094,30.0,1,11.631935119628906
2026-08-23 15:00:00,강릉,1,ECMWF,13.0,30.0,18,17.0
2026-08-23 15:00:00,강릉,1,GFS,96.0,30.0,12,66.0
2026-08-23 15:00:00,강릉,1,KIM,82.0,30.0,12,52.0
2026-08-23 15:00:00,제주,1,나우캐스트,82.406982421875,70.0,1,12.406982421875
2026-08-23 15:00:00,제주,1,ECMWF,88.0,70.0,18,18.0
2026-08-23 15:00:00,제주,1,GFS,100.0,70.0,12,30.0
2026-08-23 15:00:00,제주,1,KIM,98.0,70.0,12,28.0
2026-08-23 18:00:00,서울,4,나우캐스트,46.0482177734375,30.0,4,16.0482177734375
2026-08-23 18:00:00,서울,4,ECMWF,88.0,30.0,21,58.0
2026-08-23 18:00:00,서울,4,GFS,100.0,30.0,15,70.0
2026-08-23 18:00:00,서울,4,KIM,82.0,30.0,15,52.0
2026-08-23 18:00:00,대전,4,나우캐스트,32.93617248535156,20.0,4,12.936172485351562
2026-08-23 18:00:00,대전,4,ECMWF,16.0,20.0,21,4.0
2026-08-23 18:00:00,대전,4,GFS,24.0,20.0,15,4.0
2026-08-23 18:00:00,대전,4,KIM,76.0,20.0,15,56.0
2026-08-23 18:00:00,대구,4,나우캐스트,51.11089324951172,70.0,4,18.88910675048828
2026-08-23 18:00:00,대구,4,ECMWF,39.0,70.0,21,31.0
2026-08-23 18:00:00,대구,4,GFS,62.0,70.0,15,8.0
2026-08-23 18:00:00,대구,4,KIM,100.0,70.0,15,30.0
2026-08-23 18:00:00,광주,4,나우캐스트,50.07101058959961,60.0,4,9.92898941040039
2026-08-23 18:00:00,광주,4,ECMWF,15.0,60.0,21,45.0
2026-08-23 18:00:00,광주,4,GFS,98.0,60.0,15,38.0
2026-08-23 18:00:00,광주,4,KIM,100.0,60.0,15,40.0
2026-08-23 18:00:00,부산,4,나우캐스트,27.82306671142578,60.0,4,32.17693328857422
2026-08-23 18:00:00,부산,4,ECMWF,43.0,60.0,21,17.0
2026-08-23 18:00:00,부산,4,GFS,100.0,60.0,15,40.0
2026-08-23 18:00:00,부산,4,KIM,100.0,60.0,15,40.0
2026-08-23 18:00:00,인천,4,나우캐스트,21.32146453857422,20.0,4,1.3214645385742188
2026-08-23 18:00:00,인천,4,ECMWF,70.0,20.0,21,50.0
2026-08-23 18:00:00,인천,4,GFS,100.0,20.0,15,80.0
2026-08-23 18:00:00,인천,4,KIM,74.0,20.0,15,54.0
2026-08-23 18:00:00,수원,4,나우캐스트,47.15541076660156,0.0,4,47.15541076660156
2026-08-23 18:00:00,수원,4,ECMWF,95.0,0.0,21,95.0
2026-08-23 18:00:00,수원,4,GFS,99.0,0.0,15,99.0
2026-08-23 18:00:00,수원,4,KIM,74.0,0.0,15,74.0
2026-08-23 18:00:00,전주,4,나우캐스트,50.66232681274414,0.0,4,50.66232681274414
2026-08-23 18:00:00,전주,4,ECMWF,49.0,0.0,21,49.0
2026-08-23 18:00:00,전주,4,GFS,35.0,0.0,15,35.0
2026-08-23 18:00:00,전주,4,KIM,100.0,0.0,15,100.0
2026-08-23 18:00:00,강릉,4,나우캐스트,25.26988220214844,0.0,4,25.26988220214844
2026-08-23 18:00:00,강릉,4,ECMWF,10.0,0.0,21,10.0
2026-08-23 18:00:00,강릉,4,GFS,12.0,0.0,15,12.0
2026-08-23 18:00:00,강릉,4,KIM,96.0,0.0,15,96.0
2026-08-23 18:00:00,제주,4,나우캐스트,41.402000427246094,40.0,4,1.4020004272460938
2026-08-23 18:00:00,제주,4,ECMWF,97.0,40.0,21,57.0
2026-08-23 18:00:00,제주,4,GFS,100.0,40.0,15,60.0
2026-08-23 18:00:00,제주,4,KIM,80.0,40.0,15,40.0
2026-08-23 18:00:00,서울,2,나우캐스트,63.82581329345703,30.0,2,33.82581329345703
2026-08-23 18:00:00,서울,2,ECMWF,88.0,30.0,21,58.0
2026-08-23 18:00:00,서울,2,GFS,100.0,30.0,15,70.0
2026-08-23 18:00:00,서울,2,KIM,82.0,30.0,15,52.0
2026-08-23 18:00:00,대전,2,나우캐스트,40.7696647644043,20.0,2,20.769664764404297
2026-08-23 18:00:00,대전,2,ECMWF,16.0,20.0,21,4.0
2026-08-23 18:00:00,대전,2,GFS,24.0,20.0,15,4.0
2026-08-23 18:00:00,대전,2,KIM,76.0,20.0,15,56.0
2026-08-23 18:00:00,대구,2,나우캐스트,49.15304946899414,70.0,2,20.84695053100586
2026-08-23 18:00:00,대구,2,ECMWF,39.0,70.0,21,31.0
2026-08-23 18:00:00,대구,2,GFS,62.0,70.0,15,8.0
2026-08-23 18:00:00,대구,2,KIM,100.0,70.0,15,30.0
2026-08-23 18:00:00,광주,2,나우캐스트,59.79852294921875,60.0,2,0.20147705078125
2026-08-23 18:00:00,광주,2,ECMWF,15.0,60.0,21,45.0
2026-08-23 18:00:00,광주,2,GFS,98.0,60.0,15,38.0
2026-08-23 18:00:00,광주,2,KIM,100.0,60.0,15,40.0
2026-08-23 18:00:00,부산,2,나우캐스트,40.0440673828125,60.0,2,19.9559326171875
2026-08-23 18:00:00,부산,2,ECMWF,43.0,60.0,21,17.0
2026-08-23 18:00:00,부산,2,GFS,100.0,60.0,15,40.0
2026-08-23 18:00:00,부산,2,KIM,100.0,60.0,15,40.0
2026-08-23 18:00:00,인천,2,나우캐스트,7.962174892425537,20.0,2,12.037825107574465
2026-08-23 18:00:00,인천,2,ECMWF,70.0,20.0,21,50.0
2026-08-23 18:00:00,인천,2,GFS,100.0,20.0,15,80.0
2026-08-23 18:00:00,인천,2,KIM,74.0,20.0,15,54.0
2026-08-23 18:00:00,수원,2,나우캐스트,63.243350982666016,0.0,2,63.243350982666016
2026-08-23 18:00:00,수원,2,ECMWF,95.0,0.0,21,95.0
2026-08-23 18:00:00,수원,2,GFS,99.0,0.0,15,99.0
2026-08-23 18:00:00,수원,2,KIM,74.0,0.0,15,74.0
2026-08-23 18:00:00,전주,2,나우캐스트,34.0765266418457,0.0,2,34.0765266418457
2026-08-23 18:00:00,전주,2,ECMWF,49.0,0.0,21,49.0
2026-08-23 18:00:00,전주,2,GFS,35.0,0.0,15,35.0
2026-08-23 18:00:00,전주,2,KIM,100.0,0.0,15,100.0
2026-08-23 18:00:00,강릉,2,나우캐스트,15.90576171875,0.0,2,15.90576171875
2026-08-23 18:00:00,강릉,2,ECMWF,10.0,0.0,21,10.0
2026-08-23 18:00:00,강릉,2,GFS,12.0,0.0,15,12.0
2026-08-23 18:00:00,강릉,2,KIM,96.0,0.0,15,96.0
2026-08-23 18:00:00,제주,2,나우캐스트,61.36921310424805,40.0,2,21.369213104248047
2026-08-23 18:00:00,제주,2,ECMWF,97.0,40.0,21,57.0
2026-08-23 18:00:00,제주,2,GFS,100.0,40.0,15,60.0
2026-08-23 18:00:00,제주,2,KIM,80.0,40.0,15,40.0
2026-08-23 21:00:00,서울,5,나우캐스트,50.812049865722656,0.0,5,50.812049865722656
2026-08-23 21:00:00,서울,5,ECMWF,2.0,0.0,0,2.0
2026-08-23 21:00:00,서울,5,GFS,99.0,0.0,18,99.0
2026-08-23 21:00:00,서울,5,KIM,72.0,0.0,18,72.0
2026-08-23 21:00:00,대전,5,나우캐스트,11.316752433776855,50.0,5,38.683247566223145
2026-08-23 21:00:00,대전,5,ECMWF,44.0,50.0,0,6.0
2026-08-23 21:00:00,대전,5,GFS,100.0,50.0,18,50.0
2026-08-23 21:00:00,대전,5,KIM,97.0,50.0,18,47.0
2026-08-23 21:00:00,대구,5,나우캐스트,9.840900421142578,0.0,5,9.840900421142578
2026-08-23 21:00:00,대구,5,ECMWF,14.0,0.0,0,14.0
2026-08-23 21:00:00,대구,5,GFS,95.0,0.0,18,95.0
2026-08-23 21:00:00,대구,5,KIM,100.0,0.0,18,100.0
2026-08-23 21:00:00,광주,5,나우캐스트,33.06429672241211,0.0,5,33.06429672241211
2026-08-23 21:00:00,광주,5,ECMWF,47.0,0.0,0,47.0
2026-08-23 21:00:00,광주,5,GFS,27.0,0.0,18,27.0
2026-08-23 21:00:00,광주,5,KIM,100.0,0.0,18,100.0
2026-08-23 21:00:00,부산,5,나우캐스트,29.220808029174805,60.0,5,30.779191970825195
2026-08-23 21:00:00,부산,5,ECMWF,98.0,60.0,0,38.0
2026-08-23 21:00:00,부산,5,GFS,60.0,60.0,18,0.0
2026-08-23 21:00:00,부산,5,KIM,100.0,60.0,18,40.0
2026-08-23 21:00:00,인천,5,나우캐스트,22.714111328125,20.0,5,2.714111328125
2026-08-23 21:00:00,인천,5,ECMWF,0.0,20.0,0,20.0
2026-08-23 21:00:00,인천,5,GFS,93.0,20.0,18,73.0
2026-08-23 21:00:00,인천,5,KIM,72.0,20.0,18,52.0
2026-08-23 21:00:00,수원,5,나우캐스트,32.1321907043457,20.0,5,12.132190704345703
2026-08-23 21:00:00,수원,5,ECMWF,4.0,20.0,0,16.0
2026-08-23 21:00:00,수원,5,GFS,100.0,20.0,18,80.0
2026-08-23 21:00:00,수원,5,KIM,89.0,20.0,18,69.0
2026-08-23 21:00:00,전주,5,나우캐스트,7.131617546081543,10.0,5,2.868382453918457
2026-08-23 21:00:00,전주,5,ECMWF,8.0,10.0,0,2.0
2026-08-23 21:00:00,전주,5,GFS,100.0,10.0,18,90.0
2026-08-23 21:00:00,전주,5,KIM,100.0,10.0,18,90.0
2026-08-23 21:00:00,강릉,5,나우캐스트,17.11351203918457,0.0,5,17.11351203918457
2026-08-23 21:00:00,강릉,5,ECMWF,98.0,0.0,0,98.0
2026-08-23 21:00:00,강릉,5,GFS,100.0,0.0,18,100.0
2026-08-23 21:00:00,강릉,5,KIM,83.0,0.0,18,83.0
2026-08-23 21:00:00,제주,5,나우캐스트,32.792724609375,0.0,5,32.792724609375
2026-08-23 21:00:00,제주,5,ECMWF,18.0,0.0,0,18.0
2026-08-23 21:00:00,제주,5,GFS,75.0,0.0,18,75.0
2026-08-23 21:00:00,제주,5,KIM,84.0,0.0,18,84.0
2026-08-23 18:00:00,서울,1,나우캐스트,44.03212738037109,30.0,1,14.032127380371094
2026-08-23 18:00:00,서울,1,ECMWF,88.0,30.0,21,58.0
2026-08-23 18:00:00,서울,1,GFS,100.0,30.0,15,70.0
2026-08-23 18:00:00,서울,1,KIM,82.0,30.0,15,52.0
2026-08-23 18:00:00,대전,1,나우캐스트,13.101089477539062,20.0,1,6.8989105224609375
2026-08-23 18:00:00,대전,1,ECMWF,16.0,20.0,21,4.0
2026-08-23 18:00:00,대전,1,GFS,24.0,20.0,15,4.0
2026-08-23 18:00:00,대전,1,KIM,76.0,20.0,15,56.0
2026-08-23 18:00:00,대구,1,나우캐스트,40.387821197509766,70.0,1,29.612178802490234
2026-08-23 18:00:00,대구,1,ECMWF,39.0,70.0,21,31.0
2026-08-23 18:00:00,대구,1,GFS,62.0,70.0,15,8.0
2026-08-23 18:00:00,대구,1,KIM,100.0,70.0,15,30.0
2026-08-23 18:00:00,광주,1,나우캐스트,55.654632568359375,60.0,1,4.345367431640625
2026-08-23 18:00:00,광주,1,ECMWF,15.0,60.0,21,45.0
2026-08-23 18:00:00,광주,1,GFS,98.0,60.0,15,38.0
2026-08-23 18:00:00,광주,1,KIM,100.0,60.0,15,40.0
2026-08-23 18:00:00,부산,1,나우캐스트,67.708740234375,60.0,1,7.708740234375
2026-08-23 18:00:00,부산,1,ECMWF,43.0,60.0,21,17.0
2026-08-23 18:00:00,부산,1,GFS,100.0,60.0,15,40.0
2026-08-23 18:00:00,부산,1,KIM,100.0,60.0,15,40.0
2026-08-23 18:00:00,인천,1,나우캐스트,3.4481418132781982,20.0,1,16.5518581867218
2026-08-23 18:00:00,인천,1,ECMWF,70.0,20.0,21,50.0
2026-08-23 18:00:00,인천,1,GFS,100.0,20.0,15,80.0
2026-08-23 18:00:00,인천,1,KIM,74.0,20.0,15,54.0
2026-08-23 18:00:00,수원,1,나우캐스트,31.367530822753903,0.0,1,31.367530822753903
2026-08-23 18:00:00,수원,1,ECMWF,95.0,0.0,21,95.0
2026-08-23 18:00:00,수원,1,GFS,99.0,0.0,15,99.0
2026-08-23 18:00:00,수원,1,KIM,74.0,0.0,15,74.0
2026-08-23 18:00:00,전주,1,나우캐스트,11.32280731201172,0.0,1,11.32280731201172
2026-08-23 18:00:00,전주,1,ECMWF,49.0,0.0,21,49.0
2026-08-23 18:00:00,전주,1,GFS,35.0,0.0,15,35.0
2026-08-23 18:00:00,전주,1,KIM,100.0,0.0,15,100.0
2026-08-23 18:00:00,강릉,1,나우캐스트,11.69985294342041,0.0,1,11.69985294342041
2026-08-23 18:00:00,강릉,1,ECMWF,10.0,0.0,21,10.0
2026-08-23 18:00:00,강릉,1,GFS,12.0,0.0,15,12.0
2026-08-23 18:00:00,강릉,1,KIM,96.0,0.0,15,96.0
2026-08-23 18:00:00,제주,1,나우캐스트,77.51117706298828,40.0,1,37.51117706298828
2026-08-23 18:00:00,제주,1,ECMWF,97.0,40.0,21,57.0
2026-08-23 18:00:00,제주,1,GFS,100.0,40.0,15,60.0
2026-08-23 18:00:00,제주,1,KIM,80.0,40.0,15,40.0
2026-08-23 21:00:00,서울,4,나우캐스트,6.041182518005371,0.0,4,6.041182518005371
2026-08-23 21:00:00,서울,4,ECMWF,2.0,0.0,0,2.0
2026-08-23 21:00:00,서울,4,GFS,99.0,0.0,18,99.0
2026-08-23 21:00:00,서울,4,KIM,72.0,0.0,18,72.0
2026-08-23 21:00:00,대전,4,나우캐스트,6.357581615447998,50.0,4,43.642418384552
2026-08-23 21:00:00,대전,4,ECMWF,44.0,50.0,0,6.0
2026-08-23 21:00:00,대전,4,GFS,100.0,50.0,18,50.0
2026-08-23 21:00:00,대전,4,KIM,97.0,50.0,18,47.0
2026-08-23 21:00:00,대구,4,나우캐스트,6.304237842559815,0.0,4,6.304237842559815
2026-08-23 21:00:00,대구,4,ECMWF,14.0,0.0,0,14.0
2026-08-23 21:00:00,대구,4,GFS,95.0,0.0,18,95.0
2026-08-23 21:00:00,대구,4,KIM,100.0,0.0,18,100.0
2026-08-23 21:00:00,광주,4,나우캐스트,8.69861888885498,0.0,4,8.69861888885498
2026-08-23 21:00:00,광주,4,ECMWF,47.0,0.0,0,47.0
2026-08-23 21:00:00,광주,4,GFS,27.0,0.0,18,27.0
2026-08-23 21:00:00,광주,4,KIM,100.0,0.0,18,100.0
2026-08-23 21:00:00,부산,4,나우캐스트,43.5139274597168,60.0,4,16.486072540283203
2026-08-23 21:00:00,부산,4,ECMWF,98.0,60.0,0,38.0
2026-08-23 21:00:00,부산,4,GFS,60.0,60.0,18,0.0
2026-08-23 21:00:00,부산,4,KIM,100.0,60.0,18,40.0
2026-08-23 21:00:00,인천,4,나우캐스트,5.039459705352783,20.0,4,14.960540294647217
2026-08-23 21:00:00,인천,4,ECMWF,0.0,20.0,0,20.0
2026-08-23 21:00:00,인천,4,GFS,93.0,20.0,18,73.0
2026-08-23 21:00:00,인천,4,KIM,72.0,20.0,18,52.0
2026-08-23 21:00:00,수원,4,나우캐스트,6.371962070465088,20.0,4,13.628037929534912
2026-08-23 21:00:00,수원,4,ECMWF,4.0,20.0,0,16.0
2026-08-23 21:00:00,수원,4,GFS,100.0,20.0,18,80.0
2026-08-23 21:00:00,수원,4,KIM,89.0,20.0,18,69.0
2026-08-23 21:00:00,전주,4,나우캐스트,4.843577861785889,10.0,4,5.156422138214111
2026-08-23 21:00:00,전주,4,ECMWF,8.0,10.0,0,2.0
2026-08-23 21:00:00,전주,4,GFS,100.0,10.0,18,90.0
2026-08-23 21:00:00,전주,4,KIM,100.0,10.0,18,90.0
2026-08-23 21:00:00,강릉,4,나우캐스트,5.711728096008301,0.0,4,5.711728096008301
2026-08-23 21:00:00,강릉,4,ECMWF,98.0,0.0,0,98.0
2026-08-23 21:00:00,강릉,4,GFS,100.0,0.0,18,100.0
2026-08-23 21:00:00,강릉,4,KIM,83.0,0.0,18,83.0
2026-08-23 21:00:00,제주,4,나우캐스트,15.136502265930176,0.0,4,15.136502265930176
2026-08-23 21:00:00,제주,4,ECMWF,18.0,0.0,0,18.0
2026-08-23 21:00:00,제주,4,GFS,75.0,0.0,18,75.0
2026-08-23 21:00:00,제주,4,KIM,84.0,0.0,18,84.0
2026-08-23 21:00:00,서울,3,나우캐스트,18.475399017333984,0.0,3,18.475399017333984
2026-08-23 21:00:00,서울,3,ECMWF,2.0,0.0,0,2.0
2026-08-23 21:00:00,서울,3,GFS,99.0,0.0,18,99.0
2026-08-23 21:00:00,서울,3,KIM,72.0,0.0,18,72.0
2026-08-23 21:00:00,대전,3,나우캐스트,14.815435409545898,50.0,3,35.1845645904541
2026-08-23 21:00:00,대전,3,ECMWF,44.0,50.0,0,6.0
2026-08-23 21:00:00,대전,3,GFS,100.0,50.0,18,50.0
2026-08-23 21:00:00,대전,3,KIM,97.0,50.0,18,47.0
2026-08-23 21:00:00,대구,3,나우캐스트,8.155895233154297,0.0,3,8.155895233154297
2026-08-23 21:00:00,대구,3,ECMWF,14.0,0.0,0,14.0
2026-08-23 21:00:00,대구,3,GFS,95.0,0.0,18,95.0
2026-08-23 21:00:00,대구,3,KIM,100.0,0.0,18,100.0
2026-08-23 21:00:00,광주,3,나우캐스트,15.000751495361328,0.0,3,15.000751495361328
2026-08-23 21:00:00,광주,3,ECMWF,47.0,0.0,0,47.0
2026-08-23 21:00:00,광주,3,GFS,27.0,0.0,18,27.0
2026-08-23 21:00:00,광주,3,KIM,100.0,0.0,18,100.0
2026-08-23 21:00:00,부산,3,나우캐스트,42.88322448730469,60.0,3,17.116775512695312
2026-08-23 21:00:00,부산,3,ECMWF,98.0,60.0,0,38.0
2026-08-23 21:00:00,부산,3,GFS,60.0,60.0,18,0.0
2026-08-23 21:00:00,부산,3,KIM,100.0,60.0,18,40.0
2026-08-23 21:00:00,인천,3,나우캐스트,9.528505325317385,20.0,3,10.471494674682615
2026-08-23 21:00:00,인천,3,ECMWF,0.0,20.0,0,20.0
2026-08-23 21:00:00,인천,3,GFS,93.0,20.0,18,73.0
2026-08-23 21:00:00,인천,3,KIM,72.0,20.0,18,52.0
2026-08-23 21:00:00,수원,3,나우캐스트,10.712430953979492,20.0,3,9.287569046020508
2026-08-23 21:00:00,수원,3,ECMWF,4.0,20.0,0,16.0
2026-08-23 21:00:00,수원,3,GFS,100.0,20.0,18,80.0
2026-08-23 21:00:00,수원,3,KIM,89.0,20.0,18,69.0
2026-08-23 21:00:00,전주,3,나우캐스트,22.601795196533203,10.0,3,12.601795196533203
2026-08-23 21:00:00,전주,3,ECMWF,8.0,10.0,0,2.0
2026-08-23 21:00:00,전주,3,GFS,100.0,10.0,18,90.0
2026-08-23 21:00:00,전주,3,KIM,100.0,10.0,18,90.0
2026-08-23 21:00:00,강릉,3,나우캐스트,8.289859771728516,0.0,3,8.289859771728516
2026-08-23 21:00:00,강릉,3,ECMWF,98.0,0.0,0,98.0
2026-08-23 21:00:00,강릉,3,GFS,100.0,0.0,18,100.0
2026-08-23 21:00:00,강릉,3,KIM,83.0,0.0,18,83.0
2026-08-23 21:00:00,제주,3,나우캐스트,14.928888320922852,0.0,3,14.928888320922852
2026-08-23 21:00:00,제주,3,ECMWF,18.0,0.0,0,18.0
2026-08-23 21:00:00,제주,3,GFS,75.0,0.0,18,75.0
2026-08-23 21:00:00,제주,3,KIM,84.0,0.0,18,84.0
2026-08-24 00:00:00,서울,6,나우캐스트,19.032989501953125,0.0,6,19.032989501953125
2026-08-24 00:00:00,서울,6,ECMWF,1.0,0.0,3,1.0
2026-08-24 00:00:00,서울,6,GFS,96.0,0.0,21,96.0
2026-08-24 00:00:00,서울,6,KIM,52.0,0.0,21,52.0
2026-08-24 00:00:00,대전,6,나우캐스트,9.627036094665527,0.0,6,9.627036094665527
2026-08-24 00:00:00,대전,6,ECMWF,76.0,0.0,3,76.0
2026-08-24 00:00:00,대전,6,GFS,37.0,0.0,21,37.0
2026-08-24 00:00:00,대전,6,KIM,99.0,0.0,21,99.0
2026-08-24 00:00:00,대구,6,나우캐스트,5.068264961242676,0.0,6,5.068264961242676
2026-08-24 00:00:00,대구,6,ECMWF,1.0,0.0,3,1.0
2026-08-24 00:00:00,대구,6,GFS,22.0,0.0,21,22.0
2026-08-24 00:00:00,대구,6,KIM,99.0,0.0,21,99.0
2026-08-24 00:00:00,광주,6,나우캐스트,4.930410385131836,0.0,6,4.930410385131836
2026-08-24 00:00:00,광주,6,ECMWF,2.0,0.0,3,2.0
2026-08-24 00:00:00,광주,6,GFS,85.0,0.0,21,85.0
2026-08-24 00:00:00,광주,6,KIM,100.0,0.0,21,100.0
2026-08-24 00:00:00,부산,6,나우캐스트,7.861762046813965,10.0,6,2.138237953186035
2026-08-24 00:00:00,부산,6,ECMWF,58.0,10.0,3,48.0
2026-08-24 00:00:00,부산,6,GFS,30.0,10.0,21,20.0
2026-08-24 00:00:00,부산,6,KIM,100.0,10.0,21,90.0
2026-08-24 00:00:00,인천,6,나우캐스트,17.07719612121582,0.0,6,17.07719612121582
2026-08-24 00:00:00,인천,6,ECMWF,1.0,0.0,3,1.0
2026-08-24 00:00:00,인천,6,GFS,90.0,0.0,21,90.0
2026-08-24 00:00:00,인천,6,KIM,67.0,0.0,21,67.0
2026-08-24 00:00:00,수원,6,나우캐스트,10.768915176391602,0.0,6,10.768915176391602
2026-08-24 00:00:00,수원,6,ECMWF,2.0,0.0,3,2.0
2026-08-24 00:00:00,수원,6,GFS,94.0,0.0,21,94.0
2026-08-24 00:00:00,수원,6,KIM,93.0,0.0,21,93.0
2026-08-24 00:00:00,전주,6,나우캐스트,9.810444831848145,0.0,6,9.810444831848145
2026-08-24 00:00:00,전주,6,ECMWF,41.0,0.0,3,41.0
2026-08-24 00:00:00,전주,6,GFS,17.0,0.0,21,17.0
2026-08-24 00:00:00,전주,6,KIM,100.0,0.0,21,100.0
2026-08-24 00:00:00,강릉,6,나우캐스트,7.242549896240234,0.0,6,7.242549896240234
2026-08-24 00:00:00,강릉,6,ECMWF,2.0,0.0,3,2.0
2026-08-24 00:00:00,강릉,6,GFS,65.0,0.0,21,65.0
2026-08-24 00:00:00,강릉,6,KIM,21.0,0.0,21,21.0
2026-08-24 00:00:00,제주,6,나우캐스트,7.920641422271728,0.0,6,7.920641422271728
2026-08-24 00:00:00,제주,6,ECMWF,38.0,0.0,3,38.0
2026-08-24 00:00:00,제주,6,GFS,89.0,0.0,21,89.0
2026-08-24 00:00:00,제주,6,KIM,89.0,0.0,21,89.0
2026-08-23 21:00:00,서울,2,나우캐스트,8.890581130981445,0.0,2,8.890581130981445
2026-08-23 21:00:00,서울,2,ECMWF,2.0,0.0,0,2.0
2026-08-23 21:00:00,서울,2,GFS,99.0,0.0,18,99.0
2026-08-23 21:00:00,서울,2,KIM,72.0,0.0,18,72.0
2026-08-23 21:00:00,대전,2,나우캐스트,4.508664608001709,50.0,2,45.49133539199829
2026-08-23 21:00:00,대전,2,ECMWF,44.0,50.0,0,6.0
2026-08-23 21:00:00,대전,2,GFS,100.0,50.0,18,50.0
2026-08-23 21:00:00,대전,2,KIM,97.0,50.0,18,47.0
2026-08-23 21:00:00,대구,2,나우캐스트,3.752589464187622,0.0,2,3.752589464187622
2026-08-23 21:00:00,대구,2,ECMWF,14.0,0.0,0,14.0
2026-08-23 21:00:00,대구,2,GFS,95.0,0.0,18,95.0
2026-08-23 21:00:00,대구,2,KIM,100.0,0.0,18,100.0
2026-08-23 21:00:00,광주,2,나우캐스트,8.213391304016113,0.0,2,8.213391304016113
2026-08-23 21:00:00,광주,2,ECMWF,47.0,0.0,0,47.0
2026-08-23 21:00:00,광주,2,GFS,27.0,0.0,18,27.0
2026-08-23 21:00:00,광주,2,KIM,100.0,0.0,18,100.0
2026-08-23 21:00:00,부산,2,나우캐스트,26.31578826904297,60.0,2,33.68421173095703
2026-08-23 21:00:00,부산,2,ECMWF,98.0,60.0,0,38.0
2026-08-23 21:00:00,부산,2,GFS,60.0,60.0,18,0.0
2026-08-23 21:00:00,부산,2,KIM,100.0,60.0,18,40.0
2026-08-23 21:00:00,인천,2,나우캐스트,9.32154655456543,20.0,2,10.67845344543457
2026-08-23 21:00:00,인천,2,ECMWF,0.0,20.0,0,20.0
2026-08-23 21:00:00,인천,2,GFS,93.0,20.0,18,73.0
2026-08-23 21:00:00,인천,2,KIM,72.0,20.0,18,52.0
2026-08-23 21:00:00,수원,2,나우캐스트,7.33832311630249,20.0,2,12.66167688369751
2026-08-23 21:00:00,수원,2,ECMWF,4.0,20.0,0,16.0
2026-08-23 21:00:00,수원,2,GFS,100.0,20.0,18,80.0
2026-08-23 21:00:00,수원,2,KIM,89.0,20.0,18,69.0
2026-08-23 21:00:00,전주,2,나우캐스트,9.425566673278809,10.0,2,0.5744333267211914
2026-08-23 21:00:00,전주,2,ECMWF,8.0,10.0,0,2.0
2026-08-23 21:00:00,전주,2,GFS,100.0,10.0,18,90.0
2026-08-23 21:00:00,전주,2,KIM,100.0,10.0,18,90.0
2026-08-23 21:00:00,강릉,2,나우캐스트,6.539111137390137,0.0,2,6.539111137390137
2026-08-23 21:00:00,강릉,2,ECMWF,98.0,0.0,0,98.0
2026-08-23 21:00:00,강릉,2,GFS,100.0,0.0,18,100.0
2026-08-23 21:00:00,강릉,2,KIM,83.0,0.0,18,83.0
2026-08-23 21:00:00,제주,2,나우캐스트,1.970909595489502,0.0,2,1.970909595489502
2026-08-23 21:00:00,제주,2,ECMWF,18.0,0.0,0,18.0
2026-08-23 21:00:00,제주,2,GFS,75.0,0.0,18,75.0
2026-08-23 21:00:00,제주,2,KIM,84.0,0.0,18,84.0
2026-08-24 00:00:00,서울,5,나우캐스트,27.06356239318848,0.0,5,27.06356239318848
2026-08-24 00:00:00,서울,5,ECMWF,1.0,0.0,3,1.0
2026-08-24 00:00:00,서울,5,GFS,96.0,0.0,21,96.0
2026-08-24 00:00:00,서울,5,KIM,52.0,0.0,21,52.0
2026-08-24 00:00:00,대전,5,나우캐스트,6.874818801879883,0.0,5,6.874818801879883
2026-08-24 00:00:00,대전,5,ECMWF,76.0,0.0,3,76.0
2026-08-24 00:00:00,대전,5,GFS,37.0,0.0,21,37.0
2026-08-24 00:00:00,대전,5,KIM,99.0,0.0,21,99.0
2026-08-24 00:00:00,대구,5,나우캐스트,5.191956520080566,0.0,5,5.191956520080566
2026-08-24 00:00:00,대구,5,ECMWF,1.0,0.0,3,1.0
2026-08-24 00:00:00,대구,5,GFS,22.0,0.0,21,22.0
2026-08-24 00:00:00,대구,5,KIM,99.0,0.0,21,99.0
2026-08-24 00:00:00,광주,5,나우캐스트,6.68402099609375,0.0,5,6.68402099609375
2026-08-24 00:00:00,광주,5,ECMWF,2.0,0.0,3,2.0
2026-08-24 00:00:00,광주,5,GFS,85.0,0.0,21,85.0
2026-08-24 00:00:00,광주,5,KIM,100.0,0.0,21,100.0
2026-08-24 00:00:00,부산,5,나우캐스트,15.407674789428713,10.0,5,5.407674789428711
2026-08-24 00:00:00,부산,5,ECMWF,58.0,10.0,3,48.0
2026-08-24 00:00:00,부산,5,GFS,30.0,10.0,21,20.0
2026-08-24 00:00:00,부산,5,KIM,100.0,10.0,21,90.0
2026-08-24 00:00:00,인천,5,나우캐스트,31.522741317749023,0.0,5,31.522741317749023
2026-08-24 00:00:00,인천,5,ECMWF,1.0,0.0,3,1.0
2026-08-24 00:00:00,인천,5,GFS,90.0,0.0,21,90.0
2026-08-24 00:00:00,인천,5,KIM,67.0,0.0,21,67.0
2026-08-24 00:00:00,수원,5,나우캐스트,29.660768508911133,0.0,5,29.660768508911133
2026-08-24 00:00:00,수원,5,ECMWF,2.0,0.0,3,2.0
2026-08-24 00:00:00,수원,5,GFS,94.0,0.0,21,94.0
2026-08-24 00:00:00,수원,5,KIM,93.0,0.0,21,93.0
2026-08-24 00:00:00,전주,5,나우캐스트,8.696239471435547,0.0,5,8.696239471435547
2026-08-24 00:00:00,전주,5,ECMWF,41.0,0.0,3,41.0
2026-08-24 00:00:00,전주,5,GFS,17.0,0.0,21,17.0
2026-08-24 00:00:00,전주,5,KIM,100.0,0.0,21,100.0
2026-08-24 00:00:00,강릉,5,나우캐스트,6.706732273101807,0.0,5,6.706732273101807
2026-08-24 00:00:00,강릉,5,ECMWF,2.0,0.0,3,2.0
2026-08-24 00:00:00,강릉,5,GFS,65.0,0.0,21,65.0
2026-08-24 00:00:00,강릉,5,KIM,21.0,0.0,21,21.0
2026-08-24 00:00:00,제주,5,나우캐스트,2.9900755882263184,0.0,5,2.9900755882263184
2026-08-24 00:00:00,제주,5,ECMWF,38.0,0.0,3,38.0
2026-08-24 00:00:00,제주,5,GFS,89.0,0.0,21,89.0
2026-08-24 00:00:00,제주,5,KIM,89.0,0.0,21,89.0
2026-08-23 21:00:00,서울,1,나우캐스트,2.0057265758514404,0.0,1,2.0057265758514404
2026-08-23 21:00:00,서울,1,ECMWF,2.0,0.0,0,2.0
2026-08-23 21:00:00,서울,1,GFS,99.0,0.0,18,99.0
2026-08-23 21:00:00,서울,1,KIM,72.0,0.0,18,72.0
2026-08-23 21:00:00,대전,1,나우캐스트,13.13835906982422,50.0,1,36.86164093017578
2026-08-23 21:00:00,대전,1,ECMWF,44.0,50.0,0,6.0
2026-08-23 21:00:00,대전,1,GFS,100.0,50.0,18,50.0
2026-08-23 21:00:00,대전,1,KIM,97.0,50.0,18,47.0
2026-08-23 21:00:00,대구,1,나우캐스트,0.5263074040412903,0.0,1,0.5263074040412903
2026-08-23 21:00:00,대구,1,ECMWF,14.0,0.0,0,14.0
2026-08-23 21:00:00,대구,1,GFS,95.0,0.0,18,95.0
2026-08-23 21:00:00,대구,1,KIM,100.0,0.0,18,100.0
2026-08-23 21:00:00,광주,1,나우캐스트,4.004580497741699,0.0,1,4.004580497741699
2026-08-23 21:00:00,광주,1,ECMWF,47.0,0.0,0,47.0
2026-08-23 21:00:00,광주,1,GFS,27.0,0.0,18,27.0
2026-08-23 21:00:00,광주,1,KIM,100.0,0.0,18,100.0
2026-08-23 21:00:00,부산,1,나우캐스트,41.71723937988281,60.0,1,18.282760620117188
2026-08-23 21:00:00,부산,1,ECMWF,98.0,60.0,0,38.0
2026-08-23 21:00:00,부산,1,GFS,60.0,60.0,18,0.0
2026-08-23 21:00:00,부산,1,KIM,100.0,60.0,18,40.0
2026-08-23 21:00:00,인천,1,나우캐스트,1.1128607988357544,20.0,1,18.88713920116425
2026-08-23 21:00:00,인천,1,ECMWF,0.0,20.0,0,20.0
2026-08-23 21:00:00,인천,1,GFS,93.0,20.0,18,73.0
2026-08-23 21:00:00,인천,1,KIM,72.0,20.0,18,52.0
2026-08-23 21:00:00,수원,1,나우캐스트,6.00287389755249,20.0,1,13.99712610244751
2026-08-23 21:00:00,수원,1,ECMWF,4.0,20.0,0,16.0
2026-08-23 21:00:00,수원,1,GFS,100.0,20.0,18,80.0
2026-08-23 21:00:00,수원,1,KIM,89.0,20.0,18,69.0
2026-08-23 21:00:00,전주,1,나우캐스트,11.675904273986816,10.0,1,1.6759042739868164
2026-08-23 21:00:00,전주,1,ECMWF,8.0,10.0,0,2.0
2026-08-23 21:00:00,전주,1,GFS,100.0,10.0,18,90.0
2026-08-23 21:00:00,전주,1,KIM,100.0,10.0,18,90.0
2026-08-23 21:00:00,강릉,1,나우캐스트,30.48798179626465,0.0,1,30.48798179626465
2026-08-23 21:00:00,강릉,1,ECMWF,98.0,0.0,0,98.0
2026-08-23 21:00:00,강릉,1,GFS,100.0,0.0,18,100.0
2026-08-23 21:00:00,강릉,1,KIM,83.0,0.0,18,83.0
2026-08-23 21:00:00,제주,1,나우캐스트,2.3736400604248047,0.0,1,2.3736400604248047
2026-08-23 21:00:00,제주,1,ECMWF,18.0,0.0,0,18.0
2026-08-23 21:00:00,제주,1,GFS,75.0,0.0,18,75.0
2026-08-23 21:00:00,제주,1,KIM,84.0,0.0,18,84.0
2026-08-24 00:00:00,서울,4,나우캐스트,11.979887008666992,0.0,4,11.979887008666992
2026-08-24 00:00:00,서울,4,ECMWF,1.0,0.0,3,1.0
2026-08-24 00:00:00,서울,4,GFS,96.0,0.0,21,96.0
2026-08-24 00:00:00,서울,4,KIM,52.0,0.0,21,52.0
2026-08-24 00:00:00,대전,4,나우캐스트,11.108528137207031,0.0,4,11.108528137207031
2026-08-24 00:00:00,대전,4,ECMWF,76.0,0.0,3,76.0
2026-08-24 00:00:00,대전,4,GFS,37.0,0.0,21,37.0
2026-08-24 00:00:00,대전,4,KIM,99.0,0.0,21,99.0
2026-08-24 00:00:00,대구,4,나우캐스트,2.010240077972412,0.0,4,2.010240077972412
2026-08-24 00:00:00,대구,4,ECMWF,1.0,0.0,3,1.0
2026-08-24 00:00:00,대구,4,GFS,22.0,0.0,21,22.0
2026-08-24 00:00:00,대구,4,KIM,99.0,0.0,21,99.0
2026-08-24 00:00:00,광주,4,나우캐스트,2.696038722991944,0.0,4,2.696038722991944
2026-08-24 00:00:00,광주,4,ECMWF,2.0,0.0,3,2.0
2026-08-24 00:00:00,광주,4,GFS,85.0,0.0,21,85.0
2026-08-24 00:00:00,광주,4,KIM,100.0,0.0,21,100.0
2026-08-24 00:00:00,부산,4,나우캐스트,12.317437171936035,10.0,4,2.317437171936035
2026-08-24 00:00:00,부산,4,ECMWF,58.0,10.0,3,48.0
2026-08-24 00:00:00,부산,4,GFS,30.0,10.0,21,20.0
2026-08-24 00:00:00,부산,4,KIM,100.0,10.0,21,90.0
2026-08-24 00:00:00,인천,4,나우캐스트,18.19369125366211,0.0,4,18.19369125366211
2026-08-24 00:00:00,인천,4,ECMWF,1.0,0.0,3,1.0
2026-08-24 00:00:00,인천,4,GFS,90.0,0.0,21,90.0
2026-08-24 00:00:00,인천,4,KIM,67.0,0.0,21,67.0
2026-08-24 00:00:00,수원,4,나우캐스트,16.44272232055664,0.0,4,16.44272232055664
2026-08-24 00:00:00,수원,4,ECMWF,2.0,0.0,3,2.0
2026-08-24 00:00:00,수원,4,GFS,94.0,0.0,21,94.0
2026-08-24 00:00:00,수원,4,KIM,93.0,0.0,21,93.0
2026-08-24 00:00:00,전주,4,나우캐스트,10.043485641479492,0.0,4,10.043485641479492
2026-08-24 00:00:00,전주,4,ECMWF,41.0,0.0,3,41.0
2026-08-24 00:00:00,전주,4,GFS,17.0,0.0,21,17.0
2026-08-24 00:00:00,전주,4,KIM,100.0,0.0,21,100.0
2026-08-24 00:00:00,강릉,4,나우캐스트,3.952437400817871,0.0,4,3.952437400817871
2026-08-24 00:00:00,강릉,4,ECMWF,2.0,0.0,3,2.0
2026-08-24 00:00:00,강릉,4,GFS,65.0,0.0,21,65.0
2026-08-24 00:00:00,강릉,4,KIM,21.0,0.0,21,21.0
2026-08-24 00:00:00,제주,4,나우캐스트,2.160248279571533,0.0,4,2.160248279571533
2026-08-24 00:00:00,제주,4,ECMWF,38.0,0.0,3,38.0
2026-08-24 00:00:00,제주,4,GFS,89.0,0.0,21,89.0
2026-08-24 00:00:00,제주,4,KIM,89.0,0.0,21,89.0
2026-08-24 00:00:00,서울,3,나우캐스트,5.981520175933838,0.0,3,5.981520175933838
2026-08-24 00:00:00,서울,3,ECMWF,1.0,0.0,3,1.0
2026-08-24 00:00:00,서울,3,GFS,96.0,0.0,21,96.0
2026-08-24 00:00:00,서울,3,KIM,52.0,0.0,21,52.0
2026-08-24 00:00:00,대전,3,나우캐스트,13.600661277770996,0.0,3,13.600661277770996
2026-08-24 00:00:00,대전,3,ECMWF,76.0,0.0,3,76.0
2026-08-24 00:00:00,대전,3,GFS,37.0,0.0,21,37.0
2026-08-24 00:00:00,대전,3,KIM,99.0,0.0,21,99.0
2026-08-24 00:00:00,대구,3,나우캐스트,1.3638088703155518,0.0,3,1.3638088703155518
2026-08-24 00:00:00,대구,3,ECMWF,1.0,0.0,3,1.0
2026-08-24 00:00:00,대구,3,GFS,22.0,0.0,21,22.0
2026-08-24 00:00:00,대구,3,KIM,99.0,0.0,21,99.0
2026-08-24 00:00:00,광주,3,나우캐스트,3.738809108734131,0.0,3,3.738809108734131
2026-08-24 00:00:00,광주,3,ECMWF,2.0,0.0,3,2.0
2026-08-24 00:00:00,광주,3,GFS,85.0,0.0,21,85.0
2026-08-24 00:00:00,광주,3,KIM,100.0,0.0,21,100.0
2026-08-24 00:00:00,부산,3,나우캐스트,5.79108476638794,10.0,3,4.2089152336120605
2026-08-24 00:00:00,부산,3,ECMWF,58.0,10.0,3,48.0
2026-08-24 00:00:00,부산,3,GFS,30.0,10.0,21,20.0
2026-08-24 00:00:00,부산,3,KIM,100.0,10.0,21,90.0
2026-08-24 00:00:00,인천,3,나우캐스트,7.175786972045898,0.0,3,7.175786972045898
2026-08-24 00:00:00,인천,3,ECMWF,1.0,0.0,3,1.0
2026-08-24 00:00:00,인천,3,GFS,90.0,0.0,21,90.0
2026-08-24 00:00:00,인천,3,KIM,67.0,0.0,21,67.0
2026-08-24 00:00:00,수원,3,나우캐스트,10.51474666595459,0.0,3,10.51474666595459
2026-08-24 00:00:00,수원,3,ECMWF,2.0,0.0,3,2.0
2026-08-24 00:00:00,수원,3,GFS,94.0,0.0,21,94.0
2026-08-24 00:00:00,수원,3,KIM,93.0,0.0,21,93.0
2026-08-24 00:00:00,전주,3,나우캐스트,20.8150691986084,0.0,3,20.8150691986084
2026-08-24 00:00:00,전주,3,ECMWF,41.0,0.0,3,41.0
2026-08-24 00:00:00,전주,3,GFS,17.0,0.0,21,17.0
2026-08-24 00:00:00,전주,3,KIM,100.0,0.0,21,100.0
2026-08-24 00:00:00,강릉,3,나우캐스트,2.0879976749420166,0.0,3,2.0879976749420166
2026-08-24 00:00:00,강릉,3,ECMWF,2.0,0.0,3,2.0
2026-08-24 00:00:00,강릉,3,GFS,65.0,0.0,21,65.0
2026-08-24 00:00:00,강릉,3,KIM,21.0,0.0,21,21.0
2026-08-24 00:00:00,제주,3,나우캐스트,5.462680339813232,0.0,3,5.462680339813232
2026-08-24 00:00:00,제주,3,ECMWF,38.0,0.0,3,38.0
2026-08-24 00:00:00,제주,3,GFS,89.0,0.0,21,89.0
2026-08-24 00:00:00,제주,3,KIM,89.0,0.0,21,89.0
2026-08-24 00:00:00,서울,2,나우캐스트,5.845949172973633,0.0,2,5.845949172973633
2026-08-24 00:00:00,서울,2,ECMWF,1.0,0.0,3,1.0
2026-08-24 00:00:00,서울,2,GFS,96.0,0.0,21,96.0
2026-08-24 00:00:00,서울,2,KIM,52.0,0.0,21,52.0
2026-08-24 00:00:00,대전,2,나우캐스트,18.470468521118164,0.0,2,18.470468521118164
2026-08-24 00:00:00,대전,2,ECMWF,76.0,0.0,3,76.0
2026-08-24 00:00:00,대전,2,GFS,37.0,0.0,21,37.0
2026-08-24 00:00:00,대전,2,KIM,99.0,0.0,21,99.0
2026-08-24 00:00:00,대구,2,나우캐스트,3.0967464447021484,0.0,2,3.0967464447021484
2026-08-24 00:00:00,대구,2,ECMWF,1.0,0.0,3,1.0
2026-08-24 00:00:00,대구,2,GFS,22.0,0.0,21,22.0
2026-08-24 00:00:00,대구,2,KIM,99.0,0.0,21,99.0
2026-08-24 00:00:00,광주,2,나우캐스트,2.1462290287017822,0.0,2,2.1462290287017822
2026-08-24 00:00:00,광주,2,ECMWF,2.0,0.0,3,2.0
2026-08-24 00:00:00,광주,2,GFS,85.0,0.0,21,85.0
2026-08-24 00:00:00,광주,2,KIM,100.0,0.0,21,100.0
2026-08-24 00:00:00,부산,2,나우캐스트,31.919734954833984,10.0,2,21.919734954833984
2026-08-24 00:00:00,부산,2,ECMWF,58.0,10.0,3,48.0
2026-08-24 00:00:00,부산,2,GFS,30.0,10.0,21,20.0
2026-08-24 00:00:00,부산,2,KIM,100.0,10.0,21,90.0
2026-08-24 00:00:00,인천,2,나우캐스트,8.91527271270752,0.0,2,8.91527271270752
2026-08-24 00:00:00,인천,2,ECMWF,1.0,0.0,3,1.0
2026-08-24 00:00:00,인천,2,GFS,90.0,0.0,21,90.0
2026-08-24 00:00:00,인천,2,KIM,67.0,0.0,21,67.0
2026-08-24 00:00:00,수원,2,나우캐스트,22.1123046875,0.0,2,22.1123046875
2026-08-24 00:00:00,수원,2,ECMWF,2.0,0.0,3,2.0
2026-08-24 00:00:00,수원,2,GFS,94.0,0.0,21,94.0
2026-08-24 00:00:00,수원,2,KIM,93.0,0.0,21,93.0
2026-08-24 00:00:00,전주,2,나우캐스트,20.30591583251953,0.0,2,20.30591583251953
2026-08-24 00:00:00,전주,2,ECMWF,41.0,0.0,3,41.0
2026-08-24 00:00:00,전주,2,GFS,17.0,0.0,21,17.0
2026-08-24 00:00:00,전주,2,KIM,100.0,0.0,21,100.0
2026-08-24 00:00:00,강릉,2,나우캐스트,4.104743957519531,0.0,2,4.104743957519531
2026-08-24 00:00:00,강릉,2,ECMWF,2.0,0.0,3,2.0
2026-08-24 00:00:00,강릉,2,GFS,65.0,0.0,21,65.0
2026-08-24 00:00:00,강릉,2,KIM,21.0,0.0,21,21.0
2026-08-24 00:00:00,제주,2,나우캐스트,7.935059547424316,0.0,2,7.935059547424316
2026-08-24 00:00:00,제주,2,ECMWF,38.0,0.0,3,38.0
2026-08-24 00:00:00,제주,2,GFS,89.0,0.0,21,89.0
2026-08-24 00:00:00,제주,2,KIM,89.0,0.0,21,89.0
2026-08-24 00:00:00,서울,1,나우캐스트,2.9061026573181152,0.0,1,2.9061026573181152
2026-08-24 00:00:00,서울,1,ECMWF,1.0,0.0,3,1.0
2026-08-24 00:00:00,서울,1,GFS,96.0,0.0,21,96.0
2026-08-24 00:00:00,서울,1,KIM,52.0,0.0,21,52.0
2026-08-24 00:00:00,대전,1,나우캐스트,14.928594589233398,0.0,1,14.928594589233398
2026-08-24 00:00:00,대전,1,ECMWF,76.0,0.0,3,76.0
2026-08-24 00:00:00,대전,1,GFS,37.0,0.0,21,37.0
2026-08-24 00:00:00,대전,1,KIM,99.0,0.0,21,99.0
2026-08-24 00:00:00,대구,1,나우캐스트,0.8375833034515381,0.0,1,0.8375833034515381
2026-08-24 00:00:00,대구,1,ECMWF,1.0,0.0,3,1.0
2026-08-24 00:00:00,대구,1,GFS,22.0,0.0,21,22.0
2026-08-24 00:00:00,대구,1,KIM,99.0,0.0,21,99.0
2026-08-24 00:00:00,광주,1,나우캐스트,0.8134721517562866,0.0,1,0.8134721517562866
2026-08-24 00:00:00,광주,1,ECMWF,2.0,0.0,3,2.0
2026-08-24 00:00:00,광주,1,GFS,85.0,0.0,21,85.0
2026-08-24 00:00:00,광주,1,KIM,100.0,0.0,21,100.0
2026-08-24 00:00:00,부산,1,나우캐스트,36.79374313354492,10.0,1,26.79374313354492
2026-08-24 00:00:00,부산,1,ECMWF,58.0,10.0,3,48.0
2026-08-24 00:00:00,부산,1,GFS,30.0,10.0,21,20.0
2026-08-24 00:00:00,부산,1,KIM,100.0,10.0,21,90.0
2026-08-24 00:00:00,인천,1,나우캐스트,2.620758295059204,0.0,1,2.620758295059204
2026-08-24 00:00:00,인천,1,ECMWF,1.0,0.0,3,1.0
2026-08-24 00:00:00,인천,1,GFS,90.0,0.0,21,90.0
2026-08-24 00:00:00,인천,1,KIM,67.0,0.0,21,67.0
2026-08-24 00:00:00,수원,1,나우캐스트,11.973956108093262,0.0,1,11.973956108093262
2026-08-24 00:00:00,수원,1,ECMWF,2.0,0.0,3,2.0
2026-08-24 00:00:00,수원,1,GFS,94.0,0.0,21,94.0
2026-08-24 00:00:00,수원,1,KIM,93.0,0.0,21,93.0
2026-08-24 00:00:00,전주,1,나우캐스트,52.69166564941406,0.0,1,52.69166564941406
2026-08-24 00:00:00,전주,1,ECMWF,41.0,0.0,3,41.0
2026-08-24 00:00:00,전주,1,GFS,17.0,0.0,21,17.0
2026-08-24 00:00:00,전주,1,KIM,100.0,0.0,21,100.0
2026-08-24 00:00:00,강릉,1,나우캐스트,9.856472969055176,0.0,1,9.856472969055176
2026-08-24 00:00:00,강릉,1,ECMWF,2.0,0.0,3,2.0
2026-08-24 00:00:00,강릉,1,GFS,65.0,0.0,21,65.0
2026-08-24 00:00:00,강릉,1,KIM,21.0,0.0,21,21.0
2026-08-24 00:00:00,제주,1,나우캐스트,5.83925724029541,0.0,1,5.83925724029541
2026-08-24 00:00:00,제주,1,ECMWF,38.0,0.0,3,38.0
2026-08-24 00:00:00,제주,1,GFS,89.0,0.0,21,89.0
2026-08-24 00:00:00,제주,1,KIM,89.0,0.0,21,89.0
